Timestamp,  HWP2 Pump Speed Status,  Building HHW Loop HHW Return Temp,  Building HHW Loop HHW Supply Flow,  Building HHW Loop HHW Supply Temp,  AHU1A Cooling Valve Cmd,  AHU1A Heating Valve Cmd,  AHU1A Outside Air Temp,  AHU1A Return Air Fan Command (C),  AHU1A Supply Air Fan Command (C), AHU1B Cooling Valve Cmd, AHU1B Heating Valve Cmd, AHU1B Outside Air Temp, AHU1B Return Air Fan Command (C), AHU1B Supply Air Fan Command (C), AHU2A Cooling Valve Cmd, AHU2A Heating Valve Cmd, AHU2A Outside Air Temp, AHU2A Return Air Fan Command (C), AHU2A Supply Air Fan Command (C), AHU2B Cooling Valve Cmd, AHU2B Heating Valve Cmd, AHU2B Outside Air Temp, AHU2B Return Air Fan Command (C), AHU2B Supply Air Fan Command (C), AHU3A Cooling Valve Cmd, AHU3A Heating Valve Cmd, AHU3A Outside Air Temp, AHU3A Return Air Fan Command (C), AHU3A Supply Air Fan Command (C), AHU3B Cooling Valve Cmd, AHU3B Heating Valve Cmd, AHU3B Outside Air Temp, AHU3B Return Air Fan Command (C), AHU3B Supply Air Fan Command (C), AHU4A Cooling Valve Cmd, AHU4A Heating Valve Cmd, AHU4A Outside Air Temp, AHU4A Return Air Fan Command (C), AHU4A Supply Air Fan Command (C), AHU4B Cooling Valve Cmd, AHU4B Heating Valve Cmd, AHU4B Outside Air Temp, AHU4B Return Air Fan Command (C), AHU4B Supply Air Fan Command (C), AHU5A Cooling Valve Cmd, AHU5A Heating Valve Cmd, AHU5A Outside Air Temp, AHU5A Return Air Fan Command (C), AHU5A Supply Air Fan Command (C), AHU5B Cooling Valve Cmd, AHU5B Heating Valve Cmd, AHU5B Outside Air Temp, AHU5B Return Air Fan Command (C), AHU5B Supply Air Fan Command (C), AHU6A Cooling Valve Cmd, AHU6A Heating Valve Cmd, AHU6A Outside Air Temp, AHU6A Return Air Fan Command (C), AHU6A Supply Air Fan Command (C), CHWP1 Pump Speed Status, CHWP2 Pump Speed Status, HWP1 Pump Speed Status, N4-CHW-MTR: Main Usage (kBTU), N4-HHW-MTR: Main Usage (kBTU), Tertiary CHW Loop CHW Return Temp, Tertiary CHW Loop CHW Supply Flow, Tertiary CHW Loop CHW Supply Temp, Total Electric Demand (C), Total Electric Usage (C), Total Natural Gas Usage (C)
2019-04-03 12:45:00,,,,,,,,,,,,,,,,,,,,,,,,,,,,,,,,,,,,,,,,,,,,,,,,,,,,,,,,,,,,,,,,,,,,,,
2019-08-08 11:45:00,0.04999999701976776,,,,,,,,,,,,,,,,,,,,,,,,,,,,,,,,,,,,,,,,,,,,,,,,,,,,,,,,,,,,,85.51000213623047,,,,,,,,
2021-07-31 23:45:00,,,,,36.06999969482422,0.0,70.84400177001953,True,True,79.83000183105469,0.0,74.31800079345703,True,True,44.52000045776367,0.0,75.18199920654297,True,True,52.630001068115234,0.0,83.947998046875,True,True,37.779998779296875,0.0,73.50800323486328,True,True,40.099998474121094,0.0,71.58200073242188,True,True,37.77000045776367,0.0,68.48600006103516,True,True,44.97999954223633,0.0,75.36199951171875,True,True,34.619998931884766,0.0,74.73200225830078,True,True,37.47999954223633,0.0,76.42400360107422,True,True,39.470001220703125,0.0,67.20800018310547,True,True,-25.0,69.31999969482422,,,,45.75199890136719,210.0019989013672,45.91400146484375,144.0,36.0,
2021-08-01 00:00:00,,,,,31.649999618530273,0.0,70.5739974975586,True,True,89.13999938964844,0.0,74.22799682617188,True,True,52.65999984741211,0.0,75.18199920654297,True,True,59.630001068115234,0.0,83.75,True,True,40.11000061035156,0.0,73.41799926757812,True,True,46.41999816894531,0.0,71.52799987792969,True,True,38.0099983215332,0.0,68.3239974975586,True,True,44.02000045776367,0.0,75.29000091552734,True,True,34.59000015258789,0.0,74.75,True,True,43.40999984741211,0.0,76.38800048828125,True,True,39.790000915527344,0.0,66.99199676513672,True,True,-25.0,70.76000213623047,,,,45.104000091552734,210.0019989013672,45.77000045776367,136.0,34.0,
2021-08-01 00:15:00,,,,,39.34000015258789,0.0,70.79000091552734,True,True,99.83000183105469,0.0,74.37200164794922,True,True,52.599998474121094,0.0,75.21800231933594,True,True,58.689998626708984,0.0,83.40799713134766,True,True,37.959999084472656,0.0,73.34600067138672,True,True,43.099998474121094,0.0,70.97000122070312,True,True,39.689998626708984,0.0,68.05400085449219,True,True,49.220001220703125,0.0,75.30799865722656,True,True,39.959999084472656,0.0,74.6780014038086,True,True,42.56999969482422,0.0,76.31600189208984,True,True,40.4900016784668,0.0,66.66799926757812,True,True,-25.0,70.31999969482422,,,,42.90800094604492,210.0019989013672,43.30400085449219,144.0,36.0,
2021-08-01 00:30:00,,,,,38.25,0.0,70.46600341796875,True,True,95.88999938964844,0.0,74.37200164794922,True,True,50.43000030517578,0.0,75.16400146484375,True,True,54.779998779296875,0.0,83.02999877929688,True,True,37.77000045776367,0.0,73.43599700927734,True,True,44.130001068115234,0.0,71.13200378417969,True,True,44.619998931884766,0.0,67.802001953125,True,True,49.91999816894531,0.0,75.25399780273438,True,True,40.68000030517578,0.0,74.64199829101562,True,True,37.45000076293945,0.0,76.24400329589844,True,True,41.88999938964844,0.0,66.32599639892578,True,True,-25.0,69.31999969482422,,,,43.01599884033203,210.0019989013672,43.59199905395508,144.0,36.0,
2021-08-01 00:45:00,,,,,38.66999816894531,0.0,70.41200256347656,True,True,88.81999969482422,0.0,74.37200164794922,True,True,49.88999938964844,0.0,75.19999694824219,True,True,54.060001373291016,0.0,84.48799896240234,True,True,37.400001525878906,0.0,73.4000015258789,True,True,37.4900016784668,0.0,71.02400207519531,True,True,41.93000030517578,0.0,67.56800079345703,True,True,50.45000076293945,0.0,75.23600006103516,True,True,38.90999984741211,0.0,74.6780014038086,True,True,39.029998779296875,0.0,76.35199737548828,True,True,40.880001068115234,0.0,66.14600372314453,True,True,-25.0,68.33999633789062,,,,42.54800033569336,210.0019989013672,43.051998138427734,144.0,36.0,
2021-08-01 01:00:00,,,,,35.709999084472656,0.0,67.76599884033203,True,True,80.9000015258789,0.0,74.35399627685547,True,True,51.06999969482422,0.0,75.14600372314453,True,True,56.029998779296875,0.0,90.35600280761719,True,True,42.130001068115234,0.0,73.3280029296875,True,True,41.459999084472656,0.0,70.77200317382812,True,True,39.65999984741211,0.0,67.44200134277344,True,True,47.43000030517578,0.0,75.21800231933594,True,True,36.45000076293945,0.0,74.64199829101562,True,True,41.130001068115234,0.0,76.35199737548828,True,True,39.77000045776367,0.0,66.09200286865234,True,True,-25.0,67.9800033569336,,,,43.80799865722656,210.0019989013672,44.88800048828125,152.0,38.0,
2021-08-01 01:15:00,,,,,33.11000061035156,0.0,66.9020004272461,True,True,84.62000274658203,0.0,74.33599853515625,True,True,49.459999084472656,0.0,75.16400146484375,True,True,56.81999969482422,0.0,90.51799774169922,True,True,37.189998626708984,0.0,73.27400207519531,True,True,41.66999816894531,0.0,70.447998046875,True,True,40.540000915527344,0.0,67.51399993896484,True,True,47.119998931884766,0.0,75.19999694824219,True,True,35.880001068115234,0.0,74.66000366210938,True,True,41.88999938964844,0.0,76.35199737548828,True,True,40.06999969482422,0.0,66.09200286865234,True,True,-25.0,69.2699966430664,,,,45.104000091552734,210.0019989013672,45.78799819946289,144.0,36.0,
2021-08-01 01:30:00,,,,,33.34000015258789,0.0,66.72200012207031,True,True,88.62999725341797,0.0,74.19200134277344,True,True,55.36000061035156,0.0,75.19999694824219,True,True,63.029998779296875,0.0,91.02200317382812,True,True,40.150001525878906,0.0,73.14800262451172,True,True,38.939998626708984,0.0,70.30400085449219,True,True,38.779998779296875,0.0,67.2979965209961,True,True,43.029998779296875,0.0,75.18199920654297,True,True,37.79999923706055,0.0,74.66000366210938,True,True,44.77000045776367,0.0,76.35199737548828,True,True,43.119998931884766,0.0,66.14600372314453,True,True,-25.0,68.4800033569336,,,,47.22800064086914,210.0019989013672,47.444000244140625,144.0,36.0,
2021-08-01 01:45:00,,,,,32.09000015258789,0.0,66.30799865722656,True,True,95.12999725341797,0.0,74.19200134277344,True,True,53.349998474121094,0.0,75.18199920654297,True,True,60.880001068115234,0.0,79.71800231933594,True,True,39.38999938964844,0.0,73.14800262451172,True,True,41.790000915527344,0.0,70.14199829101562,True,True,40.34000015258789,0.0,67.08200073242188,True,True,50.4900016784668,0.0,75.18199920654297,True,True,39.2599983215332,0.0,74.58799743652344,True,True,43.90999984741211,0.0,76.35199737548828,True,True,40.209999084472656,0.0,65.78600311279297,True,True,-25.0,69.79000091552734,,,,45.481998443603516,210.0019989013672,45.93199920654297,152.0,38.0,
2021-08-01 02:00:00,,,,,30.229999542236328,0.0,66.05599975585938,True,True,90.81999969482422,0.0,74.19200134277344,True,True,48.619998931884766,0.0,75.12799835205078,True,True,57.9900016784668,0.0,82.5260009765625,True,True,40.47999954223633,0.0,73.22000122070312,True,True,37.939998626708984,0.0,68.50399780273438,True,True,42.0,0.0,66.86599731445312,True,True,52.779998779296875,0.0,75.27200317382812,True,True,40.5,0.0,74.56999969482422,True,True,40.630001068115234,0.0,76.2979965209961,True,True,42.040000915527344,0.0,65.4260025024414,True,True,-25.0,67.63999938964844,,,,45.35599899291992,210.0019989013672,45.78799819946289,152.0,38.0,
2021-08-01 02:15:00,,,,,35.220001220703125,0.0,65.85800170898438,True,True,86.87000274658203,0.0,74.19200134277344,True,True,47.060001373291016,0.0,75.12799835205078,True,True,56.31999969482422,0.0,82.14800262451172,True,True,38.36000061035156,0.0,73.11199951171875,True,True,34.630001068115234,0.0,68.01799774169922,True,True,44.400001525878906,0.0,66.5780029296875,True,True,52.13999938964844,0.0,75.03800201416016,True,True,40.16999816894531,0.0,74.53399658203125,True,True,46.09000015258789,0.0,76.26200103759766,True,True,43.90999984741211,0.0,65.26399993896484,True,True,-25.0,67.76000213623047,,,,44.94200134277344,210.0019989013672,45.44599914550781,144.0,36.0,
2021-08-01 02:30:00,,,,,30.8700008392334,0.0,65.8219985961914,True,True,83.45999908447266,0.0,74.13800048828125,True,True,47.84000015258789,0.0,75.09200286865234,True,True,55.310001373291016,0.0,82.50800323486328,True,True,40.43000030517578,0.0,72.71600341796875,True,True,38.189998626708984,0.0,67.94599914550781,True,True,42.65999984741211,0.0,66.43399810791016,True,True,49.720001220703125,0.0,75.16400146484375,True,True,40.27000045776367,0.0,74.49800109863281,True,True,48.790000915527344,0.0,76.24400329589844,True,True,41.22999954223633,0.0,64.88600158691406,True,True,-25.0,67.76000213623047,,,,44.70800018310547,210.0019989013672,45.08599853515625,144.0,36.0,
2021-08-01 02:45:00,,,,,30.59000015258789,0.0,65.85800170898438,True,True,91.3499984741211,0.0,74.19200134277344,True,True,54.2400016784668,0.0,75.09200286865234,True,True,55.83000183105469,0.0,81.80599975585938,True,True,41.08000183105469,0.0,72.96800231933594,True,True,33.04999923706055,0.0,67.47799682617188,True,True,41.63999938964844,0.0,66.21800231933594,True,True,48.90999984741211,0.0,75.16400146484375,True,True,39.27000045776367,0.0,74.46199798583984,True,True,40.90999984741211,0.0,76.22599792480469,True,True,38.52000045776367,0.0,64.7239990234375,True,True,-25.0,65.86000061035156,,,,44.63600158691406,210.0019989013672,44.90599822998047,144.0,36.0,
2021-08-01 03:00:00,,,,,29.309999465942383,0.0,65.35399627685547,True,True,92.9000015258789,0.0,74.24600219726562,True,True,54.119998931884766,0.0,75.25399780273438,True,True,55.0,0.0,82.11199951171875,True,True,36.43000030517578,0.0,72.91400146484375,True,True,32.27000045776367,0.0,67.40599822998047,True,True,41.0099983215332,0.0,66.23600006103516,True,True,48.029998779296875,0.0,75.11000061035156,True,True,37.84000015258789,0.0,74.37200164794922,True,True,44.5,0.0,76.13600158691406,True,True,39.380001068115234,0.0,64.54399871826172,True,True,-25.0,67.3499984741211,,,,44.00600051879883,210.0019989013672,44.61800003051758,144.0,36.0,
2021-08-01 03:15:00,,,,,28.360000610351562,0.0,65.30000305175781,True,True,89.05000305175781,0.0,74.22799682617188,True,True,52.66999816894531,0.0,75.16400146484375,True,True,53.91999816894531,0.0,81.64399719238281,True,True,36.4900016784668,0.0,72.89600372314453,True,True,32.060001373291016,0.0,67.37000274658203,True,True,40.880001068115234,0.0,66.32599639892578,True,True,48.18000030517578,0.0,75.05599975585938,True,True,38.470001220703125,0.0,74.38999938964844,True,True,41.83000183105469,0.0,76.06400299072266,True,True,42.63999938964844,0.0,64.54399871826172,True,True,-25.0,68.0,,,,44.2760009765625,210.0019989013672,44.74399948120117,152.0,38.0,
2021-08-01 03:30:00,,,,,30.719999313354492,0.0,65.13800048828125,True,True,88.61000061035156,0.0,74.20999908447266,True,True,53.0,0.0,75.09200286865234,True,True,53.47999954223633,0.0,81.93199920654297,True,True,37.11000061035156,0.0,72.8239974975586,True,True,31.579999923706055,0.0,67.01000213623047,True,True,40.189998626708984,0.0,66.12799835205078,True,True,47.900001525878906,0.0,75.27200317382812,True,True,40.959999084472656,0.0,74.37200164794922,True,True,45.79999923706055,0.0,76.1719970703125,True,True,49.29999923706055,0.0,64.61599731445312,True,True,-25.0,68.30999755859375,,,,44.347999572753906,210.0019989013672,44.72600173950195,144.0,36.0,
2021-08-01 03:45:00,,,,,29.459999084472656,0.0,64.90399932861328,True,True,89.73999786376953,0.0,74.19200134277344,True,True,52.11000061035156,0.0,75.03800201416016,True,True,53.189998626708984,0.0,80.58200073242188,True,True,36.630001068115234,0.0,72.87799835205078,True,True,30.239999771118164,0.0,66.41600036621094,True,True,39.720001220703125,0.0,65.85800170898438,True,True,47.4900016784668,0.0,75.03800201416016,True,True,35.40999984741211,0.0,74.46199798583984,True,True,39.81999969482422,0.0,76.1719970703125,True,True,40.97999954223633,0.0,64.43599700927734,True,True,-25.0,67.80999755859375,,,,44.167999267578125,210.0019989013672,44.72600173950195,144.0,36.0,
2021-08-01 04:00:00,,,,,28.59000015258789,0.0,64.7959976196289,True,True,88.1500015258789,0.0,74.15599822998047,True,True,46.72999954223633,0.0,74.947998046875,True,True,52.040000915527344,0.0,80.05999755859375,True,True,36.380001068115234,0.0,72.60800170898438,True,True,33.029998779296875,0.0,65.69599914550781,True,True,42.0099983215332,0.0,65.8759994506836,True,True,47.95000076293945,0.0,75.09200286865234,True,True,40.849998474121094,0.0,74.38999938964844,True,True,37.130001068115234,0.0,76.15399932861328,True,True,39.86000061035156,0.0,64.9219970703125,True,True,-25.0,66.83999633789062,,,,44.3120002746582,210.0019989013672,44.72600173950195,144.0,36.0,
2021-08-01 04:15:00,,,,,28.1299991607666,0.0,64.5979995727539,True,True,88.16999816894531,0.0,74.06600189208984,True,True,45.66999816894531,0.0,74.947998046875,True,True,52.349998474121094,0.0,80.51000213623047,True,True,40.599998474121094,0.0,72.75199890136719,True,True,30.3700008392334,0.0,65.89399719238281,True,True,41.939998626708984,0.0,65.56999969482422,True,True,48.029998779296875,0.0,75.12799835205078,True,True,41.099998474121094,0.0,74.38999938964844,True,True,40.459999084472656,0.0,76.08200073242188,True,True,39.720001220703125,0.0,64.00399780273438,True,True,-25.0,65.31999969482422,,,,44.3120002746582,210.0019989013672,44.672000885009766,152.0,38.0,
2021-08-01 04:30:00,,,,,26.940000534057617,0.0,64.23799896240234,True,True,86.9000015258789,0.0,73.99400329589844,True,True,47.40999984741211,0.0,74.91200256347656,True,True,51.310001373291016,0.0,81.08599853515625,True,True,39.790000915527344,0.0,72.66200256347656,True,True,39.47999954223633,0.0,65.947998046875,True,True,38.11000061035156,0.0,65.28199768066406,True,True,48.08000183105469,0.0,74.58799743652344,True,True,41.08000183105469,0.0,74.26399993896484,True,True,36.20000076293945,0.0,76.02799987792969,True,True,40.16999816894531,0.0,63.6619987487793,True,True,-25.0,64.83999633789062,,,,44.060001373291016,210.0019989013672,44.38399887084961,144.0,36.0,
2021-08-01 04:45:00,,,,,26.829999923706055,0.0,63.698001861572266,True,True,94.63999938964844,0.0,74.0479965209961,True,True,51.619998931884766,0.0,75.0199966430664,True,True,50.90999984741211,0.0,80.94200134277344,True,True,40.810001373291016,0.0,72.60800170898438,True,True,28.350000381469727,0.0,65.69599914550781,True,True,42.439998626708984,0.0,65.12000274658203,True,True,47.20000076293945,0.0,75.03800201416016,True,True,41.16999816894531,0.0,74.24600219726562,True,True,44.72999954223633,0.0,75.93800354003906,True,True,38.150001525878906,0.0,63.6619987487793,True,True,-25.0,68.30999755859375,,,,43.77199935913086,210.0019989013672,44.2400016784668,144.0,36.0,
2021-08-01 05:00:00,,,,,30.200000762939453,0.0,63.5359992980957,True,True,89.83000183105469,0.0,74.17400360107422,True,True,53.779998779296875,0.0,74.96600341796875,True,True,50.5,0.0,81.05000305175781,True,True,39.380001068115234,0.0,72.24800109863281,True,True,28.229999542236328,0.0,65.17400360107422,True,True,42.11000061035156,0.0,65.08399963378906,True,True,46.95000076293945,0.0,74.58799743652344,True,True,38.310001373291016,0.0,74.19200134277344,True,True,45.970001220703125,0.0,75.88400268554688,True,True,39.77000045776367,0.0,63.428001403808594,True,True,-25.0,69.81999969482422,,,,43.91600036621094,210.0019989013672,44.38399887084961,144.0,36.0,
2021-08-01 05:15:00,,,,,26.079999923706055,0.0,63.04999923706055,True,True,88.62000274658203,0.0,74.17400360107422,True,True,50.93000030517578,0.0,74.96600341796875,True,True,50.93000030517578,0.0,80.58200073242188,True,True,38.63999938964844,0.0,72.48200225830078,True,True,27.110000610351562,0.0,64.70600128173828,True,True,41.22999954223633,0.0,64.5260009765625,True,True,46.38999938964844,0.0,74.8759994506836,True,True,37.630001068115234,0.0,74.12000274658203,True,True,40.2599983215332,0.0,75.75800323486328,True,True,38.7599983215332,0.0,62.94200134277344,True,True,-25.0,66.87000274658203,,,,43.358001708984375,210.0019989013672,43.71799850463867,152.0,38.0,
2021-08-01 05:30:00,,,,,31.649999618530273,0.0,62.04199981689453,True,True,94.2300033569336,0.0,74.13800048828125,True,True,49.79999923706055,0.0,74.947998046875,True,True,49.43000030517578,0.0,80.6719970703125,True,True,41.84000015258789,0.0,72.31999969482422,True,True,25.780000686645508,0.0,64.2020034790039,True,True,41.02000045776367,0.0,64.14800262451172,True,True,46.459999084472656,0.0,74.89399719238281,True,True,39.83000183105469,0.0,74.19200134277344,True,True,41.25,0.0,75.81199645996094,True,True,39.529998779296875,0.0,62.45600128173828,True,True,-25.0,66.87000274658203,,,,45.93199920654297,210.0019989013672,46.81399917602539,144.0,36.0,
2021-08-01 05:45:00,,,,,29.559999465942383,0.0,61.880001068115234,True,True,91.48999786376953,0.0,74.0479965209961,True,True,47.11000061035156,0.0,74.91200256347656,True,True,53.13999938964844,0.0,80.70800018310547,True,True,38.029998779296875,0.0,72.24800109863281,True,True,27.06999969482422,0.0,64.18399810791016,True,True,41.310001373291016,0.0,63.84199905395508,True,True,47.77000045776367,0.0,75.00199890136719,True,True,34.869998931884766,0.0,74.19200134277344,True,True,37.38999938964844,0.0,75.9020004272461,True,True,39.040000915527344,0.0,62.22200012207031,True,True,-25.0,68.62000274658203,,,,43.178001403808594,210.0019989013672,43.66400146484375,144.0,36.0,
2021-08-01 06:00:00,,,,,25.670000076293945,0.0,61.62799835205078,True,True,92.55000305175781,0.0,73.99400329589844,True,True,42.77000045776367,0.0,74.8219985961914,True,True,49.5099983215332,0.0,80.58200073242188,True,True,37.040000915527344,0.0,72.15799713134766,True,True,25.0,0.0,64.09400177001953,True,True,39.58000183105469,0.0,63.35599899291992,True,True,46.68000030517578,0.0,74.71399688720703,True,True,38.43000030517578,0.0,74.13800048828125,True,True,43.79999923706055,0.0,75.88400268554688,True,True,37.58000183105469,0.0,61.39400100708008,True,True,-25.0,68.31999969482422,,,,42.152000427246094,210.0019989013672,42.58399963378906,152.0,38.0,
2021-08-01 06:15:00,,,,,26.18000030517578,0.0,61.53799819946289,True,True,86.63999938964844,0.0,73.97599792480469,True,True,41.810001373291016,0.0,74.80400085449219,True,True,47.97999954223633,0.0,80.22200012207031,True,True,38.36000061035156,0.0,72.01399993896484,True,True,28.469999313354492,0.0,63.40999984741211,True,True,42.720001220703125,0.0,62.94200134277344,True,True,50.2400016784668,0.0,74.64199829101562,True,True,40.45000076293945,0.0,74.12000274658203,True,True,43.529998779296875,0.0,75.75800323486328,True,True,41.7599983215332,0.0,61.268001556396484,True,True,-25.0,68.30999755859375,,,,42.45800018310547,210.0019989013672,42.92599868774414,144.0,36.0,
2021-08-01 06:30:00,,,,,25.670000076293945,0.0,61.43000030517578,True,True,92.20999908447266,0.0,73.97599792480469,True,True,49.4900016784668,0.0,74.8219985961914,True,True,48.720001220703125,0.0,80.58200073242188,True,True,39.06999969482422,0.0,72.302001953125,True,True,27.280000686645508,0.0,63.4640007019043,True,True,39.38999938964844,0.0,62.79800033569336,True,True,49.790000915527344,0.0,74.4800033569336,True,True,32.939998626708984,0.0,74.02999877929688,True,True,41.0099983215332,0.0,75.7040023803711,True,True,38.54999923706055,0.0,61.34000015258789,True,True,-25.0,67.69999694824219,,,,42.83599853515625,210.0019989013672,43.178001403808594,144.0,36.0,
2021-08-01 06:45:00,,,,,25.829999923706055,0.0,61.736000061035156,True,True,90.33000183105469,0.0,73.99400329589844,True,True,52.52000045776367,0.0,74.83999633789062,True,True,50.04999923706055,0.0,79.86199951171875,True,True,40.20000076293945,0.0,72.21199798583984,True,True,26.200000762939453,0.0,63.64400100708008,True,True,37.77000045776367,0.0,62.582000732421875,True,True,44.84000015258789,0.0,74.6240005493164,True,True,38.349998474121094,0.0,73.99400329589844,True,True,37.709999084472656,0.0,75.55999755859375,True,True,36.58000183105469,0.0,61.178001403808594,True,True,-25.0,74.05999755859375,,,,43.10599899291992,210.0019989013672,43.53799819946289,152.0,38.0,
2021-08-01 07:00:00,,,,,25.809999465942383,0.0,61.448001861572266,True,True,87.19999694824219,0.0,73.99400329589844,True,True,52.709999084472656,0.0,74.89399719238281,True,True,49.880001068115234,0.0,80.1500015258789,True,True,40.36000061035156,0.0,72.302001953125,True,True,26.760000228881836,0.0,63.986000061035156,True,True,37.61000061035156,0.0,62.672000885009766,True,True,49.08000183105469,0.0,74.71399688720703,True,True,38.41999816894531,0.0,73.9219970703125,True,True,41.029998779296875,0.0,75.52400207519531,True,True,36.27000045776367,0.0,61.4119987487793,True,True,-25.0,66.80000305175781,,,,43.71799850463867,210.0019989013672,44.13199996948242,144.0,36.0,
2021-08-01 07:15:00,,,,,29.040000915527344,0.0,61.75400161743164,True,True,95.6500015258789,0.0,74.10199737548828,True,True,52.5,0.0,74.89399719238281,True,True,47.97999954223633,0.0,80.36599731445312,True,True,41.5099983215332,0.0,72.21199798583984,True,True,26.81999969482422,0.0,64.11199951171875,True,True,38.31999969482422,0.0,62.52799987792969,True,True,49.2400016784668,0.0,74.4260025024414,True,True,37.61000061035156,0.0,74.0479965209961,True,True,37.04999923706055,0.0,75.63200378417969,True,True,38.380001068115234,0.0,61.178001403808594,True,True,-25.0,66.55999755859375,,,,42.54800033569336,210.0019989013672,43.10599899291992,144.0,36.0,
2021-08-01 07:30:00,,,,,28.6299991607666,0.0,62.22200012207031,True,True,88.8499984741211,0.0,74.19200134277344,True,True,50.0,0.0,74.93000030517578,True,True,48.369998931884766,0.0,80.7979965209961,True,True,38.88999938964844,0.0,72.46399688720703,True,True,28.809999465942383,0.0,64.95800018310547,True,True,39.75,0.0,62.70800018310547,True,True,48.650001525878906,0.0,74.552001953125,True,True,39.77000045776367,0.0,74.0479965209961,True,True,37.029998779296875,0.0,75.63200378417969,True,True,39.9900016784668,0.0,61.268001556396484,True,True,-25.0,65.80999755859375,,,,41.540000915527344,210.0019989013672,41.86399841308594,152.0,38.0,
2021-08-01 07:45:00,,,,,29.65999984741211,0.0,62.92399978637695,True,True,88.4000015258789,0.0,74.15599822998047,True,True,50.68000030517578,0.0,75.0199966430664,True,True,47.029998779296875,0.0,80.88800048828125,True,True,38.93000030517578,0.0,72.3740005493164,True,True,29.350000381469727,0.0,65.13800048828125,True,True,40.79999923706055,0.0,62.85200119018555,True,True,49.7599983215332,0.0,74.58799743652344,True,True,37.93000030517578,0.0,74.02999877929688,True,True,39.86000061035156,0.0,75.6500015258789,True,True,39.220001220703125,0.0,61.4119987487793,True,True,-25.0,65.6500015258789,,,,41.50400161743164,210.0019989013672,41.88199996948242,144.0,36.0,
2021-08-01 08:00:00,,,,,30.8700008392334,0.0,63.96799850463867,True,True,88.04000091552734,0.0,74.17400360107422,True,True,48.84000015258789,0.0,74.91200256347656,True,True,47.25,0.0,81.24800109863281,True,True,42.18000030517578,0.0,72.697998046875,True,True,31.209999084472656,0.0,66.18199920654297,True,True,38.41999816894531,0.0,63.04999923706055,True,True,49.029998779296875,0.0,74.93000030517578,True,True,39.38999938964844,0.0,74.01200103759766,True,True,40.380001068115234,0.0,75.7760009765625,True,True,40.08000183105469,0.0,61.736000061035156,True,True,-25.0,65.91000366210938,,,,41.14400100708008,210.0019989013672,41.540000915527344,152.0,38.0,
2021-08-01 08:15:00,,,,,32.459999084472656,0.0,65.6780014038086,True,True,92.12000274658203,0.0,74.13800048828125,True,True,49.9900016784668,0.0,74.91200256347656,True,True,50.310001373291016,0.0,81.46399688720703,True,True,37.97999954223633,0.0,73.02200317382812,True,True,35.060001373291016,0.0,67.35199737548828,True,True,37.77000045776367,0.0,63.26599884033203,True,True,46.84000015258789,0.0,74.78600311279297,True,True,36.900001525878906,0.0,74.08399963378906,True,True,41.09000015258789,0.0,75.81199645996094,True,True,39.41999816894531,0.0,61.70000076293945,True,True,-25.0,65.4800033569336,,,,41.37799835205078,210.0019989013672,41.75600051879883,144.0,36.0,
2021-08-01 08:30:00,,,,,37.06999969482422,0.0,68.7020034790039,True,True,91.43000030517578,0.0,74.13800048828125,True,True,51.209999084472656,0.0,74.98400115966797,True,True,51.27000045776367,0.0,82.14800262451172,True,True,38.22999954223633,0.0,73.11199951171875,True,True,35.650001525878906,0.0,69.31400299072266,True,True,37.97999954223633,0.0,63.75199890136719,True,True,49.18000030517578,0.0,75.00199890136719,True,True,37.439998626708984,0.0,74.13800048828125,True,True,46.369998931884766,0.0,75.83000183105469,True,True,40.540000915527344,0.0,62.2760009765625,True,True,-25.0,65.04000091552734,,,,41.43199920654297,210.0019989013672,41.86399841308594,144.0,36.0,
2021-08-01 08:45:00,,,,,36.65999984741211,0.0,71.2040023803711,True,True,92.33000183105469,0.0,74.19200134277344,True,True,51.16999816894531,0.0,74.98400115966797,True,True,52.349998474121094,0.0,82.47200012207031,True,True,37.849998474121094,0.0,73.47200012207031,True,True,38.959999084472656,0.0,71.25800323486328,True,True,37.7599983215332,0.0,64.47200012207031,True,True,45.25,0.0,75.0739974975586,True,True,38.459999084472656,0.0,74.26399993896484,True,True,41.779998779296875,0.0,75.99199676513672,True,True,37.11000061035156,0.0,63.013999938964844,True,True,-25.0,65.37000274658203,,,,41.32400131225586,210.0019989013672,41.827999114990234,144.0,36.0,
2021-08-01 09:00:00,,,,,37.33000183105469,0.0,72.71600341796875,True,True,85.52999877929688,0.0,74.19200134277344,True,True,51.13999938964844,0.0,74.96600341796875,True,True,53.68000030517578,0.0,83.01200103759766,True,True,37.72999954223633,0.0,73.58000183105469,True,True,37.849998474121094,0.0,72.98600006103516,True,True,39.08000183105469,0.0,65.76799774169922,True,True,46.2599983215332,0.0,75.21800231933594,True,True,40.380001068115234,0.0,74.44400024414062,True,True,37.59000015258789,0.0,76.06400299072266,True,True,40.41999816894531,0.0,64.3280029296875,True,True,-25.0,63.81999969482422,,,,41.486000061035156,210.0019989013672,41.88199996948242,152.0,38.0,
2021-08-01 09:15:00,,,,,39.81999969482422,0.0,74.30000305175781,True,True,92.5,0.0,74.19200134277344,True,True,52.310001373291016,0.0,74.98400115966797,True,True,55.97999954223633,0.0,89.88800048828125,True,True,37.91999816894531,0.0,73.66999816894531,True,True,41.7400016784668,0.0,74.85800170898438,True,True,39.970001220703125,0.0,67.85600280761719,True,True,45.310001373291016,0.0,75.25399780273438,True,True,37.56999969482422,0.0,74.4800033569336,True,True,42.369998931884766,0.0,76.1719970703125,True,True,40.34000015258789,0.0,67.0999984741211,True,True,-25.0,64.5199966430664,,,,41.64799880981445,210.0019989013672,42.1879997253418,144.0,36.0,
2021-08-01 09:30:00,,,,,36.84000015258789,0.0,76.13600158691406,True,True,88.87999725341797,0.0,74.19200134277344,True,True,51.58000183105469,0.0,75.00199890136719,True,True,56.86000061035156,0.0,91.7239990234375,True,True,37.65999984741211,0.0,73.7239990234375,True,True,40.439998626708984,0.0,76.91000366210938,True,True,41.45000076293945,0.0,69.78199768066406,True,True,44.79999923706055,0.0,75.19999694824219,True,True,36.45000076293945,0.0,74.49800109863281,True,True,40.72999954223633,0.0,76.26200103759766,True,True,32.0,0.41999998688697815,69.72799682617188,True,True,-25.0,66.38999938964844,,,,45.82400131225586,210.0019989013672,45.35599899291992,144.0,36.0,
2021-08-01 09:45:00,,,,,39.939998626708984,0.0,77.66600036621094,True,True,93.12999725341797,0.0,74.30000305175781,True,True,54.060001373291016,0.0,75.0199966430664,True,True,60.470001220703125,0.0,92.93000030517578,True,True,41.40999984741211,0.0,73.88600158691406,True,True,46.5,0.0,78.85399627685547,True,True,42.970001220703125,0.0,71.52799987792969,True,True,42.880001068115234,0.0,75.34400177001953,True,True,41.529998779296875,0.0,74.58799743652344,True,True,37.95000076293945,0.0,76.31600189208984,True,True,39.5099983215332,0.0,72.19400024414062,True,True,-25.0,67.38999938964844,,,,44.150001525878906,210.0019989013672,44.74399948120117,152.0,38.0,
2021-08-01 10:00:00,,,,,46.349998474121094,0.0,79.46600341796875,True,True,98.69000244140625,0.0,74.31800079345703,True,True,53.619998931884766,0.0,75.0199966430664,True,True,59.630001068115234,0.0,93.29000091552734,True,True,41.7599983215332,0.0,73.88600158691406,True,True,40.369998931884766,0.0,80.95999908447266,True,True,41.70000076293945,0.0,72.98600006103516,True,True,52.459999084472656,0.0,75.43399810791016,True,True,38.02000045776367,0.0,74.6240005493164,True,True,45.59000015258789,0.0,76.31600189208984,True,True,39.709999084472656,0.0,74.19200134277344,True,True,-25.0,68.81999969482422,,,,44.02399826049805,210.0019989013672,44.52799987792969,152.0,38.0,
2021-08-01 10:15:00,,,,,36.2599983215332,0.0,76.11799621582031,True,True,100.0,0.0,74.31800079345703,True,True,55.5,0.0,75.09200286865234,True,True,66.66999816894531,0.0,95.25199890136719,True,True,38.560001373291016,0.0,74.06600189208984,True,True,41.209999084472656,0.0,81.96800231933594,True,True,45.720001220703125,0.0,74.46199798583984,True,True,49.16999816894531,0.0,75.32599639892578,True,True,45.38999938964844,0.0,74.64199829101562,True,True,40.45000076293945,0.0,76.35199737548828,True,True,42.02000045776367,0.0,75.99199676513672,True,True,-25.0,67.91000366210938,,,,44.56399917602539,210.0019989013672,45.013999938964844,152.0,38.0,
2021-08-01 10:30:00,,,,,44.790000915527344,0.0,75.50599670410156,True,True,98.16999816894531,0.0,74.31800079345703,True,True,56.45000076293945,0.0,74.947998046875,True,True,66.48999786376953,0.0,99.48200225830078,True,True,41.369998931884766,0.0,74.06600189208984,True,True,45.72999954223633,0.0,84.05599975585938,True,True,41.970001220703125,0.0,75.79399871826172,True,True,50.16999816894531,0.0,75.5780029296875,True,True,40.58000183105469,0.0,74.66000366210938,True,True,43.02000045776367,0.0,76.35199737548828,True,True,43.9900016784668,0.0,77.52200317382812,True,True,-25.0,67.51000213623047,,,,45.21200180053711,210.0019989013672,45.698001861572266,160.0,40.0,
2021-08-01 10:45:00,,,,,46.0099983215332,0.0,75.4520034790039,True,True,91.47000122070312,0.0,74.35399627685547,True,True,60.56999969482422,0.0,75.11000061035156,True,True,64.6500015258789,0.0,97.08799743652344,True,True,42.34000015258789,0.0,74.22799682617188,True,True,44.810001373291016,0.0,84.9020004272461,True,True,41.970001220703125,0.0,77.30599975585938,True,True,51.18000030517578,0.0,75.54199981689453,True,True,37.38999938964844,0.0,74.6780014038086,True,True,41.56999969482422,0.0,76.35199737548828,True,True,41.630001068115234,0.0,79.30400085449219,True,True,-25.0,67.30999755859375,,,,45.805999755859375,210.0019989013672,46.14799880981445,152.0,38.0,
2021-08-01 11:00:00,,,,,46.13999938964844,0.0,75.54199981689453,True,True,93.56999969482422,0.0,74.4260025024414,True,True,58.15999984741211,0.0,75.09200286865234,True,True,66.48999786376953,0.0,96.52999877929688,True,True,41.72999954223633,0.0,74.28199768066406,True,True,42.04999923706055,0.0,85.83799743652344,True,True,43.70000076293945,0.0,78.81800079345703,True,True,51.31999969482422,0.0,75.50599670410156,True,True,34.959999084472656,0.0,74.73200225830078,True,True,43.63999938964844,0.0,76.35199737548828,True,True,45.130001068115234,0.0,81.2300033569336,True,True,-25.0,65.8499984741211,,,,45.78799819946289,210.0019989013672,46.130001068115234,152.0,38.0,
2021-08-01 11:15:00,,,,,47.70000076293945,0.0,75.43399810791016,True,True,95.45999908447266,0.0,74.51599884033203,True,True,58.41999816894531,0.0,75.09200286865234,True,True,66.88999938964844,0.0,96.90799713134766,True,True,43.369998931884766,0.0,74.33599853515625,True,True,46.22999954223633,0.0,86.52200317382812,True,True,46.150001525878906,0.0,80.41999816894531,True,True,52.349998474121094,0.0,75.66799926757812,True,True,42.91999816894531,0.0,74.73200225830078,True,True,42.029998779296875,0.0,76.44200134277344,True,True,45.09000015258789,0.0,82.83200073242188,True,True,-25.0,66.63999938964844,,,,45.301998138427734,210.0019989013672,45.608001708984375,152.0,38.0,
2021-08-01 11:30:00,,,,,43.970001220703125,0.0,75.50599670410156,True,True,97.26000213623047,0.0,74.552001953125,True,True,61.93000030517578,0.0,75.05599975585938,True,True,67.86000061035156,0.0,97.64600372314453,True,True,42.58000183105469,0.0,74.46199798583984,True,True,47.08000183105469,0.0,87.47599792480469,True,True,47.279998779296875,0.0,80.97799682617188,True,True,52.869998931884766,0.0,75.54199981689453,True,True,38.900001525878906,0.0,74.76799774169922,True,True,41.380001068115234,0.0,76.42400360107422,True,True,46.47999954223633,0.0,83.28199768066406,True,True,-25.0,66.8499984741211,,,,45.608001708984375,210.0019989013672,46.14799880981445,152.0,38.0,
2021-08-01 11:45:00,,,,,43.70000076293945,0.0,75.54199981689453,True,True,89.88999938964844,0.0,74.552001953125,True,True,59.0,0.0,75.12799835205078,True,True,69.16000366210938,0.0,98.04199981689453,True,True,39.720001220703125,0.0,74.30000305175781,True,True,46.599998474121094,0.0,87.47599792480469,True,True,45.599998474121094,0.0,81.93199920654297,True,True,53.41999816894531,0.0,75.73999786376953,True,True,38.34000015258789,0.0,74.73200225830078,True,True,41.459999084472656,0.0,76.49600219726562,True,True,40.869998931884766,0.0,84.52400207519531,True,True,-25.0,67.5999984741211,,,,45.82400131225586,210.0019989013672,45.96799850463867,152.0,38.0,
2021-08-01 12:00:00,,,,,43.400001525878906,0.0,75.86599731445312,True,True,92.05999755859375,0.0,74.552001953125,True,True,62.88999938964844,0.0,75.18199920654297,True,True,70.58000183105469,0.0,98.2040023803711,True,True,42.45000076293945,0.0,74.4260025024414,True,True,43.90999984741211,0.0,87.58399963378906,True,True,46.56999969482422,0.0,83.01200103759766,True,True,53.939998626708984,0.0,75.72200012207031,True,True,38.650001525878906,0.0,74.73200225830078,True,True,43.119998931884766,0.0,76.51399993896484,True,True,48.93000030517578,0.0,85.65799713134766,True,True,-25.0,67.8499984741211,,,,45.95000076293945,210.0019989013672,46.400001525878906,152.0,38.0,
2021-08-01 12:15:00,,,,,38.95000076293945,0.0,75.66799926757812,True,True,88.70999908447266,0.0,74.58799743652344,True,True,60.36000061035156,0.0,75.19999694824219,True,True,71.6500015258789,0.0,98.18599700927734,True,True,42.380001068115234,0.0,74.44400024414062,True,True,48.45000076293945,0.0,87.49400329589844,True,True,46.560001373291016,0.0,83.0479965209961,True,True,53.91999816894531,0.0,75.7760009765625,True,True,39.060001373291016,0.0,74.76799774169922,True,True,48.15999984741211,0.0,76.53199768066406,True,True,44.220001220703125,0.0,85.1719970703125,True,True,-25.0,67.30000305175781,,,,45.24800109863281,210.0019989013672,45.78799819946289,152.0,38.0,
2021-08-01 12:30:00,,,,,38.04999923706055,0.0,75.68599700927734,True,True,90.12999725341797,0.0,74.69599914550781,True,True,63.93000030517578,0.0,75.25399780273438,True,True,72.76000213623047,0.0,98.2040023803711,True,True,42.150001525878906,0.0,74.4260025024414,True,True,49.13999938964844,0.0,87.11599731445312,True,True,46.77000045776367,0.0,82.5979995727539,True,True,51.5,0.0,75.61399841308594,True,True,41.65999984741211,0.0,74.73200225830078,True,True,45.619998931884766,0.0,76.47799682617188,True,True,43.880001068115234,0.0,84.11000061035156,True,True,-25.0,67.98999786376953,,,,45.93199920654297,210.0019989013672,46.20199966430664,152.0,38.0,
2021-08-01 12:45:00,,,,,44.470001220703125,0.0,76.58599853515625,True,True,91.87000274658203,0.0,74.73200225830078,True,True,60.720001220703125,0.0,75.27200317382812,True,True,73.44999694824219,0.0,97.79000091552734,True,True,40.66999816894531,0.0,74.4260025024414,True,True,43.41999816894531,0.0,87.00800323486328,True,True,47.439998626708984,0.0,82.25599670410156,True,True,51.52000045776367,0.0,75.7040023803711,True,True,37.619998931884766,0.0,74.80400085449219,True,True,43.959999084472656,0.0,76.42400360107422,True,True,47.290000915527344,0.0,83.40799713134766,True,True,-25.0,66.81999969482422,,,,45.59000015258789,210.0019989013672,45.91400146484375,152.0,38.0,
2021-08-01 13:00:00,,,,,43.93000030517578,0.0,76.60399627685547,True,True,88.51000213623047,0.0,74.73200225830078,True,True,61.060001373291016,0.0,75.34400177001953,True,True,73.31999969482422,0.0,98.4739990234375,True,True,43.97999954223633,0.0,74.44400024414062,True,True,43.45000076293945,0.0,87.80000305175781,True,True,48.34000015258789,0.0,82.48999786376953,True,True,51.0099983215332,0.0,75.75800323486328,True,True,40.029998779296875,0.0,74.73200225830078,True,True,49.130001068115234,0.0,76.49600219726562,True,True,44.18000030517578,0.0,83.83999633789062,True,True,-25.0,67.2699966430664,,,,46.040000915527344,210.0019989013672,46.507999420166016,144.0,36.0,
2021-08-01 13:15:00,,,,,43.91999816894531,0.0,76.85600280761719,True,True,90.0,0.0,74.73200225830078,True,True,64.38999938964844,0.0,75.36199951171875,True,True,73.66000366210938,0.0,98.11399841308594,True,True,44.310001373291016,0.0,74.44400024414062,True,True,50.40999984741211,0.0,87.58399963378906,True,True,48.4900016784668,0.0,82.09400177001953,True,True,51.560001373291016,0.0,75.7040023803711,True,True,38.25,0.0,74.76799774169922,True,True,45.970001220703125,0.0,76.53199768066406,True,True,43.97999954223633,0.0,83.44400024414062,True,True,-25.0,67.26000213623047,,,,45.44599914550781,210.0019989013672,45.96799850463867,152.0,38.0,
2021-08-01 13:30:00,,,,,44.20000076293945,0.0,77.16200256347656,True,True,89.0,0.0,74.73200225830078,True,True,62.2400016784668,0.0,75.37999725341797,True,True,79.4800033569336,0.0,99.87799835205078,True,True,43.2400016784668,0.0,74.46199798583984,True,True,50.18000030517578,0.0,88.01599884033203,True,True,46.650001525878906,0.0,82.23799896240234,True,True,52.02000045776367,0.0,75.72200012207031,True,True,37.66999816894531,0.0,74.8219985961914,True,True,41.400001525878906,0.0,76.49600219726562,True,True,44.47999954223633,0.0,83.46199798583984,True,True,-25.0,66.79000091552734,,,,45.5359992980957,210.0019989013672,45.6619987487793,152.0,38.0,
2021-08-01 13:45:00,,,,,38.459999084472656,0.0,76.11799621582031,True,True,89.20999908447266,0.0,74.6240005493164,True,True,61.0099983215332,0.0,75.29000091552734,True,True,79.73999786376953,0.0,100.56199645996094,True,True,42.16999816894531,0.0,74.44400024414062,True,True,48.84000015258789,0.0,87.99800109863281,True,True,44.9900016784668,0.0,82.56199645996094,True,True,53.099998474121094,0.0,75.8479995727539,True,True,43.209999084472656,0.0,74.83999633789062,True,True,43.63999938964844,0.0,76.63999938964844,True,True,46.529998779296875,0.0,84.34400177001953,True,True,-25.0,66.86000061035156,,,,45.35599899291992,210.0019989013672,45.805999755859375,152.0,38.0,
2021-08-01 14:00:00,,,,,37.779998779296875,0.0,76.22599792480469,True,True,88.8499984741211,0.0,74.6240005493164,True,True,60.18000030517578,0.0,75.30799865722656,True,True,76.61000061035156,0.0,99.51799774169922,True,True,42.349998474121094,0.0,74.37200164794922,True,True,43.369998931884766,0.0,88.21399688720703,True,True,44.040000915527344,0.0,83.06600189208984,True,True,52.86000061035156,0.0,75.9020004272461,True,True,41.5099983215332,0.0,74.91200256347656,True,True,43.029998779296875,0.0,76.58599853515625,True,True,46.06999969482422,0.0,84.81199645996094,True,True,-25.0,64.91000366210938,,,,44.88800048828125,210.0019989013672,45.518001556396484,144.0,36.0,
2021-08-01 14:15:00,,,,,43.2400016784668,0.0,78.49400329589844,True,True,90.02999877929688,0.0,74.56999969482422,True,True,60.65999984741211,0.0,75.34400177001953,True,True,71.93000030517578,0.0,91.90399932861328,True,True,42.380001068115234,0.0,74.64199829101562,True,True,41.540000915527344,0.0,88.89800262451172,True,True,51.9900016784668,0.0,82.16600036621094,True,True,52.54999923706055,0.0,75.81199645996094,True,True,40.79999923706055,0.0,74.96600341796875,True,True,45.72999954223633,0.0,76.63999938964844,True,True,46.310001373291016,0.0,84.93800354003906,True,True,-25.0,65.86000061035156,,,,44.94200134277344,210.0019989013672,45.481998443603516,152.0,38.0,
2021-08-01 14:30:00,,,,,36.439998626708984,0.0,75.93800354003906,True,True,90.86000061035156,0.0,74.552001953125,True,True,59.630001068115234,0.0,75.25399780273438,True,True,66.16000366210938,0.0,95.14399719238281,True,True,45.70000076293945,0.0,74.51599884033203,True,True,42.84000015258789,0.0,89.45600128173828,True,True,39.81999969482422,0.0,75.00199890136719,True,True,52.36000061035156,0.0,75.7040023803711,True,True,36.209999084472656,0.0,75.0199966430664,True,True,49.599998474121094,0.0,76.60399627685547,True,True,47.5,0.0,85.35199737548828,True,True,-25.0,65.8499984741211,,,,44.4379997253418,210.0019989013672,45.21200180053711,152.0,38.0,
2021-08-01 14:45:00,,,,,39.61000061035156,0.0,75.9020004272461,True,True,96.81999969482422,0.0,74.552001953125,True,True,60.16999816894531,0.0,75.30799865722656,True,True,59.880001068115234,0.0,93.50599670410156,True,True,43.709999084472656,0.0,74.64199829101562,True,True,47.189998626708984,0.0,89.77999877929688,True,True,43.20000076293945,0.0,83.01200103759766,True,True,51.7400016784668,0.0,75.91999816894531,True,True,39.709999084472656,0.0,75.0199966430664,True,True,45.15999984741211,0.0,76.89199829101562,True,True,49.52000045776367,0.0,85.7300033569336,True,True,-25.0,65.80000305175781,,,,45.31999969482422,210.0019989013672,45.5359992980957,144.0,36.0,
2021-08-01 15:00:00,,,,,41.869998931884766,0.0,75.75800323486328,True,True,94.2300033569336,0.0,74.4800033569336,True,True,60.61000061035156,0.0,75.27200317382812,True,True,58.099998474121094,0.0,94.60399627685547,True,True,44.439998626708984,0.0,74.56999969482422,True,True,47.849998474121094,0.0,89.7979965209961,True,True,44.470001220703125,0.0,77.2699966430664,True,True,51.15999984741211,0.0,75.83000183105469,True,True,41.790000915527344,0.0,75.0739974975586,True,True,44.4900016784668,0.0,76.802001953125,True,True,46.09000015258789,0.0,86.25199890136719,True,True,-25.0,68.31999969482422,,,,45.481998443603516,210.0019989013672,45.96799850463867,144.0,36.0,
2021-08-01 15:15:00,,,,,33.7400016784668,0.0,75.9020004272461,True,True,95.87000274658203,0.0,74.35399627685547,True,True,58.79999923706055,0.0,75.25399780273438,True,True,53.27000045776367,0.0,96.58399963378906,True,True,43.540000915527344,0.0,74.73200225830078,True,True,42.70000076293945,0.0,89.92400360107422,True,True,41.189998626708984,0.0,78.90799713134766,True,True,50.029998779296875,0.0,75.9020004272461,True,True,40.27000045776367,0.0,75.16400146484375,True,True,43.25,0.0,77.05400085449219,True,True,47.88999938964844,0.0,86.44999694824219,True,True,-25.0,67.25,,,,44.52799987792969,210.0019989013672,45.24800109863281,144.0,36.0,
2021-08-01 15:30:00,,,,,37.9900016784668,0.0,76.8740005493164,True,True,96.66999816894531,0.0,74.37200164794922,True,True,56.349998474121094,0.0,75.21800231933594,True,True,49.54999923706055,0.0,97.43000030517578,True,True,42.029998779296875,0.0,74.6780014038086,True,True,44.099998474121094,0.0,89.6719970703125,True,True,47.77000045776367,0.0,81.66200256347656,True,True,52.939998626708984,0.0,76.06400299072266,True,True,38.7400016784668,0.0,75.19999694824219,True,True,47.97999954223633,0.0,77.14399719238281,True,True,53.84000015258789,0.0,86.66600036621094,True,True,-25.0,66.95999908447266,,,,42.67399978637695,210.0019989013672,43.2859992980957,152.0,38.0,
2021-08-01 15:45:00,,,,,36.2400016784668,0.0,76.47799682617188,True,True,92.18000030517578,0.0,74.26399993896484,True,True,53.369998931884766,0.0,75.27200317382812,True,True,47.310001373291016,0.0,97.77200317382812,True,True,39.5099983215332,0.0,74.6240005493164,True,True,43.25,0.0,89.5999984741211,True,True,38.97999954223633,0.0,74.93000030517578,True,True,56.45000076293945,0.0,76.0459976196289,True,True,44.380001068115234,0.0,75.27200317382812,True,True,43.34000015258789,0.0,77.0719985961914,True,True,50.83000183105469,0.0,86.77400207519531,True,True,-25.0,64.81999969482422,,,,42.63800048828125,210.0019989013672,43.231998443603516,144.0,36.0,
2021-08-01 16:00:00,,,,,34.369998931884766,0.0,78.9260025024414,True,True,92.7300033569336,0.0,74.28199768066406,True,True,52.97999954223633,0.0,75.23600006103516,True,True,44.880001068115234,0.0,93.16400146484375,True,True,40.29999923706055,0.0,74.80400085449219,True,True,44.59000015258789,0.0,89.72599792480469,True,True,40.02000045776367,0.0,83.49800109863281,True,True,52.13999938964844,0.0,76.0459976196289,True,True,43.68000030517578,0.0,75.27200317382812,True,True,47.650001525878906,0.0,77.30599975585938,True,True,44.65999984741211,0.0,86.34200286865234,True,True,-25.0,65.06999969482422,,,,41.75600051879883,210.0019989013672,42.349998474121094,152.0,38.0,
2021-08-01 16:15:00,,,,,37.43000030517578,0.0,77.05400085449219,True,True,98.7699966430664,0.0,74.31800079345703,True,True,54.54999923706055,0.0,75.25399780273438,True,True,44.86000061035156,0.0,94.06400299072266,True,True,39.70000076293945,0.0,74.64199829101562,True,True,46.650001525878906,0.0,89.16799926757812,True,True,43.45000076293945,0.0,76.45999908447266,True,True,44.93000030517578,0.0,75.9739990234375,True,True,42.97999954223633,0.0,75.32599639892578,True,True,40.36000061035156,0.0,77.18000030517578,True,True,47.369998931884766,0.0,86.39600372314453,True,True,-25.0,63.310001373291016,,,,41.79199981689453,210.0019989013672,42.11600112915039,144.0,36.0,
2021-08-01 16:30:00,,,,,40.34000015258789,0.0,78.94400024414062,True,True,91.36000061035156,0.0,74.20999908447266,True,True,50.63999938964844,0.0,75.30799865722656,True,True,42.09000015258789,0.0,94.1719970703125,True,True,41.13999938964844,0.0,74.66000366210938,True,True,39.09000015258789,0.0,89.41999816894531,True,True,37.41999816894531,0.0,80.18599700927734,True,True,49.099998474121094,0.0,76.20800018310547,True,True,36.0,0.0,75.32599639892578,True,True,43.34000015258789,0.0,77.3239974975586,True,True,49.84000015258789,0.0,86.39600372314453,True,True,-25.0,57.34000015258789,,,,41.737998962402344,210.0019989013672,42.31399917602539,144.0,36.0,
2021-08-01 16:45:00,,,,,37.040000915527344,0.0,81.93199920654297,True,True,94.81999969482422,0.0,74.19200134277344,True,True,52.2400016784668,0.0,75.25399780273438,True,True,42.2599983215332,0.0,99.4280014038086,True,True,41.31999969482422,0.0,74.66000366210938,True,True,41.119998931884766,0.0,88.80799865722656,True,True,49.939998626708984,0.0,83.33599853515625,True,True,49.560001373291016,0.0,76.15399932861328,True,True,42.40999984741211,0.0,75.34400177001953,True,True,42.560001373291016,0.0,77.54000091552734,True,True,47.650001525878906,0.0,86.64800262451172,True,True,-25.0,62.65999984741211,,,,42.2599983215332,210.0019989013672,42.439998626708984,144.0,36.0,
2021-08-01 17:00:00,,,,,39.09000015258789,0.0,78.67400360107422,True,True,87.98999786376953,0.0,74.13800048828125,True,True,53.40999984741211,0.0,75.30799865722656,True,True,40.79999923706055,0.0,99.66200256347656,True,True,39.650001525878906,0.0,74.78600311279297,True,True,38.150001525878906,0.0,89.00599670410156,True,True,39.060001373291016,0.0,75.27200317382812,True,True,47.9900016784668,0.0,76.08200073242188,True,True,42.779998779296875,0.0,75.32599639892578,True,True,41.59000015258789,0.0,77.3239974975586,True,True,47.27000045776367,0.0,87.0260009765625,True,True,-25.0,54.310001373291016,,,,41.86399841308594,210.0019989013672,42.152000427246094,144.0,36.0,
2021-08-01 17:15:00,,,,,44.09000015258789,0.0,81.28399658203125,True,True,87.68000030517578,0.0,74.15599822998047,True,True,49.939998626708984,0.0,75.30799865722656,True,True,42.08000183105469,0.0,101.28199768066406,True,True,40.02000045776367,0.0,74.8219985961914,True,True,45.25,0.0,88.68199920654297,True,True,41.93000030517578,0.0,82.95800018310547,True,True,50.20000076293945,0.0,76.11799621582031,True,True,41.20000076293945,0.0,75.37999725341797,True,True,38.849998474121094,0.0,77.54000091552734,True,True,44.7599983215332,0.0,86.98999786376953,True,True,-25.0,52.79999923706055,,,,47.65999984741211,210.0019989013672,47.7140007019043,152.0,38.0,
2021-08-01 17:30:00,,,,,32.41999816894531,0.0,78.85399627685547,True,True,94.19000244140625,0.0,74.13800048828125,True,True,51.7599983215332,0.0,75.32599639892578,True,True,48.880001068115234,0.0,101.06600189208984,True,True,39.16999816894531,0.0,74.6780014038086,True,True,45.099998474121094,0.0,88.53800201416016,True,True,42.70000076293945,0.0,77.43199920654297,True,True,45.5,0.0,76.02799987792969,True,True,41.209999084472656,0.0,75.4520034790039,True,True,44.40999984741211,0.0,77.50399780273438,True,True,50.45000076293945,0.0,87.27799987792969,True,True,-25.0,52.84000015258789,,,,40.981998443603516,210.0019989013672,41.75600051879883,144.0,36.0,
2021-08-01 17:45:00,,,,,37.09000015258789,0.0,77.37799835205078,True,True,88.19999694824219,0.0,74.19200134277344,True,True,55.66999816894531,0.0,75.27200317382812,True,True,47.630001068115234,0.0,96.76399993896484,True,True,41.52000045776367,0.0,74.66000366210938,True,True,44.0,0.0,87.36799621582031,True,True,37.77000045776367,0.0,77.34200286865234,True,True,48.09000015258789,0.0,76.22599792480469,True,True,42.56999969482422,0.0,75.43399810791016,True,True,37.689998626708984,0.0,77.43199920654297,True,True,47.9900016784668,0.0,87.24199676513672,True,True,-25.0,51.29999923706055,,,,44.41999816894531,210.0019989013672,44.45600128173828,152.0,38.0,
2021-08-01 18:00:00,,,,,32.7599983215332,0.0,82.00399780273438,True,True,98.77999877929688,0.0,74.26399993896484,True,True,53.31999969482422,0.0,75.32599639892578,True,True,51.43000030517578,0.0,98.33000183105469,True,True,39.439998626708984,0.0,74.78600311279297,True,True,41.77000045776367,0.0,87.36799621582031,True,True,48.189998626708984,0.0,83.91200256347656,True,True,51.810001373291016,0.0,76.15399932861328,True,True,44.75,0.0,75.37999725341797,True,True,52.47999954223633,0.0,77.61199951171875,True,True,57.540000915527344,0.0,86.55799865722656,True,True,-25.0,54.7599983215332,,,,44.2400016784668,210.0019989013672,44.52799987792969,144.0,36.0,
2021-08-01 18:15:00,,,,,35.18000030517578,0.0,80.43800354003906,True,True,100.0,0.0,74.35399627685547,True,True,54.029998779296875,0.0,75.34400177001953,True,True,47.88999938964844,0.0,102.86599731445312,True,True,46.959999084472656,0.0,74.66000366210938,True,True,42.2599983215332,0.0,86.39600372314453,True,True,37.59000015258789,0.0,75.47000122070312,True,True,44.970001220703125,0.0,76.11799621582031,True,True,41.2400016784668,0.0,75.52400207519531,True,True,39.220001220703125,0.0,77.50399780273438,True,True,49.029998779296875,0.0,85.56800079345703,True,True,-25.0,58.2599983215332,,,,44.599998474121094,210.0019989013672,44.92399978637695,144.0,36.0,
2021-08-01 18:30:00,,,,,33.36000061035156,0.0,80.2760009765625,True,True,100.0,0.0,74.35399627685547,True,True,55.06999969482422,0.0,75.34400177001953,True,True,46.689998626708984,0.0,103.22599792480469,True,True,39.72999954223633,0.0,74.66000366210938,True,True,42.290000915527344,0.0,85.24400329589844,True,True,47.7400016784668,0.0,81.12200164794922,True,True,51.47999954223633,0.0,76.22599792480469,True,True,44.22999954223633,0.0,75.36199951171875,True,True,51.61000061035156,0.0,77.57599639892578,True,True,56.4900016784668,0.0,84.9739990234375,True,True,-25.0,59.25,,,,43.231998443603516,210.0019989013672,43.57400131225586,144.0,36.0,
2021-08-01 18:45:00,,,,,31.729999542236328,0.0,79.53800201416016,True,True,99.11000061035156,0.0,74.37200164794922,True,True,50.56999969482422,0.0,75.29000091552734,True,True,42.040000915527344,0.0,102.32599639892578,True,True,40.400001525878906,0.0,74.58799743652344,True,True,44.54999923706055,0.0,83.98400115966797,True,True,39.7599983215332,0.0,82.56199645996094,True,True,46.900001525878906,0.0,76.11799621582031,True,True,38.86000061035156,0.0,75.32599639892578,True,True,46.189998626708984,0.0,77.61199951171875,True,True,47.72999954223633,0.0,84.27200317382812,True,True,-25.0,57.720001220703125,,,,42.87200164794922,210.0019989013672,43.465999603271484,152.0,38.0,
2021-08-01 19:00:00,,,,,32.349998474121094,0.0,78.40399932861328,True,True,100.0,0.0,74.33599853515625,True,True,49.7400016784668,0.0,75.32599639892578,True,True,40.209999084472656,0.0,102.29000091552734,True,True,41.5099983215332,0.0,74.552001953125,True,True,38.869998931884766,0.0,82.9219970703125,True,True,38.0099983215332,0.0,81.64399719238281,True,True,48.2400016784668,0.0,76.0459976196289,True,True,38.150001525878906,0.0,75.27200317382812,True,True,50.2599983215332,0.0,77.61199951171875,True,True,49.2400016784668,0.0,82.50800323486328,True,True,-25.0,61.349998474121094,,,,42.349998474121094,210.0019989013672,42.763999938964844,144.0,36.0,
2021-08-01 19:15:00,,,,,37.45000076293945,0.0,78.13400268554688,True,True,100.0,0.0,74.22799682617188,True,True,49.08000183105469,0.0,75.27200317382812,True,True,42.06999969482422,0.0,101.93000030517578,True,True,41.310001373291016,0.0,74.49800109863281,True,True,45.439998626708984,0.0,81.78800201416016,True,True,40.38999938964844,0.0,80.25800323486328,True,True,46.279998779296875,0.0,76.20800018310547,True,True,40.310001373291016,0.0,75.25399780273438,True,True,42.72999954223633,0.0,77.55799865722656,True,True,53.36000061035156,0.0,80.61799621582031,True,True,-25.0,60.400001525878906,,,,42.1879997253418,210.0019989013672,42.69200134277344,152.0,38.0,
2021-08-01 19:30:00,,,,,38.630001068115234,0.0,77.37799835205078,True,True,100.0,0.0,74.28199768066406,True,True,47.150001525878906,0.0,75.30799865722656,True,True,42.790000915527344,0.0,100.90399932861328,True,True,40.43000030517578,0.0,74.46199798583984,True,True,44.560001373291016,0.0,80.92400360107422,True,True,38.790000915527344,0.0,79.3759994506836,True,True,48.970001220703125,0.0,76.11799621582031,True,True,39.70000076293945,0.0,75.19999694824219,True,True,39.40999984741211,0.0,77.50399780273438,True,True,41.93000030517578,0.0,79.53800201416016,True,True,-25.0,64.81999969482422,,,,41.28799819946289,210.0019989013672,41.70199966430664,144.0,36.0,
2021-08-01 19:45:00,,,,,30.920000076293945,0.0,76.6760025024414,True,True,100.0,0.0,74.26399993896484,True,True,46.7599983215332,0.0,75.34400177001953,True,True,38.45000076293945,0.0,100.66999816894531,True,True,39.560001373291016,0.0,74.4260025024414,True,True,41.66999816894531,0.0,79.89800262451172,True,True,38.95000076293945,0.0,78.2239990234375,True,True,45.0,0.0,76.02799987792969,True,True,37.560001373291016,0.0,75.12799835205078,True,True,42.939998626708984,0.0,77.50399780273438,True,True,38.97999954223633,0.0,77.73799896240234,True,True,-25.0,62.65999984741211,,,,41.125999450683594,210.0019989013672,41.59400177001953,152.0,38.0,
2021-08-01 20:00:00,,,,,34.400001525878906,0.0,76.31600189208984,True,True,100.0,0.0,74.20999908447266,True,True,46.45000076293945,0.0,75.30799865722656,True,True,37.650001525878906,0.0,99.96800231933594,True,True,38.56999969482422,0.0,74.38999938964844,True,True,40.709999084472656,0.0,79.08799743652344,True,True,41.619998931884766,0.0,77.14399719238281,True,True,46.0,0.0,76.02799987792969,True,True,36.86000061035156,0.0,75.12799835205078,True,True,45.5099983215332,0.0,77.39600372314453,True,True,38.939998626708984,0.0,76.15399932861328,True,True,-25.0,63.4900016784668,,,,41.1619987487793,210.0019989013672,41.57600021362305,144.0,36.0,
2021-08-01 20:15:00,,,,,34.650001525878906,0.0,76.06400299072266,True,True,100.0,0.0,74.19200134277344,True,True,46.599998474121094,0.0,75.29000091552734,True,True,41.9900016784668,0.0,99.24800109863281,True,True,37.560001373291016,0.0,74.30000305175781,True,True,60.56999969482422,0.0,78.72799682617188,True,True,39.18000030517578,0.0,75.93800354003906,True,True,44.459999084472656,0.0,75.88400268554688,True,True,40.31999969482422,0.0,75.09200286865234,True,True,42.31999969482422,0.0,77.3239974975586,True,True,44.86000061035156,0.0,74.83999633789062,True,True,-25.0,64.87000274658203,,,,41.0359992980957,210.0019989013672,41.46799850463867,144.0,36.0,
2021-08-01 20:30:00,,,,,30.799999237060547,0.0,75.79399871826172,True,True,100.0,0.0,74.20999908447266,True,True,45.58000183105469,0.0,75.37999725341797,True,True,41.439998626708984,0.0,96.83599853515625,True,True,43.400001525878906,0.0,74.28199768066406,True,True,40.189998626708984,0.0,78.31400299072266,True,True,38.27000045776367,0.0,75.23600006103516,True,True,46.75,0.0,75.9739990234375,True,True,37.27000045776367,0.0,75.09200286865234,True,True,40.0,0.0,77.21600341796875,True,True,43.31999969482422,0.0,74.12000274658203,True,True,-25.0,63.54999923706055,,,,40.81999969482422,210.0019989013672,41.215999603271484,152.0,38.0,
2021-08-01 20:45:00,,,,,29.920000076293945,0.0,75.25399780273438,True,True,94.2300033569336,0.0,74.19200134277344,True,True,45.06999969482422,0.0,75.30799865722656,True,True,40.310001373291016,0.0,92.947998046875,True,True,41.56999969482422,0.0,74.26399993896484,True,True,36.43000030517578,0.0,78.13400268554688,True,True,37.31999969482422,0.0,74.8219985961914,True,True,44.27000045776367,0.0,75.8479995727539,True,True,38.56999969482422,0.0,75.05599975585938,True,True,44.290000915527344,0.0,77.18000030517578,True,True,39.18000030517578,0.0,73.76000213623047,True,True,-25.0,65.08999633789062,,,,40.784000396728516,210.0019989013672,41.215999603271484,144.0,36.0,
2021-08-01 21:00:00,,,,,34.630001068115234,0.0,75.00199890136719,True,True,90.12999725341797,0.0,74.19200134277344,True,True,49.56999969482422,0.0,75.27200317382812,True,True,47.31999969482422,0.0,91.11199951171875,True,True,37.59000015258789,0.0,74.28199768066406,True,True,37.040000915527344,0.0,77.61199951171875,True,True,36.70000076293945,0.0,74.46199798583984,True,True,44.0,0.0,75.79399871826172,True,True,36.880001068115234,0.0,75.03800201416016,True,True,41.560001373291016,0.0,77.14399719238281,True,True,37.83000183105469,0.0,73.56199645996094,True,True,-25.0,64.8499984741211,,,,40.76599884033203,210.0019989013672,41.1619987487793,136.0,34.0,
2021-08-01 21:15:00,,,,,34.36000061035156,0.0,74.44400024414062,True,True,88.2300033569336,0.0,74.19200134277344,True,True,45.40999984741211,0.0,75.30799865722656,True,True,41.18000030517578,0.0,91.00399780273438,True,True,36.7599983215332,0.0,74.20999908447266,True,True,38.09000015258789,0.0,76.96399688720703,True,True,37.25,0.0,74.30000305175781,True,True,43.68000030517578,0.0,75.9020004272461,True,True,35.56999969482422,0.0,75.03800201416016,True,True,39.90999984741211,0.0,77.14399719238281,True,True,41.91999816894531,0.0,73.36399841308594,True,True,-25.0,62.939998626708984,,,,40.85599899291992,210.0019989013672,41.215999603271484,144.0,36.0,
2021-08-01 21:30:00,,,,,33.2400016784668,0.0,74.53399658203125,True,True,85.0199966430664,0.0,74.20999908447266,True,True,44.59000015258789,0.0,75.27200317382812,True,True,36.810001373291016,0.0,95.61199951171875,True,True,36.45000076293945,0.0,74.19200134277344,True,True,37.68000030517578,0.0,76.31600189208984,True,True,34.88999938964844,0.0,73.86799621582031,True,True,42.880001068115234,0.0,75.83000183105469,True,True,36.08000183105469,0.0,75.0199966430664,True,True,37.83000183105469,0.0,77.01799774169922,True,True,41.08000183105469,0.0,72.84200286865234,True,True,-25.0,65.3499984741211,,,,40.981998443603516,210.0019989013672,41.486000061035156,136.0,34.0,
2021-08-01 21:45:00,,,,,37.04999923706055,0.0,74.33599853515625,True,True,83.73999786376953,0.0,74.19200134277344,True,True,45.0,0.0,75.27200317382812,True,True,37.130001068115234,0.0,96.24199676513672,True,True,36.27000045776367,0.0,74.12000274658203,True,True,42.959999084472656,0.0,76.02799987792969,True,True,35.119998931884766,0.0,73.22000122070312,True,True,40.68000030517578,0.0,75.75800323486328,True,True,35.2400016784668,0.0,74.947998046875,True,True,38.93000030517578,0.0,77.03600311279297,True,True,40.939998626708984,0.0,72.15799713134766,True,True,-25.0,64.1500015258789,,,,40.81999969482422,210.0019989013672,41.32400131225586,144.0,36.0,
2021-08-01 22:00:00,,,,,37.0,0.0,74.40799713134766,True,True,83.33000183105469,0.0,74.10199737548828,True,True,45.56999969482422,0.0,75.32599639892578,True,True,40.59000015258789,0.0,96.18800354003906,True,True,37.540000915527344,0.0,73.99400329589844,True,True,39.540000915527344,0.0,75.5780029296875,True,True,36.599998474121094,0.0,72.68000030517578,True,True,47.810001373291016,0.0,75.75800323486328,True,True,35.58000183105469,0.0,74.91200256347656,True,True,36.93000030517578,0.0,77.0,True,True,40.209999084472656,0.0,71.6719970703125,True,True,-25.0,64.41000366210938,,,,40.981998443603516,210.0019989013672,41.41400146484375,144.0,36.0,
2021-08-01 22:15:00,,,,,39.220001220703125,0.0,73.61599731445312,True,True,87.97000122070312,0.0,74.06600189208984,True,True,44.97999954223633,0.0,75.30799865722656,True,True,38.13999938964844,0.0,88.14199829101562,True,True,37.84000015258789,0.0,73.99400329589844,True,True,37.75,0.0,75.12799835205078,True,True,37.59000015258789,0.0,72.35600280761719,True,True,49.7400016784668,0.0,75.48799896240234,True,True,37.060001373291016,0.0,74.93000030517578,True,True,54.5099983215332,0.0,76.96399688720703,True,True,40.189998626708984,0.0,71.22200012207031,True,True,-25.0,64.2300033569336,,,,41.125999450683594,210.0019989013672,41.57600021362305,144.0,36.0,
2021-08-01 22:30:00,,,,,33.880001068115234,0.0,73.22000122070312,True,True,88.30999755859375,0.0,74.13800048828125,True,True,45.61000061035156,0.0,75.34400177001953,True,True,37.869998931884766,0.0,90.46399688720703,True,True,36.47999954223633,0.0,74.06600189208984,True,True,40.84000015258789,0.0,74.91200256347656,True,True,39.349998474121094,0.0,71.81600189208984,True,True,45.040000915527344,0.0,75.72200012207031,True,True,36.61000061035156,0.0,74.91200256347656,True,True,33.810001373291016,0.0,76.96399688720703,True,True,38.9900016784668,0.0,70.50199890136719,True,True,-25.0,65.44999694824219,,,,41.108001708984375,210.0019989013672,41.52199935913086,144.0,36.0,
2021-08-01 22:45:00,,,,,37.400001525878906,0.0,72.66200256347656,True,True,90.12000274658203,0.0,74.19200134277344,True,True,44.880001068115234,0.0,75.34400177001953,True,True,39.709999084472656,0.0,89.76200103759766,True,True,35.290000915527344,0.0,73.97599792480469,True,True,40.7400016784668,0.0,74.91200256347656,True,True,38.31999969482422,0.0,71.2760009765625,True,True,48.720001220703125,0.0,75.54199981689453,True,True,36.16999816894531,0.0,74.91200256347656,True,True,35.5099983215332,0.0,76.94599914550781,True,True,41.88999938964844,0.0,69.90799713134766,True,True,-25.0,49.4900016784668,,,,41.071998596191406,210.0019989013672,41.52199935913086,136.0,34.0,
2021-08-01 23:00:00,,,,,38.0099983215332,0.0,72.60800170898438,True,True,94.33999633789062,0.0,74.19200134277344,True,True,45.599998474121094,0.0,75.32599639892578,True,True,40.040000915527344,0.0,91.50800323486328,True,True,16.18000030517578,7.920000076293945,73.94000244140625,True,True,41.619998931884766,0.0,74.75,True,True,39.470001220703125,0.0,70.91600036621094,True,True,42.959999084472656,0.0,75.63200378417969,True,True,36.20000076293945,0.0,74.89399719238281,True,True,42.209999084472656,0.0,76.9280014038086,True,True,38.83000183105469,0.0,69.65599822998047,True,True,-25.0,73.83999633789062,,,,41.34199905395508,210.0019989013672,41.61199951171875,144.0,36.0,
2021-08-01 23:15:00,,,,,35.689998626708984,0.0,72.44599914550781,True,True,89.16000366210938,0.0,74.15599822998047,True,True,44.65999984741211,0.0,75.34400177001953,True,True,40.88999938964844,0.0,94.47799682617188,True,True,36.15999984741211,0.0,73.97599792480469,True,True,42.880001068115234,0.0,74.10199737548828,True,True,39.5,0.0,70.77200317382812,True,True,45.220001220703125,0.0,75.63200378417969,True,True,35.54999923706055,0.0,74.85800170898438,True,True,38.970001220703125,0.0,76.85600280761719,True,True,37.849998474121094,0.0,69.5479965209961,True,True,-25.0,71.31999969482422,,,,41.14400100708008,210.0019989013672,41.540000915527344,136.0,34.0,
2021-08-01 23:30:00,,,,,40.060001373291016,0.0,72.1760025024414,True,True,97.19000244140625,0.0,74.15599822998047,True,True,47.09000015258789,0.0,75.29000091552734,True,True,39.56999969482422,0.0,93.63200378417969,True,True,40.54999923706055,0.0,73.9219970703125,True,True,43.72999954223633,0.0,73.61599731445312,True,True,39.029998779296875,0.0,70.64600372314453,True,True,46.79999923706055,0.0,75.36199951171875,True,True,39.099998474121094,0.0,74.8759994506836,True,True,34.52000045776367,0.0,76.802001953125,True,True,39.060001373291016,0.0,69.31400299072266,True,True,-25.0,75.87000274658203,,,,45.625999450683594,210.0019989013672,45.84199905395508,144.0,36.0,
2021-08-01 23:45:00,,,,,41.52000045776367,0.0,72.55400085449219,True,True,100.0,0.0,74.19200134277344,True,True,58.54999923706055,0.0,75.36199951171875,True,True,46.560001373291016,0.0,93.63200378417969,True,True,43.65999984741211,0.0,74.01200103759766,True,True,47.7400016784668,0.0,73.54399871826172,True,True,38.959999084472656,0.0,70.41200256347656,True,True,42.150001525878906,0.0,75.61399841308594,True,True,36.79999923706055,0.0,74.8219985961914,True,True,40.810001373291016,0.0,76.81999969482422,True,True,39.20000076293945,0.0,69.0260009765625,True,True,-25.0,76.25,,,,44.83399963378906,210.0019989013672,45.571998596191406,144.0,36.0,
2021-08-02 00:00:00,,,,,37.279998779296875,0.0,72.33799743652344,True,True,100.0,0.0,74.20999908447266,True,True,48.380001068115234,0.0,75.36199951171875,True,True,39.79999923706055,0.0,95.91799926757812,True,True,40.459999084472656,0.0,73.9219970703125,True,True,41.68000030517578,0.0,73.41799926757812,True,True,38.970001220703125,0.0,70.19599914550781,True,True,45.90999984741211,0.0,75.41600036621094,True,True,36.33000183105469,0.0,74.8219985961914,True,True,59.349998474121094,0.0,76.78399658203125,True,True,38.68000030517578,0.0,68.86399841308594,True,True,-25.0,75.31999969482422,,,,44.54600143432617,210.0019989013672,44.90599822998047,144.0,36.0,
2021-08-02 00:15:00,,,,,34.93000030517578,0.0,71.88800048828125,True,True,100.0,0.0,74.26399993896484,True,True,52.90999984741211,0.0,75.30799865722656,True,True,44.900001525878906,0.0,98.04199981689453,True,True,41.06999969482422,0.0,73.8499984741211,True,True,39.40999984741211,0.0,73.22000122070312,True,True,43.04999923706055,0.0,70.26799774169922,True,True,49.20000076293945,0.0,75.41600036621094,True,True,42.279998779296875,0.0,74.73200225830078,True,True,33.709999084472656,0.0,76.76599884033203,True,True,43.54999923706055,0.0,68.80999755859375,True,True,-25.0,74.86000061035156,,,,44.97800064086914,210.0019989013672,45.44599914550781,144.0,36.0,
2021-08-02 00:30:00,,,,,40.29999923706055,0.0,71.43800354003906,True,True,94.5,0.0,74.33599853515625,True,True,48.939998626708984,0.0,75.32599639892578,True,True,49.400001525878906,0.0,94.1719970703125,True,True,39.849998474121094,0.0,73.70600128173828,True,True,38.209999084472656,0.0,72.75199890136719,True,True,39.06999969482422,0.0,69.94400024414062,True,True,47.290000915527344,0.0,75.50599670410156,True,True,37.09000015258789,0.0,74.69599914550781,True,True,38.040000915527344,0.0,76.76599884033203,True,True,38.900001525878906,0.0,68.98999786376953,True,True,-25.0,75.26000213623047,,,,44.4379997253418,210.0019989013672,44.92399978637695,144.0,36.0,
2021-08-02 00:45:00,,,,,40.22999954223633,0.0,71.09600067138672,True,True,96.88999938964844,0.0,74.37200164794922,True,True,49.349998474121094,0.0,75.32599639892578,True,True,46.54999923706055,0.0,77.68399810791016,True,True,38.119998931884766,0.0,73.7959976196289,True,True,41.2599983215332,0.0,72.39199829101562,True,True,40.11000061035156,0.0,69.52999877929688,True,True,46.5,0.0,75.43399810791016,True,True,38.83000183105469,0.0,74.76799774169922,True,True,39.709999084472656,0.0,76.76599884033203,True,True,39.18000030517578,0.0,68.23400115966797,True,True,-25.0,74.0,,,,44.45600128173828,210.0019989013672,44.90599822998047,144.0,36.0,
2021-08-02 01:00:00,,,,,33.97999954223633,0.0,70.86199951171875,True,True,99.55000305175781,0.0,74.37200164794922,True,True,50.439998626708984,0.0,75.34400177001953,True,True,49.77000045776367,0.0,83.93000030517578,True,True,39.20000076293945,0.0,73.66999816894531,True,True,44.599998474121094,0.0,72.19400024414062,True,True,40.2400016784668,0.0,69.13400268554688,True,True,48.349998474121094,0.0,75.36199951171875,True,True,38.119998931884766,0.0,74.73200225830078,True,True,41.36000061035156,0.0,76.76599884033203,True,True,39.33000183105469,0.0,67.71199798583984,True,True,-25.0,74.1500015258789,,,,44.36600112915039,210.0019989013672,44.88800048828125,152.0,38.0,
2021-08-02 01:15:00,,,,,34.36000061035156,0.0,70.86199951171875,True,True,100.0,0.0,74.37200164794922,True,True,50.77000045776367,0.0,75.30799865722656,True,True,51.31999969482422,0.0,83.35399627685547,True,True,39.90999984741211,0.0,73.66999816894531,True,True,45.540000915527344,0.0,71.99600219726562,True,True,40.2599983215332,0.0,69.0979995727539,True,True,49.75,0.0,75.23600006103516,True,True,37.650001525878906,0.0,74.71399688720703,True,True,46.02000045776367,0.0,76.6760025024414,True,True,40.369998931884766,0.0,67.62200164794922,True,True,-25.0,73.83999633789062,,,,44.599998474121094,210.0019989013672,44.90599822998047,136.0,34.0,
2021-08-02 01:30:00,,,,,33.720001220703125,0.0,70.447998046875,True,True,94.41000366210938,0.0,74.37200164794922,True,True,51.310001373291016,0.0,75.34400177001953,True,True,52.189998626708984,0.0,83.08399963378906,True,True,37.439998626708984,0.0,73.58000183105469,True,True,40.41999816894531,0.0,71.58200073242188,True,True,40.380001068115234,0.0,69.00800323486328,True,True,47.439998626708984,0.0,75.52400207519531,True,True,37.56999969482422,0.0,74.73200225830078,True,True,36.470001220703125,0.0,76.60399627685547,True,True,41.33000183105469,0.0,67.62200164794922,True,True,-25.0,74.0199966430664,,,,44.18600082397461,210.0019989013672,44.72600173950195,144.0,36.0,
2021-08-02 01:45:00,,,,,33.97999954223633,0.0,70.48400115966797,True,True,96.29000091552734,0.0,74.37200164794922,True,True,50.709999084472656,0.0,75.32599639892578,True,True,52.380001068115234,0.0,82.38200378417969,True,True,39.939998626708984,0.0,73.41799926757812,True,True,38.88999938964844,0.0,71.38400268554688,True,True,40.65999984741211,0.0,69.04399871826172,True,True,46.599998474121094,0.0,75.30799865722656,True,True,37.7599983215332,0.0,74.71399688720703,True,True,48.779998779296875,0.0,76.60399627685547,True,True,41.459999084472656,0.0,67.44200134277344,True,True,-25.0,73.86000061035156,,,,44.13199996948242,210.0019989013672,44.52799987792969,144.0,36.0,
2021-08-02 02:00:00,,,,,34.529998779296875,0.0,70.3219985961914,True,True,98.3499984741211,0.0,74.37200164794922,True,True,51.09000015258789,0.0,75.32599639892578,True,True,52.54999923706055,0.0,82.99400329589844,True,True,39.97999954223633,0.0,73.5260009765625,True,True,37.880001068115234,0.0,71.3479995727539,True,True,40.84000015258789,0.0,68.48600006103516,True,True,47.95000076293945,0.0,75.36199951171875,True,True,38.40999984741211,0.0,74.66000366210938,True,True,38.900001525878906,0.0,76.56800079345703,True,True,42.790000915527344,0.0,66.86599731445312,True,True,-25.0,72.87000274658203,,,,43.95199966430664,210.0019989013672,44.52799987792969,136.0,34.0,
2021-08-02 02:15:00,,,,,33.31999969482422,0.0,67.78399658203125,True,True,94.04000091552734,0.0,74.40799713134766,True,True,51.150001525878906,0.0,75.30799865722656,True,True,52.95000076293945,0.0,82.88600158691406,True,True,37.97999954223633,0.0,73.4540023803711,True,True,43.04999923706055,0.0,70.98799896240234,True,True,41.060001373291016,0.0,68.54000091552734,True,True,47.220001220703125,0.0,75.12799835205078,True,True,38.27000045776367,0.0,74.6240005493164,True,True,37.63999938964844,0.0,76.56800079345703,True,True,42.209999084472656,0.0,66.86599731445312,True,True,-25.0,72.93000030517578,,,,43.84400177001953,210.0019989013672,44.20399856567383,144.0,36.0,
2021-08-02 02:30:00,,,,,36.75,0.0,67.44200134277344,True,True,95.66999816894531,0.0,74.40799713134766,True,True,50.880001068115234,0.0,75.36199951171875,True,True,53.5099983215332,0.0,82.47200012207031,True,True,40.209999084472656,0.0,73.38200378417969,True,True,42.470001220703125,0.0,70.66400146484375,True,True,40.33000183105469,0.0,68.77400207519531,True,True,48.09000015258789,0.0,75.27200317382812,True,True,38.97999954223633,0.0,74.552001953125,True,True,44.59000015258789,0.0,76.55000305175781,True,True,40.04999923706055,0.0,66.66799926757812,True,True,-25.0,72.0,,,,43.77199935913086,210.0019989013672,44.257999420166016,144.0,36.0,
2021-08-02 02:45:00,,,,,33.66999816894531,0.0,67.0999984741211,True,True,97.7699966430664,0.0,74.38999938964844,True,True,51.84000015258789,0.0,75.30799865722656,True,True,53.59000015258789,0.0,82.4000015258789,True,True,36.880001068115234,0.0,73.36399841308594,True,True,43.540000915527344,0.0,70.41200256347656,True,True,39.88999938964844,0.0,68.08999633789062,True,True,47.560001373291016,0.0,75.25399780273438,True,True,37.209999084472656,0.0,74.6240005493164,True,True,40.38999938964844,0.0,76.42400360107422,True,True,41.439998626708984,0.0,66.54199981689453,True,True,-25.0,72.30000305175781,,,,43.77199935913086,210.0019989013672,44.2400016784668,152.0,38.0,
2021-08-02 03:00:00,,,,,35.349998474121094,0.0,66.7040023803711,True,True,95.5999984741211,0.0,74.38999938964844,True,True,51.31999969482422,0.0,75.30799865722656,True,True,54.45000076293945,0.0,82.34600067138672,True,True,41.33000183105469,0.0,73.30999755859375,True,True,41.90999984741211,0.0,70.35800170898438,True,True,39.560001373291016,0.0,67.71199798583984,True,True,43.77000045776367,0.0,75.36199951171875,True,True,38.33000183105469,0.0,74.552001953125,True,True,44.29999923706055,0.0,76.42400360107422,True,True,40.43000030517578,0.0,66.32599639892578,True,True,-25.0,71.81999969482422,,,,43.91600036621094,210.0019989013672,44.347999572753906,144.0,36.0,
2021-08-02 03:15:00,,,,,35.41999816894531,0.0,66.73999786376953,True,True,89.48999786376953,0.0,74.37200164794922,True,True,52.0099983215332,0.0,75.30799865722656,True,True,55.18000030517578,0.0,82.07599639892578,True,True,41.84000015258789,0.0,73.22000122070312,True,True,40.939998626708984,0.0,70.30400085449219,True,True,39.060001373291016,0.0,67.49600219726562,True,True,49.56999969482422,0.0,75.29000091552734,True,True,41.5099983215332,0.0,74.552001953125,True,True,43.41999816894531,0.0,76.42400360107422,True,True,40.119998931884766,0.0,65.96600341796875,True,True,-25.0,71.3499984741211,,,,44.09600067138672,210.0019989013672,44.672000885009766,144.0,36.0,
2021-08-02 03:30:00,,,,,35.68000030517578,0.0,66.9020004272461,True,True,88.98999786376953,0.0,74.37200164794922,True,True,52.88999938964844,0.0,75.27200317382812,True,True,56.63999938964844,0.0,88.41200256347656,True,True,37.25,0.0,73.16600036621094,True,True,35.220001220703125,0.0,69.38600158691406,True,True,39.47999954223633,0.0,67.13600158691406,True,True,49.90999984741211,0.0,75.12799835205078,True,True,36.54999923706055,0.0,74.46199798583984,True,True,45.70000076293945,0.0,76.42400360107422,True,True,40.220001220703125,0.0,65.78600311279297,True,True,-25.0,71.48999786376953,,,,44.4379997253418,210.0019989013672,44.79800033569336,144.0,36.0,
2021-08-02 03:45:00,,,,,34.70000076293945,0.0,66.55999755859375,True,True,89.72000122070312,0.0,74.33599853515625,True,True,53.0,0.0,75.25399780273438,True,True,57.790000915527344,0.0,89.09600067138672,True,True,41.25,0.0,73.14800262451172,True,True,40.47999954223633,0.0,68.50399780273438,True,True,39.689998626708984,0.0,67.13600158691406,True,True,53.11000061035156,0.0,74.98400115966797,True,True,36.970001220703125,0.0,74.44400024414062,True,True,42.970001220703125,0.0,76.2979965209961,True,True,39.939998626708984,0.0,65.60600280761719,True,True,-25.0,70.81999969482422,,,,44.52799987792969,210.0019989013672,44.92399978637695,144.0,36.0,
2021-08-02 04:00:00,,,,,33.689998626708984,0.0,65.98400115966797,True,True,91.62000274658203,0.0,74.31800079345703,True,True,53.84000015258789,0.0,75.27200317382812,True,True,58.56999969482422,0.0,88.93399810791016,True,True,37.279998779296875,0.0,73.16600036621094,True,True,35.470001220703125,0.0,68.1259994506836,True,True,39.40999984741211,0.0,67.13600158691406,True,True,47.33000183105469,0.0,75.05599975585938,True,True,36.540000915527344,0.0,74.4260025024414,True,True,43.52000045776367,0.0,76.26200103759766,True,True,39.58000183105469,0.0,65.64199829101562,True,True,-25.0,71.75,,,,44.347999572753906,210.0019989013672,44.85200119018555,152.0,38.0,
2021-08-02 04:15:00,,,,,30.200000762939453,0.0,66.36199951171875,True,True,90.97000122070312,0.0,74.20999908447266,True,True,54.09000015258789,0.0,75.27200317382812,True,True,55.689998626708984,0.0,75.86599731445312,True,True,33.459999084472656,0.0,73.09400177001953,True,True,37.900001525878906,0.0,68.25199890136719,True,True,37.310001373291016,0.0,67.13600158691406,True,True,49.779998779296875,0.0,75.23600006103516,True,True,37.06999969482422,0.0,74.40799713134766,True,True,43.4900016784668,0.0,76.26200103759766,True,True,41.06999969482422,0.0,65.73200225830078,True,True,-25.0,70.54000091552734,,,,44.41999816894531,210.0019989013672,44.90599822998047,152.0,38.0,
2021-08-02 04:30:00,,,,,28.469999313354492,0.0,65.91200256347656,True,True,89.0199966430664,0.0,74.22799682617188,True,True,54.45000076293945,0.0,75.23600006103516,True,True,55.880001068115234,0.0,82.11199951171875,True,True,39.150001525878906,0.0,72.91400146484375,True,True,32.95000076293945,0.0,67.94599914550781,True,True,41.06999969482422,0.0,66.88400268554688,True,True,49.77000045776367,0.0,74.98400115966797,True,True,38.380001068115234,0.0,74.46199798583984,True,True,43.15999984741211,0.0,76.22599792480469,True,True,41.58000183105469,0.0,65.4260025024414,True,True,-25.0,70.80000305175781,,,,44.54600143432617,210.0019989013672,44.92399978637695,152.0,38.0,
2021-08-02 04:45:00,,,,,33.15999984741211,0.0,65.80400085449219,True,True,89.97000122070312,0.0,74.37200164794922,True,True,54.40999984741211,0.0,75.23600006103516,True,True,56.119998931884766,0.0,82.47200012207031,True,True,39.40999984741211,0.0,73.02200317382812,True,True,39.560001373291016,0.0,67.81999969482422,True,True,42.040000915527344,0.0,66.81199645996094,True,True,50.15999984741211,0.0,74.96600341796875,True,True,38.900001525878906,0.0,74.35399627685547,True,True,42.060001373291016,0.0,76.22599792480469,True,True,41.77000045776367,0.0,65.33599853515625,True,True,-25.0,69.81999969482422,,,,44.00600051879883,210.0019989013672,44.52799987792969,152.0,38.0,
2021-08-02 05:00:00,,,,,31.34000015258789,0.0,65.78600311279297,True,True,88.95999908447266,0.0,74.35399627685547,True,True,53.47999954223633,0.0,75.18199920654297,True,True,54.880001068115234,0.0,81.94999694824219,True,True,39.310001373291016,0.0,73.04000091552734,True,True,37.720001220703125,0.0,67.35199737548828,True,True,42.06999969482422,0.0,66.55999755859375,True,True,50.119998931884766,0.0,75.16400146484375,True,True,39.279998779296875,0.0,74.37200164794922,True,True,41.939998626708984,0.0,76.08200073242188,True,True,41.54999923706055,0.0,65.0479965209961,True,True,-25.0,69.63999938964844,,,,43.57400131225586,210.0019989013672,43.880001068115234,144.0,36.0,
2021-08-02 05:15:00,,,,,31.950000762939453,0.0,65.64199829101562,True,True,89.29000091552734,0.0,74.31800079345703,True,True,52.849998474121094,0.0,75.19999694824219,True,True,53.97999954223633,0.0,80.83399963378906,True,True,39.349998474121094,0.0,73.04000091552734,True,True,33.189998626708984,0.0,67.0459976196289,True,True,41.310001373291016,0.0,66.18199920654297,True,True,48.439998626708984,0.0,75.12799835205078,True,True,39.2599983215332,0.0,74.37200164794922,True,True,38.040000915527344,0.0,76.11799621582031,True,True,41.279998779296875,0.0,64.7959976196289,True,True,-25.0,68.87000274658203,,,,43.48400115966797,210.0019989013672,43.82600021362305,144.0,36.0,
2021-08-02 05:30:00,,,,,30.549999237060547,0.0,65.30000305175781,True,True,88.68000030517578,0.0,74.20999908447266,True,True,53.5,0.0,75.18199920654297,True,True,52.939998626708984,0.0,80.4739990234375,True,True,38.54999923706055,0.0,72.98600006103516,True,True,29.010000228881836,0.0,66.32599639892578,True,True,40.810001373291016,0.0,66.14600372314453,True,True,47.91999816894531,0.0,75.16400146484375,True,True,40.689998626708984,0.0,74.31800079345703,True,True,46.060001373291016,0.0,76.0999984741211,True,True,40.599998474121094,0.0,64.68800354003906,True,True,-25.0,69.44000244140625,,,,43.48400115966797,210.0019989013672,43.82600021362305,152.0,38.0,
2021-08-02 05:45:00,,,,,30.549999237060547,0.0,65.4800033569336,True,True,89.31999969482422,0.0,74.22799682617188,True,True,53.70000076293945,0.0,75.21800231933594,True,True,52.66999816894531,0.0,80.90599822998047,True,True,36.189998626708984,0.0,72.80599975585938,True,True,34.369998931884766,0.0,66.9020004272461,True,True,40.31999969482422,0.0,66.12799835205078,True,True,51.31999969482422,0.0,75.14600372314453,True,True,43.95000076293945,0.0,74.30000305175781,True,True,46.88999938964844,0.0,76.0459976196289,True,True,39.36000061035156,0.0,64.7959976196289,True,True,-25.0,68.26000213623047,,,,43.53799819946289,210.0019989013672,43.77199935913086,152.0,38.0,
2021-08-02 06:00:00,,,,,31.110000610351562,0.0,65.66000366210938,True,True,90.44000244140625,0.0,74.19200134277344,True,True,54.720001220703125,0.0,75.18199920654297,True,True,52.220001220703125,0.0,80.85199737548828,True,True,37.25,0.0,72.91400146484375,True,True,32.939998626708984,0.0,66.50599670410156,True,True,39.560001373291016,0.0,66.00199890136719,True,True,46.16999816894531,0.0,74.8219985961914,True,True,36.95000076293945,0.0,74.31800079345703,True,True,46.400001525878906,0.0,76.0459976196289,True,True,38.02000045776367,0.0,64.7959976196289,True,True,-25.0,68.11000061035156,,,,43.75400161743164,210.0019989013672,44.3120002746582,144.0,36.0,
2021-08-02 06:15:00,,,,,30.5,0.0,65.98400115966797,True,True,92.04000091552734,0.0,74.19200134277344,True,True,58.84000015258789,0.0,75.18199920654297,True,True,52.41999816894531,0.0,80.49199676513672,True,True,37.18000030517578,0.0,72.89600372314453,True,True,32.27000045776367,0.0,66.34400177001953,True,True,39.15999984741211,0.0,65.83999633789062,True,True,46.11000061035156,0.0,75.0739974975586,True,True,37.0,0.0,74.20999908447266,True,True,36.93000030517578,0.0,75.95600128173828,True,True,38.18000030517578,0.0,64.3280029296875,True,True,-25.0,67.91000366210938,,,,44.20399856567383,210.0019989013672,44.79800033569336,152.0,38.0,
2021-08-02 06:30:00,,,,,30.510000228881836,0.0,65.98400115966797,True,True,93.88999938964844,0.0,74.19200134277344,True,True,54.66999816894531,0.0,75.27200317382812,True,True,53.38999938964844,0.0,80.90599822998047,True,True,41.75,0.0,72.96800231933594,True,True,33.68000030517578,0.0,67.35199737548828,True,True,37.33000183105469,0.0,65.8219985961914,True,True,47.90999984741211,0.0,75.0199966430664,True,True,38.2599983215332,0.0,74.19200134277344,True,True,42.220001220703125,0.0,75.93800354003906,True,True,35.7599983215332,0.0,64.27400207519531,True,True,-25.0,68.91000366210938,,,,44.4739990234375,210.0019989013672,44.79800033569336,144.0,36.0,
2021-08-02 06:45:00,,,,,31.239999771118164,0.0,66.34400177001953,True,True,95.58999633789062,0.0,74.19200134277344,True,True,55.95000076293945,0.0,75.16400146484375,True,True,53.439998626708984,0.0,81.08599853515625,True,True,42.04999923706055,0.0,73.14800262451172,True,True,38.189998626708984,0.0,67.33399963378906,True,True,37.540000915527344,0.0,65.89399719238281,True,True,47.380001068115234,0.0,74.6780014038086,True,True,37.02000045776367,0.0,74.22799682617188,True,True,40.95000076293945,0.0,75.99199676513672,True,True,41.40999984741211,0.0,64.4540023803711,True,True,-25.0,76.12000274658203,,,,44.29399871826172,210.0019989013672,44.70800018310547,152.0,38.0,
2021-08-02 07:00:00,,,,,32.849998474121094,0.0,66.83000183105469,True,True,96.55000305175781,0.0,74.19200134277344,True,True,59.88999938964844,0.0,75.27200317382812,True,True,54.31999969482422,0.0,81.71600341796875,True,True,40.459999084472656,0.0,73.27400207519531,True,True,30.93000030517578,0.0,67.7300033569336,True,True,39.66999816894531,0.0,66.14600372314453,True,True,48.0099983215332,0.0,74.96600341796875,True,True,36.970001220703125,0.0,74.26399993896484,True,True,43.540000915527344,0.0,75.99199676513672,True,True,42.40999984741211,0.0,64.6520004272461,True,True,-25.0,67.73999786376953,,,,44.36600112915039,210.0019989013672,44.72600173950195,152.0,38.0,
2021-08-02 07:15:00,,,,,33.88999938964844,0.0,67.27999877929688,True,True,98.1500015258789,0.0,74.19200134277344,True,True,56.29999923706055,0.0,75.19999694824219,True,True,55.08000183105469,0.0,82.18399810791016,True,True,41.119998931884766,0.0,73.27400207519531,True,True,33.09000015258789,0.0,68.30599975585938,True,True,39.5,0.0,66.4520034790039,True,True,46.83000183105469,0.0,75.00199890136719,True,True,40.279998779296875,0.0,74.30000305175781,True,True,43.7599983215332,0.0,75.99199676513672,True,True,40.93000030517578,0.0,65.13800048828125,True,True,-25.0,62.290000915527344,,,,44.70800018310547,210.0019989013672,45.17599868774414,144.0,36.0,
2021-08-02 07:30:00,,,,,38.7400016784668,0.0,68.14399719238281,True,True,99.94000244140625,0.0,74.22799682617188,True,True,62.939998626708984,0.0,75.16400146484375,True,True,56.130001068115234,0.0,82.81400299072266,True,True,39.189998626708984,0.0,73.58000183105469,True,True,32.04999923706055,0.0,69.36799621582031,True,True,38.709999084472656,0.0,66.68599700927734,True,True,49.439998626708984,0.0,75.0739974975586,True,True,40.130001068115234,0.0,74.44400024414062,True,True,40.54999923706055,0.0,76.0459976196289,True,True,41.349998474121094,0.0,65.35399627685547,True,True,-25.0,-0.1899999976158142,,,,45.08599853515625,210.0019989013672,45.698001861572266,152.0,38.0,
2021-08-02 07:45:00,,,,,42.88999938964844,0.0,69.36799621582031,True,True,100.0,0.0,74.31800079345703,True,True,75.05000305175781,0.0,75.18199920654297,True,True,59.790000915527344,0.0,82.4000015258789,True,True,50.189998626708984,0.0,73.54399871826172,True,True,35.130001068115234,0.0,70.1780014038086,True,True,38.869998931884766,0.0,66.88400268554688,True,True,53.150001525878906,0.0,75.18199920654297,True,True,41.869998931884766,0.0,74.552001953125,True,True,37.95000076293945,0.0,76.1719970703125,True,True,41.91999816894531,0.0,65.91200256347656,True,True,-25.0,69.4800033569336,,,,51.83599853515625,210.0019989013672,53.492000579833984,144.0,36.0,
2021-08-02 08:00:00,,,,,34.650001525878906,0.0,70.77200317382812,True,True,100.0,0.0,74.37200164794922,True,True,59.189998626708984,0.0,75.32599639892578,True,True,59.720001220703125,0.0,83.35399627685547,True,True,39.93000030517578,0.0,73.76000213623047,True,True,37.11000061035156,0.0,71.13200378417969,True,True,39.709999084472656,0.0,67.44200134277344,True,True,47.90999984741211,0.0,75.29000091552734,True,True,45.599998474121094,0.0,74.66000366210938,True,True,39.61000061035156,0.0,76.24400329589844,True,True,43.86000061035156,0.0,66.73999786376953,True,True,-25.0,71.62000274658203,,,,41.737998962402344,210.0019989013672,42.40399932861328,152.0,38.0,
2021-08-02 08:15:00,,,,,36.189998626708984,0.0,72.55400085449219,True,True,81.36000061035156,0.0,74.35399627685547,True,True,61.790000915527344,0.0,75.18199920654297,True,True,50.939998626708984,0.0,87.45800018310547,True,True,41.22999954223633,0.0,73.77799987792969,True,True,34.099998474121094,0.0,72.75199890136719,True,True,39.47999954223633,0.0,68.25199890136719,True,True,48.54999923706055,0.0,75.14600372314453,True,True,45.029998779296875,0.0,74.66000366210938,True,True,40.720001220703125,0.0,76.35199737548828,True,True,40.54999923706055,0.0,67.85600280761719,True,True,-25.0,68.26000213623047,,,,41.14400100708008,210.0019989013672,41.64799880981445,152.0,38.0,
2021-08-02 08:30:00,,,,,33.31999969482422,0.0,74.15599822998047,True,True,79.70999908447266,0.0,74.31800079345703,True,True,54.689998626708984,0.0,75.18199920654297,True,True,50.0,0.0,89.97799682617188,True,True,41.08000183105469,0.0,73.81400299072266,True,True,37.70000076293945,0.0,74.6240005493164,True,True,41.70000076293945,0.0,69.27799987792969,True,True,53.709999084472656,0.0,75.50599670410156,True,True,40.540000915527344,0.0,74.76799774169922,True,True,47.93000030517578,0.0,76.40599822998047,True,True,46.88999938964844,0.0,69.0979995727539,True,True,-25.0,68.30000305175781,,,,41.28799819946289,210.0019989013672,41.86399841308594,152.0,38.0,
2021-08-02 08:45:00,,,,,34.380001068115234,0.0,75.63200378417969,True,True,80.70999908447266,0.0,74.19200134277344,True,True,50.95000076293945,0.0,75.12799835205078,True,True,50.20000076293945,0.0,91.6520004272461,True,True,37.720001220703125,0.0,73.81400299072266,True,True,37.91999816894531,0.0,75.72200012207031,True,True,37.5099983215332,0.0,70.3219985961914,True,True,46.720001220703125,0.0,75.23600006103516,True,True,36.790000915527344,0.0,74.80400085449219,True,True,41.90999984741211,0.0,76.42400360107422,True,True,37.849998474121094,0.0,70.39399719238281,True,True,-25.0,68.26000213623047,,,,41.18000030517578,210.0019989013672,41.683998107910156,160.0,40.0,
2021-08-02 09:00:00,,,,,38.459999084472656,0.0,76.71199798583984,True,True,79.05000305175781,0.0,74.15599822998047,True,True,50.13999938964844,0.0,75.14600372314453,True,True,51.939998626708984,0.0,88.86199951171875,True,True,37.939998626708984,0.0,73.86799621582031,True,True,40.119998931884766,0.0,76.94599914550781,True,True,39.16999816894531,0.0,71.70800018310547,True,True,47.630001068115234,0.0,75.43399810791016,True,True,37.400001525878906,0.0,74.76799774169922,True,True,41.880001068115234,0.0,76.44200134277344,True,True,39.0099983215332,0.0,72.3740005493164,True,True,-25.0,65.41000366210938,,,,41.64799880981445,210.0019989013672,42.1879997253418,168.0,42.0,
2021-08-02 09:15:00,,,,,39.849998474121094,0.0,77.50399780273438,True,True,79.06999969482422,0.0,74.13800048828125,True,True,49.529998779296875,0.0,75.12799835205078,True,True,50.880001068115234,0.0,92.13800048828125,True,True,26.3700008392334,1.100000023841858,73.99400329589844,True,True,43.279998779296875,0.0,78.24199676513672,True,True,39.25,0.0,72.8239974975586,True,True,46.77000045776367,0.0,75.36199951171875,True,True,35.279998779296875,0.0,74.80400085449219,True,True,35.84000015258789,0.0,76.42400360107422,True,True,41.77000045776367,0.0,73.63400268554688,True,True,-25.0,65.80000305175781,,,,44.29399871826172,210.0019989013672,45.194000244140625,168.0,42.0,
2021-08-02 09:30:00,,,,,52.689998626708984,0.0,78.67400360107422,True,True,75.75,0.0,74.0479965209961,True,True,51.060001373291016,0.0,75.12799835205078,True,True,55.810001373291016,0.0,93.34400177001953,True,True,37.56999969482422,0.0,73.99400329589844,True,True,41.43000030517578,0.0,80.92400360107422,True,True,40.31999969482422,0.0,73.90399932861328,True,True,46.939998626708984,0.0,75.41600036621094,True,True,38.630001068115234,0.0,74.83999633789062,True,True,45.27000045776367,0.0,76.53199768066406,True,True,43.27000045776367,0.0,74.73200225830078,True,True,-25.0,68.43000030517578,,,,43.4119987487793,210.0019989013672,43.84400177001953,160.0,40.0,
2021-08-02 09:45:00,,,,,38.790000915527344,0.0,75.75800323486328,True,True,81.70999908447266,0.0,74.17400360107422,True,True,52.09000015258789,0.0,75.16400146484375,True,True,53.779998779296875,0.0,86.84600067138672,True,True,40.4900016784668,0.0,73.95800018310547,True,True,45.47999954223633,0.0,81.39199829101562,True,True,38.34000015258789,0.0,75.00199890136719,True,True,46.41999816894531,0.0,75.41600036621094,True,True,43.77000045776367,0.0,74.91200256347656,True,True,43.18000030517578,0.0,76.58599853515625,True,True,45.869998931884766,0.0,76.1719970703125,True,True,-25.0,68.5199966430664,,,,41.70199966430664,210.0019989013672,42.13399887084961,168.0,42.0,
2021-08-02 10:00:00,,,,,39.22999954223633,0.0,75.54199981689453,True,True,81.05999755859375,0.0,74.24600219726562,True,True,56.11000061035156,0.0,75.18199920654297,True,True,52.93000030517578,0.0,87.45800018310547,True,True,39.540000915527344,0.0,74.12000274658203,True,True,41.150001525878906,0.0,82.6520004272461,True,True,39.9900016784668,0.0,76.11799621582031,True,True,50.13999938964844,0.0,75.4520034790039,True,True,35.33000183105469,0.0,74.85800170898438,True,True,48.849998474121094,0.0,76.56800079345703,True,True,45.83000183105469,0.0,77.2699966430664,True,True,-25.0,65.29000091552734,,,,43.66400146484375,210.0019989013672,43.89799880981445,160.0,40.0,
2021-08-02 10:15:00,,,,,42.09000015258789,0.0,75.54199981689453,True,True,85.18000030517578,0.0,74.30000305175781,True,True,55.310001373291016,0.0,75.12799835205078,True,True,55.47999954223633,0.0,87.69200134277344,True,True,41.470001220703125,0.0,74.19200134277344,True,True,45.06999969482422,0.0,83.73200225830078,True,True,39.290000915527344,0.0,77.34200286865234,True,True,46.45000076293945,0.0,75.50599670410156,True,True,44.11000061035156,0.0,74.91200256347656,True,True,51.22999954223633,0.0,76.56800079345703,True,True,45.36000061035156,0.0,78.76399993896484,True,True,-25.0,67.23999786376953,,,,45.374000549316406,210.0019989013672,45.6619987487793,160.0,40.0,
2021-08-02 10:30:00,,,,,44.31999969482422,0.0,75.61399841308594,True,True,95.43000030517578,0.0,74.37200164794922,True,True,59.22999954223633,0.0,75.34400177001953,True,True,59.2599983215332,0.0,90.3740005493164,True,True,40.52000045776367,0.0,74.30000305175781,True,True,47.439998626708984,0.0,85.51399993896484,True,True,38.619998931884766,0.0,78.20600128173828,True,True,44.95000076293945,0.0,75.36199951171875,True,True,37.81999969482422,0.0,74.91200256347656,True,True,38.349998474121094,0.0,76.65799713134766,True,True,39.029998779296875,0.0,79.93399810791016,True,True,-25.0,67.38999938964844,,,,46.90399932861328,210.0019989013672,47.24599838256836,160.0,40.0,
2021-08-02 10:45:00,,,,,43.95000076293945,0.0,75.72200012207031,True,True,99.94999694824219,0.0,74.38999938964844,True,True,62.72999954223633,0.0,75.30799865722656,True,True,66.56999969482422,0.0,94.78399658203125,True,True,43.25,0.0,74.31800079345703,True,True,43.33000183105469,0.0,85.69400024414062,True,True,41.66999816894531,0.0,79.10600280761719,True,True,47.0,0.0,75.4520034790039,True,True,40.16999816894531,0.0,74.947998046875,True,True,41.4900016784668,0.0,76.63999938964844,True,True,44.56999969482422,0.0,81.05000305175781,True,True,-25.0,69.73999786376953,,,,46.79600143432617,210.0019989013672,47.28200149536133,168.0,42.0,
2021-08-02 11:00:00,,,,,44.81999969482422,0.0,75.95600128173828,True,True,100.0,0.0,74.49800109863281,True,True,59.380001068115234,0.0,75.30799865722656,True,True,67.26000213623047,0.0,95.79199981689453,True,True,43.61000061035156,0.0,74.46199798583984,True,True,48.08000183105469,0.0,86.79199981689453,True,True,43.060001373291016,0.0,80.4020004272461,True,True,51.77000045776367,0.0,75.72200012207031,True,True,39.36000061035156,0.0,74.947998046875,True,True,45.349998474121094,0.0,76.6760025024414,True,True,45.959999084472656,0.0,82.4000015258789,True,True,-25.0,67.16000366210938,,,,47.012001037597656,210.0019989013672,47.551998138427734,160.0,40.0,
2021-08-02 11:15:00,,,,,39.619998931884766,0.0,75.9739990234375,True,True,100.0,0.0,74.49800109863281,True,True,60.400001525878906,0.0,75.34400177001953,True,True,69.91000366210938,0.0,97.1240005493164,True,True,40.20000076293945,0.0,74.4800033569336,True,True,44.9900016784668,0.0,88.1240005493164,True,True,44.16999816894531,0.0,81.21199798583984,True,True,50.290000915527344,0.0,75.79399871826172,True,True,42.86000061035156,0.0,75.0199966430664,True,True,47.97999954223633,0.0,76.60399627685547,True,True,45.61000061035156,0.0,83.10199737548828,True,True,-25.0,67.30000305175781,,,,46.54399871826172,210.0019989013672,47.012001037597656,176.0,44.0,
2021-08-02 11:30:00,,,,,38.43000030517578,0.0,75.5780029296875,True,True,93.70999908447266,0.0,74.38999938964844,True,True,63.150001525878906,0.0,75.30799865722656,True,True,63.099998474121094,0.0,100.00399780273438,True,True,44.63999938964844,0.0,74.4800033569336,True,True,42.439998626708984,0.0,88.5739974975586,True,True,44.91999816894531,0.0,82.04000091552734,True,True,50.939998626708984,0.0,75.7040023803711,True,True,40.470001220703125,0.0,74.93000030517578,True,True,43.15999984741211,0.0,76.60399627685547,True,True,48.720001220703125,0.0,84.18199920654297,True,True,-25.0,64.80000305175781,,,,46.7239990234375,210.0019989013672,47.012001037597656,168.0,42.0,
2021-08-02 11:45:00,,,,,40.150001525878906,0.0,75.68599700927734,True,True,94.5,0.0,74.37200164794922,True,True,64.13999938964844,0.0,75.36199951171875,True,True,56.04999923706055,0.0,94.96399688720703,True,True,43.790000915527344,0.0,74.552001953125,True,True,49.0099983215332,0.0,89.95999908447266,True,True,45.40999984741211,0.0,83.02999877929688,True,True,53.38999938964844,0.0,75.7040023803711,True,True,40.45000076293945,0.0,74.947998046875,True,True,47.9900016784668,0.0,76.6760025024414,True,True,49.060001373291016,0.0,85.7300033569336,True,True,-25.0,62.349998474121094,,,,46.63399887084961,210.0019989013672,47.012001037597656,168.0,42.0,
2021-08-02 12:00:00,,,,,39.349998474121094,0.0,75.72200012207031,True,True,99.31999969482422,0.0,74.38999938964844,True,True,62.40999984741211,0.0,75.36199951171875,True,True,54.7599983215332,0.0,89.81600189208984,True,True,41.099998474121094,0.0,74.66000366210938,True,True,44.310001373291016,0.0,90.44599914550781,True,True,45.65999984741211,0.0,81.24800109863281,True,True,52.2400016784668,0.0,75.75800323486328,True,True,41.599998474121094,0.0,74.91200256347656,True,True,40.47999954223633,0.0,76.58599853515625,True,True,47.72999954223633,0.0,86.43199920654297,True,True,-25.0,66.16000366210938,,,,47.17399978637695,210.0019989013672,47.5880012512207,168.0,42.0,
2021-08-02 12:15:00,,,,,39.369998931884766,0.0,75.72200012207031,True,True,100.0,0.0,74.40799713134766,True,True,64.75,0.0,75.37999725341797,True,True,53.0099983215332,0.0,91.05799865722656,True,True,45.439998626708984,0.0,74.58799743652344,True,True,44.0,0.0,90.84200286865234,True,True,40.7599983215332,0.0,74.75,True,True,52.59000015258789,0.0,75.75800323486328,True,True,42.08000183105469,0.0,74.91200256347656,True,True,46.16999816894531,0.0,76.60399627685547,True,True,50.5,0.0,87.78199768066406,True,True,-25.0,64.3499984741211,,,,47.13800048828125,210.0019989013672,47.24599838256836,168.0,42.0,
2021-08-02 12:30:00,,,,,38.779998779296875,0.0,75.79399871826172,True,True,95.06999969482422,0.0,74.4260025024414,True,True,69.06999969482422,0.0,75.37999725341797,True,True,52.470001220703125,0.0,93.39800262451172,True,True,40.5,0.0,74.64199829101562,True,True,42.79999923706055,0.0,91.25599670410156,True,True,41.95000076293945,0.0,84.27200317382812,True,True,51.7400016784668,0.0,75.81199645996094,True,True,40.65999984741211,0.0,74.91200256347656,True,True,41.88999938964844,0.0,76.71199798583984,True,True,48.5099983215332,0.0,88.71800231933594,True,True,-25.0,64.68000030517578,,,,47.5880012512207,210.0019989013672,47.7140007019043,152.0,38.0,
2021-08-02 12:45:00,,,,,40.18000030517578,0.0,75.7760009765625,True,True,98.19000244140625,0.0,74.44400024414062,True,True,66.62999725341797,0.0,75.34400177001953,True,True,52.47999954223633,0.0,96.88999938964844,True,True,40.529998779296875,0.0,74.64199829101562,True,True,44.38999938964844,0.0,91.16600036621094,True,True,42.290000915527344,0.0,75.61399841308594,True,True,54.849998474121094,0.0,75.83000183105469,True,True,39.68000030517578,0.0,74.98400115966797,True,True,46.54999923706055,0.0,76.6760025024414,True,True,53.029998779296875,0.0,89.2760009765625,True,True,-25.0,69.19000244140625,,,,47.84000015258789,210.0019989013672,48.21799850463867,168.0,42.0,
2021-08-02 13:00:00,,,,,39.029998779296875,0.0,76.26200103759766,True,True,93.54000091552734,0.0,74.40799713134766,True,True,64.75,0.0,75.37999725341797,True,True,51.060001373291016,0.0,99.21199798583984,True,True,44.79999923706055,0.0,74.80400085449219,True,True,49.150001525878906,0.0,92.26399993896484,True,True,39.29999923706055,0.0,83.552001953125,True,True,54.540000915527344,0.0,76.02799987792969,True,True,39.029998779296875,0.0,75.00199890136719,True,True,52.040000915527344,0.0,76.802001953125,True,True,48.56999969482422,0.0,89.4739990234375,True,True,-25.0,65.54000091552734,,,,49.172000885009766,210.0019989013672,49.316001892089844,168.0,42.0,
2021-08-02 13:15:00,,,,,35.630001068115234,0.0,76.42400360107422,True,True,96.68000030517578,0.0,74.40799713134766,True,True,61.880001068115234,0.0,75.39800262451172,True,True,50.40999984741211,0.0,100.11199951171875,True,True,39.970001220703125,0.0,74.69599914550781,True,True,44.95000076293945,0.0,92.31800079345703,True,True,41.349998474121094,0.0,76.38800048828125,True,True,53.70000076293945,0.0,75.79399871826172,True,True,41.279998779296875,0.0,75.00199890136719,True,True,39.58000183105469,0.0,76.78399658203125,True,True,53.790000915527344,0.0,89.4020004272461,True,True,-25.0,61.7400016784668,,,,42.40399932861328,210.0019989013672,42.83599853515625,160.0,40.0,
2021-08-02 13:30:00,,,,,35.400001525878906,0.0,77.98999786376953,True,True,90.06999969482422,0.0,74.37200164794922,True,True,58.880001068115234,0.0,75.36199951171875,True,True,45.65999984741211,0.0,102.7760009765625,True,True,39.380001068115234,0.0,74.89399719238281,True,True,40.5099983215332,0.0,92.76799774169922,True,True,38.25,0.0,82.68800354003906,True,True,55.40999984741211,0.0,76.08200073242188,True,True,42.43000030517578,0.0,75.09200286865234,True,True,41.93000030517578,0.0,76.85600280761719,True,True,48.09000015258789,0.0,89.61799621582031,True,True,-25.0,60.939998626708984,,,,42.40399932861328,210.0019989013672,42.78200149536133,160.0,40.0,
2021-08-02 13:45:00,,,,,33.70000076293945,0.0,76.76599884033203,True,True,89.91000366210938,0.0,74.37200164794922,True,True,56.150001525878906,0.0,75.32599639892578,True,True,42.619998931884766,0.0,95.98999786376953,True,True,40.540000915527344,0.0,74.76799774169922,True,True,39.880001068115234,0.0,93.0739974975586,True,True,43.25,0.0,77.10800170898438,True,True,57.209999084472656,0.0,76.06400299072266,True,True,45.70000076293945,0.0,75.11000061035156,True,True,49.77000045776367,0.0,76.83799743652344,True,True,62.060001373291016,0.0,89.63600158691406,True,True,-25.0,63.2599983215332,,,,42.54800033569336,210.0019989013672,42.422000885009766,168.0,42.0,
2021-08-02 14:00:00,,,,,40.130001068115234,0.0,78.4219970703125,True,True,78.69999694824219,0.0,74.33599853515625,True,True,50.529998779296875,0.0,75.32599639892578,True,True,42.220001220703125,0.0,98.6719970703125,True,True,37.81999969482422,0.0,74.98400115966797,True,True,42.560001373291016,0.0,93.52400207519531,True,True,40.97999954223633,0.0,81.8239974975586,True,True,51.04999923706055,0.0,76.02799987792969,True,True,41.70000076293945,0.0,75.12799835205078,True,True,46.70000076293945,0.0,76.89199829101562,True,True,44.849998474121094,0.0,89.58200073242188,True,True,-25.0,61.68000030517578,,,,43.82600021362305,210.0019989013672,44.36600112915039,160.0,40.0,
2021-08-02 14:15:00,,,,,33.33000183105469,0.0,78.72799682617188,True,True,86.56999969482422,0.0,74.30000305175781,True,True,50.470001220703125,0.0,75.36199951171875,True,True,46.65999984741211,0.0,102.6500015258789,True,True,38.54999923706055,0.0,74.96600341796875,True,True,42.790000915527344,0.0,93.66799926757812,True,True,40.68000030517578,0.0,77.59400177001953,True,True,48.15999984741211,0.0,75.8479995727539,True,True,42.7599983215332,0.0,75.19999694824219,True,True,43.779998779296875,0.0,77.0719985961914,True,True,46.43000030517578,0.0,90.05000305175781,True,True,-25.0,59.81999969482422,,,,41.97200012207031,210.0019989013672,42.27799987792969,160.0,40.0,
2021-08-02 14:30:00,,,,,36.369998931884766,0.0,81.87799835205078,True,True,77.11000061035156,0.0,74.19200134277344,True,True,56.65999984741211,0.0,75.30799865722656,True,True,43.15999984741211,0.0,104.41400146484375,True,True,40.619998931884766,0.0,74.947998046875,True,True,45.88999938964844,0.0,94.02799987792969,True,True,35.97999954223633,0.0,80.4739990234375,True,True,50.02000045776367,0.0,76.22599792480469,True,True,40.880001068115234,0.0,75.05599975585938,True,True,53.59000015258789,0.0,77.21600341796875,True,True,51.83000183105469,0.0,90.55400085449219,True,True,-25.0,60.709999084472656,,,,45.26599884033203,210.0019989013672,45.35599899291992,160.0,40.0,
2021-08-02 14:45:00,,,,,38.810001373291016,0.0,77.37799835205078,True,True,84.08999633789062,0.0,74.13800048828125,True,True,56.08000183105469,0.0,75.29000091552734,True,True,48.58000183105469,0.0,103.98200225830078,True,True,42.20000076293945,0.0,74.96600341796875,True,True,44.84000015258789,0.0,93.72200012207031,True,True,37.939998626708984,0.0,78.3499984741211,True,True,51.470001220703125,0.0,76.24400329589844,True,True,41.2400016784668,0.0,75.12799835205078,True,True,38.08000183105469,0.0,77.21600341796875,True,True,45.880001068115234,0.0,91.43599700927734,True,True,-25.0,63.45000076293945,,,,44.79800033569336,210.0019989013672,45.26599884033203,160.0,40.0,
2021-08-02 15:00:00,,,,,40.84000015258789,0.0,79.26799774169922,True,True,93.44999694824219,0.0,74.19200134277344,True,True,60.459999084472656,0.0,75.4520034790039,True,True,51.2599983215332,0.0,105.65599822998047,True,True,42.869998931884766,0.0,75.11000061035156,True,True,44.7599983215332,0.0,93.21800231933594,True,True,37.630001068115234,0.0,78.87200164794922,True,True,48.380001068115234,0.0,76.19000244140625,True,True,38.470001220703125,0.0,75.21800231933594,True,True,37.91999816894531,0.0,77.28800201416016,True,True,46.45000076293945,0.0,91.43599700927734,True,True,-25.0,63.779998779296875,,,,44.54600143432617,210.0019989013672,44.79800033569336,168.0,42.0,
2021-08-02 15:15:00,,,,,34.650001525878906,0.0,78.06199645996094,True,True,96.16999816894531,0.0,74.20999908447266,True,True,57.59000015258789,0.0,75.4520034790039,True,True,50.91999816894531,0.0,105.69200134277344,True,True,41.59000015258789,0.0,74.91200256347656,True,True,41.040000915527344,0.0,92.85800170898438,True,True,41.13999938964844,0.0,79.08799743652344,True,True,50.81999969482422,0.0,76.26200103759766,True,True,43.369998931884766,0.0,75.27200317382812,True,True,47.38999938964844,0.0,77.50399780273438,True,True,51.22999954223633,0.0,91.00399780273438,True,True,-25.0,63.810001373291016,,,,43.43000030517578,210.0019989013672,44.00600051879883,168.0,42.0,
2021-08-02 15:30:00,,,,,55.15999984741211,0.0,80.41999816894531,True,True,88.01000213623047,0.0,74.19200134277344,True,True,67.26000213623047,0.0,75.41600036621094,True,True,49.310001373291016,0.0,107.11399841308594,True,True,50.47999954223633,0.0,74.91200256347656,True,True,45.790000915527344,0.0,92.24600219726562,True,True,38.2599983215332,0.0,75.72200012207031,True,True,46.41999816894531,0.0,76.24400329589844,True,True,38.45000076293945,0.0,75.41600036621094,True,True,42.810001373291016,0.0,77.43199920654297,True,True,49.16999816894531,0.0,90.302001953125,True,True,-25.0,71.8499984741211,,,,53.077999114990234,210.0019989013672,55.34600067138672,160.0,40.0,
2021-08-02 15:45:00,,,,,43.060001373291016,0.0,80.92400360107422,True,True,94.93000030517578,0.0,74.26399993896484,True,True,62.75,0.0,75.47000122070312,True,True,49.619998931884766,0.0,106.41200256347656,True,True,44.06999969482422,0.0,74.93000030517578,True,True,51.150001525878906,0.0,91.83200073242188,True,True,41.22999954223633,0.0,81.93199920654297,True,True,50.689998626708984,0.0,76.2979965209961,True,True,45.06999969482422,0.0,75.52400207519531,True,True,42.27000045776367,0.0,77.55799865722656,True,True,50.59000015258789,0.0,89.51000213623047,True,True,-25.0,70.3499984741211,,,,46.922000885009766,210.0019989013672,47.51599884033203,168.0,42.0,
2021-08-02 16:00:00,,,,,37.529998779296875,0.0,78.78199768066406,True,True,100.0,0.0,74.37200164794922,True,True,61.470001220703125,0.0,75.50599670410156,True,True,48.63999938964844,0.0,101.46199798583984,True,True,44.18000030517578,0.0,75.0199966430664,True,True,45.84000015258789,0.0,91.88600158691406,True,True,37.439998626708984,0.0,75.0739974975586,True,True,52.04999923706055,0.0,76.31600189208984,True,True,39.869998931884766,0.0,75.50599670410156,True,True,45.5099983215332,0.0,77.52200317382812,True,True,45.11000061035156,0.0,89.09600067138672,True,True,-25.0,68.3499984741211,,,,47.641998291015625,210.0019989013672,48.07400131225586,160.0,40.0,
2021-08-02 16:15:00,,,,,75.72000122070312,0.0,82.07599639892578,True,True,100.0,0.0,74.46199798583984,True,True,83.41000366210938,0.0,75.4520034790039,True,True,72.02999877929688,0.0,101.24600219726562,True,True,48.689998626708984,0.0,75.0199966430664,True,True,64.41999816894531,0.0,91.70600128173828,True,True,52.63999938964844,0.0,83.85800170898438,True,True,59.02000045776367,0.0,76.24400329589844,True,True,46.540000915527344,0.0,75.6500015258789,True,True,40.880001068115234,0.0,77.86399841308594,True,True,53.7400016784668,0.0,88.89800262451172,True,True,-25.0,96.36000061035156,,,,50.93600082397461,210.0019989013672,51.60200119018555,168.0,42.0,
2021-08-02 16:30:00,,,,,41.88999938964844,0.0,82.41799926757812,True,True,100.0,0.0,74.58799743652344,True,True,64.66000366210938,0.0,75.52400207519531,True,True,50.75,0.0,104.73799896240234,True,True,43.20000076293945,0.0,75.00199890136719,True,True,49.279998779296875,0.0,91.86799621582031,True,True,38.099998474121094,0.0,75.52400207519531,True,True,54.09000015258789,0.0,76.2979965209961,True,True,46.83000183105469,0.0,75.63200378417969,True,True,46.630001068115234,0.0,77.97200012207031,True,True,53.02000045776367,0.0,88.98799896240234,True,True,-25.0,71.75,,,,47.965999603271484,210.0019989013672,48.54199981689453,160.0,40.0,
2021-08-02 16:45:00,,,,,40.58000183105469,1.3200000524520874,85.02799987792969,True,True,91.05999755859375,0.0,74.58799743652344,True,True,62.790000915527344,0.0,75.32599639892578,True,True,51.06999969482422,0.0,106.55599975585938,True,True,42.79999923706055,0.0,75.19999694824219,True,True,47.7599983215332,0.0,91.48999786376953,True,True,51.939998626708984,0.0,84.75800323486328,True,True,53.66999816894531,0.0,76.2979965209961,True,True,54.15999984741211,0.0,75.63200378417969,True,True,43.04999923706055,0.0,78.06199645996094,True,True,66.52999877929688,0.0,89.2040023803711,True,True,-25.0,74.94999694824219,,,,46.507999420166016,210.0019989013672,46.97600173950195,160.0,40.0,
2021-08-02 17:00:00,,,,,37.630001068115234,0.0,83.947998046875,True,True,95.06999969482422,0.0,74.552001953125,True,True,56.040000915527344,0.0,75.43399810791016,True,True,42.900001525878906,0.0,106.03399658203125,True,True,42.31999969482422,0.0,75.09200286865234,True,True,43.22999954223633,0.0,90.24800109863281,True,True,45.400001525878906,0.0,76.19000244140625,True,True,58.150001525878906,0.0,76.49600219726562,True,True,46.369998931884766,0.0,75.75800323486328,True,True,51.880001068115234,0.0,77.86399841308594,True,True,57.349998474121094,0.0,88.82599639892578,True,True,-25.0,68.12000274658203,,,,45.15800094604492,210.0019989013672,45.698001861572266,160.0,40.0,
2021-08-02 17:15:00,,,,,37.7400016784668,0.0,81.8239974975586,True,True,90.26000213623047,0.0,74.44400024414062,True,True,49.58000183105469,0.0,75.41600036621094,True,True,44.849998474121094,0.0,106.5739974975586,True,True,39.900001525878906,0.0,74.947998046875,True,True,43.63999938964844,0.0,89.97799682617188,True,True,38.41999816894531,0.0,81.89600372314453,True,True,51.2599983215332,0.0,76.55000305175781,True,True,41.0,0.0,75.63200378417969,True,True,40.75,0.0,77.97200012207031,True,True,75.2300033569336,0.019999999552965164,88.77200317382812,True,True,-25.0,64.30999755859375,,,,43.84400177001953,210.0019989013672,44.3120002746582,160.0,40.0,
2021-08-02 17:30:00,,,,,33.18000030517578,0.0,80.61799621582031,True,True,89.27999877929688,0.0,74.38999938964844,True,True,46.130001068115234,0.0,75.37999725341797,True,True,41.810001373291016,0.0,105.69200134277344,True,True,39.7400016784668,0.0,74.85800170898438,True,True,43.84000015258789,0.0,89.5459976196289,True,True,43.18000030517578,0.0,78.33200073242188,True,True,51.470001220703125,0.0,76.31600189208984,True,True,42.540000915527344,0.0,75.63200378417969,True,True,45.16999816894531,0.0,77.86399841308594,True,True,49.18000030517578,0.0,88.03399658203125,True,True,-25.0,57.61000061035156,,,,43.30400085449219,210.0019989013672,43.66400146484375,152.0,38.0,
2021-08-02 17:45:00,,,,,33.54999923706055,0.0,79.21399688720703,True,True,83.06999969482422,0.0,74.37200164794922,True,True,46.150001525878906,0.0,75.37999725341797,True,True,40.84000015258789,0.0,105.49400329589844,True,True,38.33000183105469,0.0,74.8219985961914,True,True,40.18000030517578,0.0,89.41999816894531,True,True,37.709999084472656,0.0,76.71199798583984,True,True,49.630001068115234,0.0,76.15399932861328,True,True,46.65999984741211,0.0,75.63200378417969,True,True,45.709999084472656,0.0,77.84600067138672,True,True,47.279998779296875,0.0,87.31400299072266,True,True,-25.0,53.84000015258789,,,,42.0620002746582,210.0019989013672,42.566001892089844,160.0,40.0,
2021-08-02 18:00:00,,,,,33.13999938964844,0.0,82.50800323486328,True,True,85.16000366210938,0.0,74.28199768066406,True,True,49.86000061035156,0.0,75.37999725341797,True,True,43.20000076293945,0.0,105.33200073242188,True,True,38.25,0.0,74.93000030517578,True,True,45.84000015258789,0.0,89.0780029296875,True,True,39.380001068115234,0.0,83.60600280761719,True,True,45.529998779296875,0.0,76.19000244140625,True,True,37.279998779296875,0.0,75.59600067138672,True,True,37.54999923706055,0.0,78.04399871826172,True,True,55.06999969482422,0.0,86.25199890136719,True,True,-25.0,52.79999923706055,,,,41.77399826049805,210.0019989013672,42.31399917602539,152.0,38.0,
2021-08-02 18:15:00,,,,,31.829999923706055,0.0,81.697998046875,True,True,84.05999755859375,0.0,74.35399627685547,True,True,48.220001220703125,0.0,75.37999725341797,True,True,38.970001220703125,0.0,105.69200134277344,True,True,42.7400016784668,0.0,74.96600341796875,True,True,45.0,0.0,88.43000030517578,True,True,36.20000076293945,0.0,76.01000213623047,True,True,46.25,0.0,76.2979965209961,True,True,46.439998626708984,0.0,75.63200378417969,True,True,42.41999816894531,0.0,77.86399841308594,True,True,44.09000015258789,0.0,85.98200225830078,True,True,-25.0,51.279998779296875,,,,41.61199951171875,210.0019989013672,42.007999420166016,144.0,36.0,
2021-08-02 18:30:00,,,,,34.45000076293945,0.0,81.33799743652344,True,True,87.58999633789062,0.0,74.33599853515625,True,True,45.29999923706055,0.0,75.4520034790039,True,True,41.849998474121094,0.0,106.23200225830078,True,True,42.529998779296875,0.0,74.91200256347656,True,True,44.630001068115234,0.0,87.87200164794922,True,True,36.380001068115234,0.0,80.81600189208984,True,True,48.22999954223633,0.0,76.26200103759766,True,True,40.86000061035156,0.0,75.5780029296875,True,True,35.4900016784668,0.0,77.97200012207031,True,True,50.20000076293945,0.0,85.53199768066406,True,True,-25.0,51.79999923706055,,,,41.737998962402344,210.0019989013672,42.2239990234375,160.0,40.0,
2021-08-02 18:45:00,,,,,34.209999084472656,0.0,80.94200134277344,True,True,84.81999969482422,0.0,74.37200164794922,True,True,47.029998779296875,0.0,75.37999725341797,True,True,39.209999084472656,0.0,105.65599822998047,True,True,38.04999923706055,0.0,74.8219985961914,True,True,45.060001373291016,0.0,86.79199981689453,True,True,36.099998474121094,0.0,83.19200134277344,True,True,46.93000030517578,0.0,76.24400329589844,True,True,47.22999954223633,0.0,75.52400207519531,True,True,37.97999954223633,0.0,78.04399871826172,True,True,42.31999969482422,0.0,85.1719970703125,True,True,-25.0,49.75,,,,42.0620002746582,210.0019989013672,42.45800018310547,152.0,38.0,
2021-08-02 19:00:00,,,,,38.13999938964844,0.0,80.76200103759766,True,True,88.93000030517578,0.0,74.30000305175781,True,True,47.68000030517578,0.0,75.41600036621094,True,True,43.9900016784668,0.0,105.0979995727539,True,True,38.689998626708984,0.0,74.80400085449219,True,True,42.369998931884766,0.0,85.83799743652344,True,True,38.68000030517578,0.0,83.06600189208984,True,True,46.849998474121094,0.0,76.26200103759766,True,True,34.45000076293945,0.0,75.52400207519531,True,True,42.189998626708984,0.0,78.08000183105469,True,True,47.66999816894531,0.0,84.6500015258789,True,True,-25.0,50.2599983215332,,,,42.2599983215332,210.0019989013672,42.72800064086914,152.0,38.0,
2021-08-02 19:15:00,,,,,33.09000015258789,0.0,80.05999755859375,True,True,87.19999694824219,0.0,74.31800079345703,True,True,47.84000015258789,0.0,75.37999725341797,True,True,39.70000076293945,0.0,104.43199920654297,True,True,37.59000015258789,0.0,74.73200225830078,True,True,42.560001373291016,0.0,84.86599731445312,True,True,38.7599983215332,0.0,82.58000183105469,True,True,45.560001373291016,0.0,76.13600158691406,True,True,40.5099983215332,0.0,75.4520034790039,True,True,47.52000045776367,0.0,78.0260009765625,True,True,45.689998626708984,0.0,83.58799743652344,True,True,-25.0,47.2400016784668,,,,41.77399826049805,210.0019989013672,42.2239990234375,152.0,38.0,
2021-08-02 19:30:00,,,,,33.5,0.0,79.64600372314453,True,True,91.33999633789062,0.0,74.31800079345703,True,True,46.7599983215332,0.0,75.34400177001953,True,True,39.18000030517578,0.0,103.76599884033203,True,True,38.56999969482422,0.0,74.69599914550781,True,True,38.470001220703125,0.0,83.78600311279297,True,True,40.36000061035156,0.0,81.93199920654297,True,True,48.650001525878906,0.0,76.19000244140625,True,True,39.7400016784668,0.0,75.41600036621094,True,True,46.33000183105469,0.0,77.93599700927734,True,True,45.380001068115234,0.0,82.68800354003906,True,True,-25.0,45.43000030517578,,,,41.97200012207031,210.0019989013672,42.31399917602539,152.0,38.0,
2021-08-02 19:45:00,,,,,32.970001220703125,0.0,78.94400024414062,True,True,86.20999908447266,0.0,74.24600219726562,True,True,47.38999938964844,0.0,75.4520034790039,True,True,39.130001068115234,0.0,101.71399688720703,True,True,40.849998474121094,0.0,74.58799743652344,True,True,42.77000045776367,0.0,82.74199676513672,True,True,38.75,0.0,81.13999938964844,True,True,52.869998931884766,0.0,76.11799621582031,True,True,43.93000030517578,0.0,75.34400177001953,True,True,47.45000076293945,0.0,77.86399841308594,True,True,44.41999816894531,0.0,81.8239974975586,True,True,-25.0,49.459999084472656,,,,42.0620002746582,210.0019989013672,42.45800018310547,144.0,36.0,
2021-08-02 20:00:00,,,,,38.15999984741211,0.0,78.2239990234375,True,True,95.27999877929688,0.0,74.35399627685547,True,True,48.540000915527344,0.0,75.4520034790039,True,True,41.810001373291016,0.0,100.95800018310547,True,True,38.38999938964844,0.0,74.6780014038086,True,True,41.2599983215332,0.0,81.93199920654297,True,True,40.119998931884766,0.0,80.25800323486328,True,True,45.709999084472656,0.0,75.86599731445312,True,True,37.59000015258789,0.0,75.29000091552734,True,True,41.380001068115234,0.0,77.86399841308594,True,True,42.779998779296875,0.0,80.25800323486328,True,True,-25.0,52.84000015258789,,,,42.40399932861328,210.0019989013672,42.81800079345703,152.0,38.0,
2021-08-02 20:15:00,,,,,35.529998779296875,0.0,77.43199920654297,True,True,88.94999694824219,0.0,74.37200164794922,True,True,49.029998779296875,0.0,75.4520034790039,True,True,39.81999969482422,0.0,100.63400268554688,True,True,40.11000061035156,0.0,74.58799743652344,True,True,44.65999984741211,0.0,81.15799713134766,True,True,40.310001373291016,0.0,79.01599884033203,True,True,45.52000045776367,0.0,75.93800354003906,True,True,38.65999984741211,0.0,75.21800231933594,True,True,37.65999984741211,0.0,77.86399841308594,True,True,46.06999969482422,0.0,78.76399993896484,True,True,-25.0,54.810001373291016,,,,42.96200180053711,210.0019989013672,43.321998596191406,152.0,38.0,
2021-08-02 20:30:00,,,,,35.5099983215332,0.0,76.9280014038086,True,True,92.54000091552734,0.0,74.37200164794922,True,True,50.4900016784668,0.0,75.47000122070312,True,True,40.709999084472656,0.0,100.61599731445312,True,True,39.40999984741211,0.0,74.60600280761719,True,True,41.810001373291016,0.0,80.33000183105469,True,True,39.220001220703125,0.0,77.91799926757812,True,True,45.56999969482422,0.0,75.99199676513672,True,True,38.25,0.0,75.23600006103516,True,True,45.18000030517578,0.0,77.75599670410156,True,True,41.560001373291016,0.0,77.3239974975586,True,True,-25.0,57.7400016784668,,,,43.77199935913086,210.0019989013672,44.18600082397461,144.0,36.0,
2021-08-02 20:45:00,,,,,39.439998626708984,0.0,76.49600219726562,True,True,100.0,0.0,74.37200164794922,True,True,50.95000076293945,0.0,75.4520034790039,True,True,46.189998626708984,0.0,100.3280029296875,True,True,42.34000015258789,0.0,74.552001953125,True,True,47.0099983215332,0.0,79.84400177001953,True,True,39.45000076293945,0.0,77.01799774169922,True,True,46.72999954223633,0.0,75.93800354003906,True,True,38.369998931884766,0.0,75.23600006103516,True,True,30.6299991607666,0.6100000143051147,77.68399810791016,True,True,41.13999938964844,0.0,76.24400329589844,True,True,-25.0,59.529998779296875,,,,44.2400016784668,210.0019989013672,44.56399917602539,152.0,38.0,
2021-08-02 21:00:00,,,,,33.25,0.0,76.40599822998047,True,True,100.0,0.0,74.37200164794922,True,True,49.43000030517578,0.0,75.4520034790039,True,True,44.400001525878906,0.0,99.06800079345703,True,True,40.0099983215332,0.0,74.49800109863281,True,True,42.560001373291016,0.0,79.68199920654297,True,True,40.279998779296875,0.0,76.15399932861328,True,True,47.060001373291016,0.0,75.93800354003906,True,True,39.650001525878906,0.0,75.25399780273438,True,True,41.2599983215332,0.0,77.66600036621094,True,True,44.54999923706055,0.0,75.18199920654297,True,True,-25.0,60.34000015258789,,,,44.20399856567383,210.0019989013672,44.54600143432617,152.0,38.0,
2021-08-02 21:15:00,,,,,34.869998931884766,0.0,76.26200103759766,True,True,100.0,0.0,74.37200164794922,True,True,51.41999816894531,0.0,75.47000122070312,True,True,47.47999954223633,0.0,99.39199829101562,True,True,39.5,0.0,74.4800033569336,True,True,46.7599983215332,0.0,79.39399719238281,True,True,41.47999954223633,0.0,75.68599700927734,True,True,48.75,0.0,75.9739990234375,True,True,41.43000030517578,0.0,75.21800231933594,True,True,43.61000061035156,0.0,77.59400177001953,True,True,45.52000045776367,0.0,74.80400085449219,True,True,-25.0,62.34000015258789,,,,44.52799987792969,210.0019989013672,44.94200134277344,152.0,38.0,
2021-08-02 21:30:00,,,,,35.93000030517578,0.0,76.08200073242188,True,True,100.0,0.0,74.37200164794922,True,True,50.290000915527344,0.0,75.50599670410156,True,True,48.689998626708984,0.0,99.60800170898438,True,True,39.459999084472656,0.0,74.4800033569336,True,True,69.62000274658203,0.0,78.94400024414062,True,True,43.72999954223633,0.0,75.39800262451172,True,True,50.09000015258789,0.0,75.93800354003906,True,True,38.58000183105469,0.0,75.19999694824219,True,True,44.5099983215332,0.0,77.55799865722656,True,True,41.540000915527344,0.0,74.4800033569336,True,True,-25.0,65.30000305175781,,,,43.62799835205078,210.0019989013672,44.18600082397461,144.0,36.0,
2021-08-02 21:45:00,,,,,33.220001220703125,0.0,75.88400268554688,True,True,100.0,0.0,74.37200164794922,True,True,47.529998779296875,0.0,75.43399810791016,True,True,41.13999938964844,0.0,99.60800170898438,True,True,38.09000015258789,0.0,74.46199798583984,True,True,40.52000045776367,0.0,78.51200103759766,True,True,40.22999954223633,0.0,75.18199920654297,True,True,52.43000030517578,0.0,75.86599731445312,True,True,42.709999084472656,0.0,75.19999694824219,True,True,37.84000015258789,0.0,77.54000091552734,True,True,47.720001220703125,0.0,74.30000305175781,True,True,-25.0,62.34000015258789,,,,42.944000244140625,210.0019989013672,43.4119987487793,152.0,38.0,
2021-08-02 22:00:00,,,,,31.81999969482422,0.0,75.86599731445312,True,True,93.75,0.0,74.37200164794922,True,True,46.16999816894531,0.0,75.41600036621094,True,True,39.029998779296875,0.0,91.7239990234375,True,True,38.439998626708984,0.0,74.44400024414062,True,True,39.83000183105469,0.0,77.86399841308594,True,True,38.810001373291016,0.0,75.00199890136719,True,True,47.150001525878906,0.0,75.7760009765625,True,True,40.09000015258789,0.0,75.16400146484375,True,True,47.83000183105469,0.0,77.50399780273438,True,True,43.189998626708984,0.0,74.24600219726562,True,True,-25.0,62.470001220703125,,,,42.566001892089844,210.0019989013672,43.051998138427734,144.0,36.0,
2021-08-02 22:15:00,,,,,34.59000015258789,0.0,75.7040023803711,True,True,89.7699966430664,0.0,74.37200164794922,True,True,50.33000183105469,0.0,75.32599639892578,True,True,35.220001220703125,0.0,92.78600311279297,True,True,41.97999954223633,0.0,74.44400024414062,True,True,44.619998931884766,0.0,77.84600067138672,True,True,37.939998626708984,0.0,74.6780014038086,True,True,48.54999923706055,0.0,75.8479995727539,True,True,39.7599983215332,0.0,75.18199920654297,True,True,38.40999984741211,0.0,77.48600006103516,True,True,41.75,0.0,73.88600158691406,True,True,-25.0,60.15999984741211,,,,42.1879997253418,210.0019989013672,42.58399963378906,152.0,38.0,
2021-08-02 22:30:00,,,,,39.36000061035156,0.0,75.7040023803711,True,True,95.41999816894531,0.0,74.37200164794922,True,True,45.869998931884766,0.0,75.37999725341797,True,True,45.619998931884766,0.0,92.24600219726562,True,True,35.790000915527344,0.0,74.40799713134766,True,True,44.22999954223633,0.0,77.64800262451172,True,True,36.650001525878906,0.0,74.44400024414062,True,True,46.86000061035156,0.0,75.86599731445312,True,True,38.0099983215332,0.0,75.12799835205078,True,True,38.97999954223633,0.0,77.39600372314453,True,True,39.72999954223633,0.0,73.70600128173828,True,True,-25.0,61.63999938964844,,,,42.349998474121094,210.0019989013672,42.74599838256836,136.0,34.0,
2021-08-02 22:45:00,,,,,32.4900016784668,0.0,75.29000091552734,True,True,95.54000091552734,0.0,74.37200164794922,True,True,43.83000183105469,0.0,75.32599639892578,True,True,47.04999923706055,0.0,95.55799865722656,True,True,37.52000045776367,0.0,74.37200164794922,True,True,40.33000183105469,0.0,77.34200286865234,True,True,34.04999923706055,0.0,74.26399993896484,True,True,45.540000915527344,0.0,75.88400268554688,True,True,36.83000183105469,0.0,75.11000061035156,True,True,39.93000030517578,0.0,77.3239974975586,True,True,48.33000183105469,0.0,73.5260009765625,True,True,-25.0,55.88999938964844,,,,42.619998931884766,210.0019989013672,42.944000244140625,144.0,36.0,
2021-08-02 23:00:00,,,,,35.56999969482422,0.0,74.4260025024414,True,True,91.19000244140625,0.0,74.28199768066406,True,True,49.84000015258789,0.0,75.36199951171875,True,True,41.66999816894531,0.0,96.78199768066406,True,True,40.18000030517578,0.0,74.31800079345703,True,True,38.540000915527344,0.0,77.03600311279297,True,True,38.0099983215332,0.0,74.06600189208984,True,True,45.2599983215332,0.0,75.75800323486328,True,True,36.2599983215332,0.0,75.09200286865234,True,True,40.81999969482422,0.0,77.28800201416016,True,True,43.540000915527344,0.0,73.38200378417969,True,True,-25.0,75.87000274658203,,,,42.60200119018555,210.0019989013672,43.10599899291992,144.0,36.0,
2021-08-02 23:15:00,,,,,34.939998626708984,0.0,73.90399932861328,True,True,99.55999755859375,0.0,74.30000305175781,True,True,47.150001525878906,0.0,75.36199951171875,True,True,39.380001068115234,0.0,96.40399932861328,True,True,41.08000183105469,0.0,74.35399627685547,True,True,42.59000015258789,0.0,76.51399993896484,True,True,37.54999923706055,0.0,73.74199676513672,True,True,47.459999084472656,0.0,75.86599731445312,True,True,36.439998626708984,0.0,75.0739974975586,True,True,41.36000061035156,0.0,77.23400115966797,True,True,28.68000030517578,1.8200000524520874,73.16600036621094,True,True,-25.0,73.33999633789062,,,,43.268001556396484,210.0019989013672,43.48400115966797,144.0,36.0,
2021-08-02 23:30:00,,,,,43.68000030517578,0.0,73.4000015258789,True,True,100.0,0.0,74.30000305175781,True,True,53.779998779296875,0.0,75.37999725341797,True,True,45.11000061035156,0.0,96.44000244140625,True,True,43.43000030517578,0.0,74.28199768066406,True,True,44.630001068115234,0.0,75.7040023803711,True,True,39.439998626708984,0.0,73.12999725341797,True,True,48.79999923706055,0.0,75.66799926757812,True,True,37.869998931884766,0.0,75.0199966430664,True,True,39.560001373291016,0.0,77.14399719238281,True,True,41.540000915527344,0.0,72.10399627685547,True,True,-25.0,80.45999908447266,,,,49.316001892089844,210.0019989013672,49.53200149536133,152.0,38.0,
2021-08-02 23:45:00,,,,,44.900001525878906,0.0,73.54399871826172,True,True,98.72000122070312,0.0,74.31800079345703,True,True,66.4800033569336,0.0,75.41600036621094,True,True,55.31999969482422,0.0,89.09600067138672,True,True,43.52000045776367,0.0,74.19200134277344,True,True,54.97999954223633,0.0,75.36199951171875,True,True,41.61000061035156,0.0,72.4280014038086,True,True,49.20000076293945,0.0,75.68599700927734,True,True,38.29999923706055,0.0,75.00199890136719,True,True,36.9900016784668,0.0,77.1259994506836,True,True,39.95000076293945,0.0,71.4020004272461,True,True,-25.0,81.81999969482422,,,,49.44200134277344,210.0019989013672,50.18000030517578,144.0,36.0,
2021-08-03 00:00:00,,,,,39.18000030517578,0.0,73.3280029296875,True,True,100.0,0.0,74.44400024414062,True,True,53.25,0.0,75.48799896240234,True,True,44.790000915527344,0.0,89.94200134277344,True,True,43.13999938964844,0.0,74.19200134277344,True,True,46.290000915527344,0.0,74.75,True,True,39.38999938964844,0.0,71.88800048828125,True,True,45.650001525878906,0.0,75.7040023803711,True,True,37.869998931884766,0.0,75.03800201416016,True,True,36.40999984741211,0.0,77.1259994506836,True,True,39.880001068115234,0.0,70.66400146484375,True,True,-25.0,77.41000366210938,,,,47.875999450683594,210.0019989013672,48.32600021362305,144.0,36.0,
2021-08-03 00:15:00,,,,,35.27000045776367,0.0,73.3280029296875,True,True,100.0,0.0,74.552001953125,True,True,53.45000076293945,0.0,75.37999725341797,True,True,44.13999938964844,0.0,88.89800262451172,True,True,42.93000030517578,0.0,74.0479965209961,True,True,45.90999984741211,0.0,74.8219985961914,True,True,45.099998474121094,0.0,71.16799926757812,True,True,54.9900016784668,0.0,75.61399841308594,True,True,41.0099983215332,0.0,75.09200286865234,True,True,45.72999954223633,0.0,77.10800170898438,True,True,40.599998474121094,0.0,69.96199798583984,True,True,-25.0,76.8499984741211,,,,48.21799850463867,210.0019989013672,48.847999572753906,144.0,36.0,
2021-08-03 00:30:00,,,,,39.43000030517578,0.0,72.64399719238281,True,True,100.0,0.0,74.552001953125,True,True,57.34000015258789,0.0,75.37999725341797,True,True,48.400001525878906,0.0,92.06600189208984,True,True,41.439998626708984,0.0,74.08399963378906,True,True,44.68000030517578,0.0,74.22799682617188,True,True,40.72999954223633,0.0,70.80799865722656,True,True,53.869998931884766,0.0,75.73999786376953,True,True,40.08000183105469,0.0,75.0199966430664,True,True,43.66999816894531,0.0,77.03600311279297,True,True,42.68000030517578,0.0,69.3499984741211,True,True,-25.0,76.3499984741211,,,,47.51599884033203,210.0019989013672,47.89400100708008,144.0,36.0,
2021-08-03 00:45:00,,,,,38.58000183105469,0.0,72.44599914550781,True,True,92.83999633789062,0.0,74.552001953125,True,True,52.7400016784668,0.0,75.32599639892578,True,True,43.310001373291016,0.0,93.99199676513672,True,True,40.63999938964844,0.0,73.97599792480469,True,True,45.25,0.0,73.7239990234375,True,True,41.529998779296875,0.0,70.59200286865234,True,True,51.68000030517578,0.0,75.7040023803711,True,True,40.400001525878906,0.0,74.98400115966797,True,True,47.9900016784668,0.0,76.98200225830078,True,True,42.150001525878906,0.0,69.04399871826172,True,True,-25.0,76.30000305175781,,,,47.04800033569336,210.0019989013672,47.534000396728516,144.0,36.0,
2021-08-03 01:00:00,,,,,40.0099983215332,0.0,72.6259994506836,True,True,96.5999984741211,0.0,74.53399658203125,True,True,55.15999984741211,0.0,75.30799865722656,True,True,44.400001525878906,0.0,94.06400299072266,True,True,43.54999923706055,0.0,73.94000244140625,True,True,47.90999984741211,0.0,73.7959976196289,True,True,42.15999984741211,0.0,70.1780014038086,True,True,54.130001068115234,0.0,75.61399841308594,True,True,40.720001220703125,0.0,74.947998046875,True,True,38.16999816894531,0.0,76.94599914550781,True,True,40.060001373291016,0.0,68.9000015258789,True,True,-25.0,76.30999755859375,,,,43.43000030517578,210.0019989013672,44.22200012207031,144.0,36.0,
2021-08-03 01:15:00,,,,,34.560001373291016,0.0,72.08599853515625,True,True,91.26000213623047,0.0,74.44400024414062,True,True,45.869998931884766,0.0,75.36199951171875,True,True,39.150001525878906,0.0,94.1719970703125,True,True,36.779998779296875,0.0,73.86799621582031,True,True,40.31999969482422,0.0,72.8239974975586,True,True,42.439998626708984,0.0,69.96199798583984,True,True,51.22999954223633,0.0,75.59600067138672,True,True,39.279998779296875,0.0,74.93000030517578,True,True,41.029998779296875,0.0,76.89199829101562,True,True,43.5,0.0,68.41400146484375,True,True,-25.0,72.87000274658203,,,,42.99800109863281,210.0019989013672,43.358001708984375,144.0,36.0,
2021-08-03 01:30:00,,,,,35.56999969482422,0.0,72.1760025024414,True,True,91.38999938964844,0.0,74.37200164794922,True,True,46.060001373291016,0.0,75.30799865722656,True,True,44.779998779296875,0.0,92.73200225830078,True,True,40.279998779296875,0.0,73.86799621582031,True,True,40.189998626708984,0.0,73.05799865722656,True,True,41.88999938964844,0.0,69.65599822998047,True,True,50.880001068115234,0.0,75.48799896240234,True,True,36.16999816894531,0.0,74.8759994506836,True,True,43.189998626708984,0.0,76.83799743652344,True,True,58.959999084472656,0.0,68.23400115966797,True,True,-25.0,74.33999633789062,,,,43.66400146484375,210.0019989013672,44.060001373291016,152.0,38.0,
2021-08-03 01:45:00,,,,,37.349998474121094,0.0,71.70800018310547,True,True,92.9800033569336,0.0,74.26399993896484,True,True,43.380001068115234,0.0,75.29000091552734,True,True,42.439998626708984,0.0,93.63200378417969,True,True,37.13999938964844,0.0,73.76000213623047,True,True,44.939998626708984,0.0,72.64399719238281,True,True,38.5099983215332,0.0,69.4219970703125,True,True,47.79999923706055,0.0,75.43399810791016,True,True,37.06999969482422,0.0,74.89399719238281,True,True,45.04999923706055,0.0,76.802001953125,True,True,43.650001525878906,0.0,68.03600311279297,True,True,-25.0,72.76000213623047,,,,44.85200119018555,210.0019989013672,45.12200164794922,144.0,36.0,
2021-08-03 02:00:00,,,,,42.79999923706055,0.0,71.5999984741211,True,True,91.22000122070312,0.0,74.20999908447266,True,True,45.7599983215332,0.0,75.30799865722656,True,True,42.7599983215332,0.0,88.08799743652344,True,True,40.099998474121094,0.0,73.76000213623047,True,True,41.790000915527344,0.0,72.8239974975586,True,True,38.529998779296875,0.0,69.58399963378906,True,True,46.47999954223633,0.0,75.41600036621094,True,True,35.849998474121094,0.0,74.80400085449219,True,True,39.95000076293945,0.0,76.78399658203125,True,True,42.29999923706055,0.0,68.80999755859375,True,True,-25.0,71.9000015258789,,,,46.02199935913086,210.0019989013672,46.34600067138672,152.0,38.0,
2021-08-03 02:15:00,,,,,41.459999084472656,0.0,71.36599731445312,True,True,95.58999633789062,0.0,74.26399993896484,True,True,46.5,0.0,75.29000091552734,True,True,45.459999084472656,0.0,87.67400360107422,True,True,37.7599983215332,0.0,73.7239990234375,True,True,47.2400016784668,0.0,72.53600311279297,True,True,39.439998626708984,0.0,69.94400024414062,True,True,47.08000183105469,0.0,75.34400177001953,True,True,39.45000076293945,0.0,74.76799774169922,True,True,39.13999938964844,0.0,76.76599884033203,True,True,41.279998779296875,0.0,68.197998046875,True,True,-25.0,75.30000305175781,,,,47.80400085449219,210.0019989013672,48.21799850463867,136.0,34.0,
2021-08-03 02:30:00,,,,,43.310001373291016,0.0,71.52799987792969,True,True,100.0,0.0,74.35399627685547,True,True,55.810001373291016,0.0,75.34400177001953,True,True,49.810001373291016,0.0,87.33200073242188,True,True,39.40999984741211,0.0,73.56199645996094,True,True,48.560001373291016,0.0,72.21199798583984,True,True,42.04999923706055,0.0,69.27799987792969,True,True,49.400001525878906,0.0,75.36199951171875,True,True,39.4900016784668,0.0,74.80400085449219,True,True,41.560001373291016,0.0,76.76599884033203,True,True,40.86000061035156,0.0,67.69400024414062,True,True,-25.0,73.30999755859375,,,,47.263999938964844,210.0019989013672,47.731998443603516,144.0,36.0,
2021-08-03 02:45:00,,,,,38.040000915527344,0.0,71.5459976196289,True,True,100.0,0.0,74.37200164794922,True,True,56.779998779296875,0.0,75.25399780273438,True,True,46.439998626708984,0.0,87.90799713134766,True,True,42.75,0.0,73.76000213623047,True,True,49.060001373291016,0.0,72.12200164794922,True,True,42.400001525878906,0.0,68.88200378417969,True,True,55.09000015258789,0.0,75.52400207519531,True,True,42.029998779296875,0.0,74.75,True,True,39.7599983215332,0.0,76.62200164794922,True,True,42.689998626708984,0.0,67.802001953125,True,True,-25.0,73.91000366210938,,,,47.46200180053711,210.0019989013672,47.89400100708008,144.0,36.0,
2021-08-03 03:00:00,,,,,37.040000915527344,0.0,71.49199676513672,True,True,100.0,0.0,74.49800109863281,True,True,55.529998779296875,0.0,75.43399810791016,True,True,47.5,0.0,91.83200073242188,True,True,39.61000061035156,0.0,73.76000213623047,True,True,48.130001068115234,0.0,71.94200134277344,True,True,44.310001373291016,0.0,68.72000122070312,True,True,48.88999938964844,0.0,75.43399810791016,True,True,42.16999816894531,0.0,74.78600311279297,True,True,39.72999954223633,0.0,76.60399627685547,True,True,44.970001220703125,0.0,67.1719970703125,True,True,-25.0,73.66000366210938,,,,47.10200119018555,210.0019989013672,47.5880012512207,136.0,34.0,
2021-08-03 03:15:00,,,,,36.150001525878906,0.0,71.3479995727539,True,True,100.0,0.0,74.49800109863281,True,True,54.58000183105469,0.0,75.34400177001953,True,True,43.54999923706055,0.0,92.17400360107422,True,True,43.459999084472656,0.0,73.68800354003906,True,True,41.56999969482422,0.0,71.31199645996094,True,True,42.66999816894531,0.0,68.48600006103516,True,True,56.90999984741211,0.0,75.29000091552734,True,True,41.61000061035156,0.0,74.76799774169922,True,True,41.97999954223633,0.0,76.60399627685547,True,True,45.83000183105469,0.0,67.02799987792969,True,True,-25.0,72.79000091552734,,,,46.88600158691406,210.0019989013672,47.33599853515625,144.0,36.0,
2021-08-03 03:30:00,,,,,36.72999954223633,0.0,70.82599639892578,True,True,100.0,0.0,74.4260025024414,True,True,54.619998931884766,0.0,75.32599639892578,True,True,47.15999984741211,0.0,92.60600280761719,True,True,39.5099983215332,0.0,73.63400268554688,True,True,40.81999969482422,0.0,70.41200256347656,True,True,44.619998931884766,0.0,68.41400146484375,True,True,50.959999084472656,0.0,75.4520034790039,True,True,40.65999984741211,0.0,74.80400085449219,True,True,39.33000183105469,0.0,76.63999938964844,True,True,43.20000076293945,0.0,66.95600128173828,True,True,-25.0,72.81999969482422,,,,46.849998474121094,210.0019989013672,47.263999938964844,144.0,36.0,
2021-08-03 03:45:00,,,,,40.7400016784668,0.0,70.48400115966797,True,True,94.3499984741211,0.0,74.38999938964844,True,True,54.0099983215332,0.0,75.34400177001953,True,True,43.16999816894531,0.0,90.08599853515625,True,True,42.43000030517578,0.0,73.4540023803711,True,True,41.29999923706055,0.0,70.39399719238281,True,True,44.22999954223633,0.0,68.16200256347656,True,True,49.970001220703125,0.0,75.50599670410156,True,True,40.029998779296875,0.0,74.80400085449219,True,True,60.34000015258789,0.0,76.65799713134766,True,True,42.310001373291016,0.0,66.73999786376953,True,True,-25.0,72.0,,,,46.6879997253418,210.0019989013672,47.15599822998047,152.0,38.0,
2021-08-03 04:00:00,,,,,40.68000030517578,0.0,70.55599975585938,True,True,97.0199966430664,0.0,74.37200164794922,True,True,53.599998474121094,0.0,75.29000091552734,True,True,41.90999984741211,0.0,87.56600189208984,True,True,39.5099983215332,0.0,73.3280029296875,True,True,46.0099983215332,0.0,69.33200073242188,True,True,41.18000030517578,0.0,67.9280014038086,True,True,50.81999969482422,0.0,75.23600006103516,True,True,37.88999938964844,0.0,74.78600311279297,True,True,40.150001525878906,0.0,76.60399627685547,True,True,41.41999816894531,0.0,66.32599639892578,True,True,-25.0,70.4800033569336,,,,46.4900016784668,210.0019989013672,46.97600173950195,152.0,38.0,
2021-08-03 04:15:00,,,,,35.869998931884766,0.0,70.447998046875,True,True,93.80000305175781,0.0,74.37200164794922,True,True,49.95000076293945,0.0,75.27200317382812,True,True,45.380001068115234,0.0,87.0260009765625,True,True,38.630001068115234,0.0,73.4540023803711,True,True,40.36000061035156,0.0,68.91799926757812,True,True,39.380001068115234,0.0,67.98200225830078,True,True,51.27000045776367,0.0,75.23600006103516,True,True,43.40999984741211,0.0,74.69599914550781,True,True,42.459999084472656,0.0,76.55000305175781,True,True,40.56999969482422,0.0,66.21800231933594,True,True,-25.0,70.56999969482422,,,,46.27399826049805,210.0019989013672,46.7599983215332,144.0,36.0,
2021-08-03 04:30:00,,,,,35.54999923706055,0.0,70.1240005493164,True,True,100.0,0.0,74.37200164794922,True,True,51.7400016784668,0.0,75.21800231933594,True,True,42.97999954223633,0.0,86.73799896240234,True,True,40.45000076293945,0.0,73.18399810791016,True,True,40.7400016784668,0.0,67.83799743652344,True,True,39.97999954223633,0.0,67.6760025024414,True,True,47.27000045776367,0.0,75.14600372314453,True,True,42.06999969482422,0.0,74.6240005493164,True,True,39.130001068115234,0.0,76.44200134277344,True,True,41.810001373291016,0.0,65.96600341796875,True,True,-25.0,70.13999938964844,,,,46.130001068115234,210.0019989013672,46.61600112915039,136.0,34.0,
2021-08-03 04:45:00,,,,,35.470001220703125,0.0,70.1240005493164,True,True,100.0,0.0,74.40799713134766,True,True,46.88999938964844,0.0,75.19999694824219,True,True,51.43000030517578,0.0,87.90799713134766,True,True,39.52000045776367,0.0,73.27400207519531,True,True,37.4900016784668,0.0,68.23400115966797,True,True,38.88999938964844,0.0,67.62200164794922,True,True,52.4900016784668,0.0,75.11000061035156,True,True,41.15999984741211,0.0,74.66000366210938,True,True,42.4900016784668,0.0,76.42400360107422,True,True,41.41999816894531,0.0,65.96600341796875,True,True,-25.0,69.6500015258789,,,,45.93199920654297,210.0019989013672,46.327999114990234,144.0,36.0,
2021-08-03 05:00:00,,,,,34.29999923706055,0.0,66.54199981689453,True,True,94.4000015258789,0.0,74.40799713134766,True,True,52.20000076293945,0.0,75.16400146484375,True,True,53.709999084472656,0.0,91.88600158691406,True,True,37.720001220703125,0.0,73.11199951171875,True,True,34.619998931884766,0.0,67.51399993896484,True,True,38.86000061035156,0.0,67.56800079345703,True,True,49.9900016784668,0.0,75.00199890136719,True,True,40.459999084472656,0.0,74.58799743652344,True,True,42.65999984741211,0.0,76.2979965209961,True,True,42.7400016784668,0.0,65.75,True,True,-25.0,67.86000061035156,,,,45.78799819946289,210.0019989013672,46.25600051879883,144.0,36.0,
2021-08-03 05:15:00,,,,,29.110000610351562,0.0,66.25399780273438,True,True,86.12999725341797,0.0,74.53399658203125,True,True,53.81999969482422,0.0,75.23600006103516,True,True,55.0099983215332,0.0,90.64399719238281,True,True,41.88999938964844,0.0,73.18399810791016,True,True,38.91999816894531,0.0,68.197998046875,True,True,42.9900016784668,0.0,67.69400024414062,True,True,47.290000915527344,0.0,75.11000061035156,True,True,35.52000045776367,0.0,74.53399658203125,True,True,43.63999938964844,0.0,76.24400329589844,True,True,42.720001220703125,0.0,66.03800201416016,True,True,-25.0,68.51000213623047,,,,45.73400115966797,210.0019989013672,46.183998107910156,144.0,36.0,
2021-08-03 05:30:00,,,,,28.489999771118164,0.0,66.03800201416016,True,True,91.75,0.0,74.4800033569336,True,True,53.209999084472656,0.0,75.19999694824219,True,True,56.13999938964844,0.0,90.06800079345703,True,True,39.189998626708984,0.0,73.23799896240234,True,True,35.31999969482422,0.0,67.69400024414062,True,True,42.02000045776367,0.0,67.31600189208984,True,True,50.33000183105469,0.0,74.96600341796875,True,True,37.75,0.0,74.49800109863281,True,True,44.619998931884766,0.0,76.24400329589844,True,True,42.220001220703125,0.0,65.46199798583984,True,True,-25.0,69.05999755859375,,,,45.59000015258789,210.0019989013672,46.09400177001953,152.0,38.0,
2021-08-03 05:45:00,,,,,31.020000457763672,0.0,66.0739974975586,True,True,92.5,0.0,74.38999938964844,True,True,52.2599983215332,0.0,75.19999694824219,True,True,51.15999984741211,0.0,74.64199829101562,True,True,39.47999954223633,0.0,73.14800262451172,True,True,38.52000045776367,0.0,67.40599822998047,True,True,42.08000183105469,0.0,66.86599731445312,True,True,50.63999938964844,0.0,74.76799774169922,True,True,41.08000183105469,0.0,74.4800033569336,True,True,43.34000015258789,0.0,76.20800018310547,True,True,41.689998626708984,0.0,65.26399993896484,True,True,-25.0,68.80000305175781,,,,45.428001403808594,210.0019989013672,45.93199920654297,152.0,38.0,
2021-08-03 06:00:00,,,,,35.2400016784668,0.0,66.63200378417969,True,True,93.97000122070312,0.0,74.37200164794922,True,True,53.220001220703125,0.0,75.18199920654297,True,True,53.279998779296875,0.0,82.12999725341797,True,True,38.40999984741211,0.0,73.30999755859375,True,True,39.630001068115234,0.0,67.65799713134766,True,True,42.27000045776367,0.0,67.26200103759766,True,True,52.720001220703125,0.0,75.25399780273438,True,True,43.81999969482422,0.0,74.53399658203125,True,True,43.45000076293945,0.0,76.22599792480469,True,True,42.220001220703125,0.0,65.60600280761719,True,True,-25.0,67.76000213623047,,,,45.44599914550781,210.0019989013672,45.93199920654297,152.0,38.0,
2021-08-03 06:15:00,,,,,32.61000061035156,0.0,67.45999908447266,True,True,95.05999755859375,0.0,74.37200164794922,True,True,53.400001525878906,0.0,75.19999694824219,True,True,54.41999816894531,0.0,82.18399810791016,True,True,39.529998779296875,0.0,73.12999725341797,True,True,35.52000045776367,0.0,68.01799774169922,True,True,38.470001220703125,0.0,66.88400268554688,True,True,51.40999984741211,0.0,75.03800201416016,True,True,38.58000183105469,0.0,74.46199798583984,True,True,44.88999938964844,0.0,76.20800018310547,True,True,42.150001525878906,0.0,65.49800109863281,True,True,-25.0,68.66000366210938,,,,45.24800109863281,210.0019989013672,45.6619987487793,152.0,38.0,
2021-08-03 06:30:00,,,,,37.540000915527344,0.0,66.86599731445312,True,True,95.97000122070312,0.0,74.37200164794922,True,True,54.150001525878906,0.0,75.25399780273438,True,True,55.619998931884766,0.0,82.68800354003906,True,True,41.900001525878906,0.0,73.27400207519531,True,True,35.220001220703125,0.0,68.39600372314453,True,True,39.7599983215332,0.0,67.11799621582031,True,True,50.75,0.0,74.75,True,True,37.720001220703125,0.0,74.40799713134766,True,True,42.4900016784668,0.0,76.20800018310547,True,True,41.7400016784668,0.0,65.552001953125,True,True,-25.0,69.13999938964844,,,,45.24800109863281,210.0019989013672,45.625999450683594,144.0,36.0,
2021-08-03 06:45:00,,,,,33.61000061035156,0.0,66.86599731445312,True,True,98.1500015258789,0.0,74.37200164794922,True,True,54.47999954223633,0.0,75.18199920654297,True,True,57.31999969482422,0.0,83.26399993896484,True,True,41.290000915527344,0.0,73.38200378417969,True,True,42.619998931884766,0.0,68.64800262451172,True,True,39.970001220703125,0.0,67.26200103759766,True,True,54.33000183105469,0.0,75.16400146484375,True,True,40.29999923706055,0.0,74.4800033569336,True,True,39.81999969482422,0.0,76.22599792480469,True,True,41.650001525878906,0.0,65.49800109863281,True,True,-25.0,76.5199966430664,,,,45.26599884033203,210.0019989013672,45.75199890136719,152.0,38.0,
2021-08-03 07:00:00,,,,,31.280000686645508,0.0,67.0459976196289,True,True,99.9000015258789,0.0,74.37200164794922,True,True,53.70000076293945,0.0,75.19999694824219,True,True,57.56999969482422,0.0,83.37200164794922,True,True,42.279998779296875,0.0,73.36399841308594,True,True,35.849998474121094,0.0,68.68399810791016,True,True,42.279998779296875,0.0,67.85600280761719,True,True,49.43000030517578,0.0,75.14600372314453,True,True,37.459999084472656,0.0,74.46199798583984,True,True,34.79999923706055,0.0,76.20800018310547,True,True,41.939998626708984,0.0,66.14600372314453,True,True,-25.0,69.80000305175781,,,,49.20800018310547,210.0019989013672,48.59600067138672,152.0,38.0,
2021-08-03 07:15:00,,,,,37.2599983215332,0.0,67.85600280761719,True,True,95.16999816894531,0.0,74.37200164794922,True,True,56.9900016784668,0.0,75.19999694824219,True,True,60.619998931884766,0.0,83.6240005493164,True,True,37.20000076293945,0.0,73.66999816894531,True,True,39.400001525878906,0.0,69.45800018310547,True,True,41.630001068115234,0.0,67.2979965209961,True,True,49.11000061035156,0.0,75.12799835205078,True,True,38.369998931884766,0.0,74.58799743652344,True,True,39.93000030517578,0.0,76.22599792480469,True,True,42.029998779296875,0.0,65.89399719238281,True,True,-25.0,66.81999969482422,,,,42.58399963378906,210.0019989013672,43.321998596191406,144.0,36.0,
2021-08-03 07:30:00,,,,,33.869998931884766,0.0,68.8280029296875,True,True,82.9800033569336,0.0,74.37200164794922,True,True,50.02000045776367,0.0,75.14600372314453,True,True,50.06999969482422,0.0,83.53399658203125,True,True,37.150001525878906,0.0,73.6520004272461,True,True,34.5099983215332,0.0,70.03399658203125,True,True,42.45000076293945,0.0,67.76599884033203,True,True,49.93000030517578,0.0,75.19999694824219,True,True,43.880001068115234,0.0,74.6780014038086,True,True,45.900001525878906,0.0,76.35199737548828,True,True,42.90999984741211,0.0,66.21800231933594,True,True,-25.0,65.3499984741211,,,,44.3120002746582,210.0019989013672,44.88800048828125,152.0,38.0,
2021-08-03 07:45:00,,,,,36.099998474121094,0.0,70.26799774169922,True,True,84.48999786376953,0.0,74.37200164794922,True,True,50.40999984741211,0.0,75.21800231933594,True,True,52.72999954223633,0.0,83.8759994506836,True,True,38.400001525878906,0.0,73.7239990234375,True,True,41.70000076293945,0.0,71.04199981689453,True,True,46.18000030517578,0.0,67.71199798583984,True,True,51.84000015258789,0.0,75.30799865722656,True,True,43.849998474121094,0.0,74.75,True,True,43.13999938964844,0.0,76.35199737548828,True,True,45.849998474121094,0.0,66.55999755859375,True,True,-25.0,65.33999633789062,,,,45.301998138427734,210.0019989013672,45.44599914550781,144.0,36.0,
2021-08-03 08:00:00,,,,,31.610000610351562,0.0,71.2760009765625,True,True,86.20999908447266,0.0,74.35399627685547,True,True,50.36000061035156,0.0,75.30799865722656,True,True,55.54999923706055,0.0,90.73400115966797,True,True,36.75,0.0,73.81400299072266,True,True,42.95000076293945,0.0,71.94200134277344,True,True,38.720001220703125,0.0,68.16200256347656,True,True,47.58000183105469,0.0,75.30799865722656,True,True,38.27000045776367,0.0,74.78600311279297,True,True,40.08000183105469,0.0,76.47799682617188,True,True,38.66999816894531,0.0,67.0999984741211,True,True,-25.0,66.36000061035156,,,,41.46799850463867,210.0019989013672,42.007999420166016,152.0,38.0,
2021-08-03 08:15:00,,,,,32.66999816894531,0.0,73.00399780273438,True,True,82.9000015258789,0.0,74.35399627685547,True,True,51.130001068115234,0.0,75.19999694824219,True,True,52.9900016784668,0.0,91.5979995727539,True,True,35.189998626708984,0.0,73.90399932861328,True,True,43.029998779296875,0.0,73.29199981689453,True,True,42.84000015258789,0.0,68.8280029296875,True,True,49.220001220703125,0.0,75.34400177001953,True,True,39.65999984741211,0.0,74.947998046875,True,True,43.56999969482422,0.0,76.53199768066406,True,True,42.72999954223633,0.0,68.14399719238281,True,True,-25.0,65.9800033569336,,,,41.215999603271484,210.0019989013672,41.683998107910156,152.0,38.0,
2021-08-03 08:30:00,,,,,41.90999984741211,0.0,73.47200012207031,True,True,86.76000213623047,0.0,74.20999908447266,True,True,53.81999969482422,0.0,75.27200317382812,True,True,58.77000045776367,0.0,92.51599884033203,True,True,41.79999923706055,0.0,73.95800018310547,True,True,46.88999938964844,0.0,74.31800079345703,True,True,42.619998931884766,0.0,69.81800079345703,True,True,49.91999816894531,0.0,75.4520034790039,True,True,41.279998779296875,0.0,74.91200256347656,True,True,48.0099983215332,0.0,76.53199768066406,True,True,47.849998474121094,0.0,69.40399932861328,True,True,-25.0,68.31999969482422,,,,41.95399856567383,210.0019989013672,42.566001892089844,160.0,40.0,
2021-08-03 08:45:00,,,,,36.36000061035156,0.0,74.73200225830078,True,True,92.7300033569336,0.0,74.22799682617188,True,True,46.869998931884766,0.0,75.30799865722656,True,True,50.849998474121094,0.0,79.26799774169922,True,True,39.11000061035156,0.0,74.02999877929688,True,True,46.970001220703125,0.0,75.54199981689453,True,True,38.880001068115234,0.0,70.77200317382812,True,True,47.209999084472656,0.0,75.30799865722656,True,True,40.380001068115234,0.0,75.00199890136719,True,True,42.220001220703125,0.0,76.6760025024414,True,True,39.77000045776367,0.0,70.59200286865234,True,True,-25.0,67.30000305175781,,,,41.18000030517578,210.0019989013672,41.57600021362305,160.0,40.0,
2021-08-03 09:00:00,,,,,34.27000045776367,0.0,75.61399841308594,True,True,93.41999816894531,0.0,74.35399627685547,True,True,45.90999984741211,0.0,75.25399780273438,True,True,51.15999984741211,0.0,86.16200256347656,True,True,39.4900016784668,0.0,74.06600189208984,True,True,48.68000030517578,0.0,77.01799774169922,True,True,41.34000015258789,0.0,71.88800048828125,True,True,43.45000076293945,0.0,75.50599670410156,True,True,41.060001373291016,0.0,75.12799835205078,True,True,38.7400016784668,0.0,76.71199798583984,True,True,40.5099983215332,0.0,72.05000305175781,True,True,-25.0,67.2699966430664,,,,42.20600128173828,210.0019989013672,42.58399963378906,160.0,40.0,
2021-08-03 09:15:00,,,,,41.189998626708984,0.0,77.25199890136719,True,True,97.33000183105469,0.0,74.37200164794922,True,True,50.970001220703125,0.0,75.30799865722656,True,True,53.36000061035156,0.0,86.30599975585938,True,True,40.27000045776367,0.0,74.10199737548828,True,True,49.81999969482422,0.0,78.24199676513672,True,True,38.7400016784668,0.0,72.78800201416016,True,True,47.2599983215332,0.0,75.52400207519531,True,True,37.150001525878906,0.0,75.11000061035156,True,True,43.5099983215332,0.0,76.74800109863281,True,True,44.84000015258789,0.0,73.09400177001953,True,True,-25.0,65.80000305175781,,,,41.95399856567383,210.0019989013672,42.40399932861328,160.0,40.0,
2021-08-03 09:30:00,,,,,44.88999938964844,0.0,77.91799926757812,True,True,99.37999725341797,0.0,74.40799713134766,True,True,53.220001220703125,0.0,75.27200317382812,True,True,53.34000015258789,0.0,86.48600006103516,True,True,37.439998626708984,0.0,74.12000274658203,True,True,40.54999923706055,0.0,79.59200286865234,True,True,40.18000030517578,0.0,73.86799621582031,True,True,45.720001220703125,0.0,75.52400207519531,True,True,41.45000076293945,0.0,74.98400115966797,True,True,40.810001373291016,0.0,76.6760025024414,True,True,41.349998474121094,0.0,74.37200164794922,True,True,-25.0,65.86000061035156,,,,48.12799835205078,210.0019989013672,48.41600036621094,152.0,38.0,
2021-08-03 09:45:00,,,,,37.439998626708984,0.0,77.37799835205078,True,True,100.0,0.0,74.4800033569336,True,True,54.689998626708984,0.0,75.34400177001953,True,True,62.650001525878906,0.0,92.26399993896484,True,True,37.650001525878906,0.0,74.26399993896484,True,True,45.22999954223633,0.0,80.94200134277344,True,True,41.869998931884766,0.0,74.78600311279297,True,True,48.189998626708984,0.0,75.43399810791016,True,True,36.599998474121094,0.0,75.0199966430664,True,True,40.689998626708984,0.0,76.71199798583984,True,True,44.400001525878906,0.0,75.4520034790039,True,True,-25.0,67.88999938964844,,,,43.4119987487793,210.0019989013672,43.933998107910156,160.0,40.0,
2021-08-03 10:00:00,,,,,43.84000015258789,0.0,75.7760009765625,True,True,94.02999877929688,0.0,74.51599884033203,True,True,54.529998779296875,0.0,75.34400177001953,True,True,59.47999954223633,0.0,94.60399627685547,True,True,40.040000915527344,0.0,74.19200134277344,True,True,47.939998626708984,0.0,81.94999694824219,True,True,41.70000076293945,0.0,75.68599700927734,True,True,48.040000915527344,0.0,75.61399841308594,True,True,43.4900016784668,0.0,75.05599975585938,True,True,46.70000076293945,0.0,76.83799743652344,True,True,40.15999984741211,0.0,76.40599822998047,True,True,-25.0,68.3499984741211,,,,45.08599853515625,210.0019989013672,45.35599899291992,160.0,40.0,
2021-08-03 10:15:00,,,,,45.33000183105469,0.0,75.7040023803711,True,True,98.2699966430664,0.0,74.552001953125,True,True,57.4900016784668,0.0,75.30799865722656,True,True,62.84000015258789,0.0,95.14399719238281,True,True,41.09000015258789,0.0,74.30000305175781,True,True,46.47999954223633,0.0,82.48999786376953,True,True,44.70000076293945,0.0,76.62200164794922,True,True,54.84000015258789,0.0,75.68599700927734,True,True,37.709999084472656,0.0,75.09200286865234,True,True,49.77000045776367,0.0,76.78399658203125,True,True,46.04999923706055,0.0,77.79199981689453,True,True,-25.0,67.5199966430664,,,,45.44599914550781,210.0019989013672,45.75199890136719,168.0,42.0,
2021-08-03 10:30:00,,,,,48.68000030517578,0.0,75.72200012207031,True,True,95.16999816894531,0.0,74.552001953125,True,True,59.34000015258789,0.0,75.36199951171875,True,True,65.55000305175781,0.0,95.43199920654297,True,True,41.7400016784668,0.0,74.37200164794922,True,True,47.95000076293945,0.0,83.69599914550781,True,True,42.029998779296875,0.0,77.7020034790039,True,True,47.95000076293945,0.0,75.7040023803711,True,True,36.970001220703125,0.0,75.16400146484375,True,True,42.310001373291016,0.0,76.78399658203125,True,True,42.560001373291016,0.0,78.87200164794922,True,True,-25.0,67.87000274658203,,,,46.02199935913086,210.0019989013672,46.4900016784668,168.0,42.0,
2021-08-03 10:45:00,,,,,44.43000030517578,0.0,75.68599700927734,True,True,93.04000091552734,0.0,74.66000366210938,True,True,60.209999084472656,0.0,75.37999725341797,True,True,70.69000244140625,0.0,96.06199645996094,True,True,41.88999938964844,0.0,74.4260025024414,True,True,49.15999984741211,0.0,84.18199920654297,True,True,44.0,0.0,78.13400268554688,True,True,49.63999938964844,0.0,75.7760009765625,True,True,45.65999984741211,0.0,75.12799835205078,True,True,50.66999816894531,0.0,76.85600280761719,True,True,45.619998931884766,0.0,78.99800109863281,True,True,-25.0,67.81999969482422,,,,45.78799819946289,210.0019989013672,46.417999267578125,168.0,42.0,
2021-08-03 11:00:00,,,,,48.040000915527344,0.0,75.8479995727539,True,True,96.6500015258789,0.0,74.69599914550781,True,True,58.400001525878906,0.0,75.37999725341797,True,True,68.31999969482422,0.0,89.4739990234375,True,True,43.0099983215332,0.0,74.4800033569336,True,True,48.75,0.0,84.55999755859375,True,True,44.77000045776367,0.0,78.81800079345703,True,True,50.5099983215332,0.0,75.6500015258789,True,True,40.43000030517578,0.0,75.09200286865234,True,True,47.849998474121094,0.0,76.76599884033203,True,True,42.29999923706055,0.0,80.1500015258789,True,True,-25.0,69.30999755859375,,,,46.43600082397461,210.0019989013672,46.507999420166016,168.0,42.0,
2021-08-03 11:15:00,,,,,52.18000030517578,0.0,76.06400299072266,True,True,92.69000244140625,0.0,74.66000366210938,True,True,60.939998626708984,0.0,75.37999725341797,True,True,72.0199966430664,0.0,91.18399810791016,True,True,41.040000915527344,0.0,74.4260025024414,True,True,47.310001373291016,0.0,85.56800079345703,True,True,46.459999084472656,0.0,79.61000061035156,True,True,51.13999938964844,0.0,75.7040023803711,True,True,40.349998474121094,0.0,75.09200286865234,True,True,46.16999816894531,0.0,76.74800109863281,True,True,52.20000076293945,0.0,80.97799682617188,True,True,-25.0,67.33999633789062,,,,46.183998107910156,210.0019989013672,46.832000732421875,168.0,42.0,
2021-08-03 11:30:00,,,,,45.18000030517578,0.0,75.86599731445312,True,True,96.38999938964844,0.0,74.73200225830078,True,True,62.540000915527344,0.0,75.36199951171875,True,True,70.2699966430664,0.0,91.43599700927734,True,True,46.15999984741211,0.0,74.46199798583984,True,True,47.189998626708984,0.0,85.40599822998047,True,True,47.70000076293945,0.0,79.98799896240234,True,True,52.22999954223633,0.0,75.81199645996094,True,True,46.869998931884766,0.0,75.09200286865234,True,True,44.11000061035156,0.0,76.76599884033203,True,True,49.54999923706055,0.0,81.19400024414062,True,True,-24.969999313354492,66.05999755859375,,,,46.417999267578125,210.0019989013672,46.81399917602539,160.0,40.0,
2021-08-03 11:45:00,,,,,47.439998626708984,0.0,75.9020004272461,True,True,100.0,0.0,74.73200225830078,True,True,64.27999877929688,0.0,75.36199951171875,True,True,65.7300033569336,0.0,97.06999969482422,True,True,43.0,0.0,74.552001953125,True,True,54.689998626708984,0.0,86.57599639892578,True,True,47.599998474121094,0.0,80.02400207519531,True,True,52.25,0.0,75.7760009765625,True,True,43.630001068115234,0.0,75.09200286865234,True,True,44.779998779296875,0.0,76.76599884033203,True,True,49.61000061035156,0.0,81.3740005493164,True,True,-25.0,72.41000366210938,,,,46.86800003051758,210.0019989013672,47.08399963378906,160.0,40.0,
2021-08-03 12:00:00,,,,,47.5,0.0,76.22599792480469,True,True,100.0,0.0,74.73200225830078,True,True,61.439998626708984,0.0,75.37999725341797,True,True,61.599998474121094,0.0,95.08999633789062,True,True,43.40999984741211,0.0,74.64199829101562,True,True,51.09000015258789,0.0,87.40399932861328,True,True,47.33000183105469,0.0,80.45600128173828,True,True,52.060001373291016,0.0,75.88400268554688,True,True,43.119998931884766,0.0,75.09200286865234,True,True,43.209999084472656,0.0,76.76599884033203,True,True,54.58000183105469,0.0,81.3740005493164,True,True,-25.0,68.86000061035156,,,,46.54399871826172,210.0019989013672,46.86800003051758,168.0,42.0,
2021-08-03 12:15:00,,,,,42.5,0.0,76.38800048828125,True,True,95.0199966430664,0.0,74.6780014038086,True,True,63.310001373291016,0.0,75.4520034790039,True,True,59.84000015258789,0.0,95.46800231933594,True,True,45.68000030517578,0.0,74.56999969482422,True,True,48.20000076293945,0.0,87.94400024414062,True,True,48.02000045776367,0.0,81.01399993896484,True,True,52.529998779296875,0.0,75.81199645996094,True,True,42.099998474121094,0.0,75.11000061035156,True,True,42.84000015258789,0.0,76.74800109863281,True,True,51.650001525878906,0.0,82.22000122070312,True,True,-25.0,65.87000274658203,,,,46.47200012207031,210.0019989013672,46.97600173950195,160.0,40.0,
2021-08-03 12:30:00,,,,,48.97999954223633,0.0,76.22599792480469,True,True,95.66999816894531,0.0,74.71399688720703,True,True,60.279998779296875,0.0,75.47000122070312,True,True,58.099998474121094,0.0,96.49400329589844,True,True,42.970001220703125,0.0,74.552001953125,True,True,48.27000045776367,0.0,87.72799682617188,True,True,45.66999816894531,0.0,81.84200286865234,True,True,52.459999084472656,0.0,75.7040023803711,True,True,48.529998779296875,0.0,75.0199966430664,True,True,52.31999969482422,0.0,76.74800109863281,True,True,50.2599983215332,0.0,83.40799713134766,True,True,-25.0,65.36000061035156,,,,45.895999908447266,210.0019989013672,46.14799880981445,168.0,42.0,
2021-08-03 12:45:00,,,,,51.380001068115234,0.0,76.08200073242188,True,True,94.7300033569336,0.0,74.69599914550781,True,True,60.130001068115234,0.0,75.43399810791016,True,True,57.41999816894531,0.0,97.61000061035156,True,True,44.0099983215332,0.0,74.6780014038086,True,True,45.630001068115234,0.0,88.1240005493164,True,True,45.68000030517578,0.0,81.87799835205078,True,True,53.040000915527344,0.0,75.72200012207031,True,True,35.439998626708984,0.0,75.0199966430664,True,True,47.029998779296875,0.0,76.76599884033203,True,True,46.91999816894531,0.0,83.10199737548828,True,True,-25.0,65.75,,,,46.417999267578125,210.0019989013672,46.81399917602539,168.0,42.0,
2021-08-03 13:00:00,,,,,41.810001373291016,0.0,76.08200073242188,True,True,97.5,0.0,74.60600280761719,True,True,60.63999938964844,0.0,75.47000122070312,True,True,57.099998474121094,0.0,97.93399810791016,True,True,44.5,0.0,74.76799774169922,True,True,45.59000015258789,0.0,88.5739974975586,True,True,46.33000183105469,0.0,82.36399841308594,True,True,52.97999954223633,0.0,75.88400268554688,True,True,41.11000061035156,0.0,75.09200286865234,True,True,50.880001068115234,0.0,76.78399658203125,True,True,45.33000183105469,0.0,83.53399658203125,True,True,-25.0,66.44999694824219,,,,46.45399856567383,210.0019989013672,47.012001037597656,160.0,40.0,
2021-08-03 13:15:00,,,,,40.099998474121094,0.0,76.08200073242188,True,True,100.0,0.0,74.6780014038086,True,True,60.650001525878906,0.0,75.48799896240234,True,True,58.33000183105469,0.0,99.24800109863281,True,True,46.06999969482422,0.0,74.69599914550781,True,True,48.560001373291016,0.0,89.72599792480469,True,True,45.63999938964844,0.0,82.90399932861328,True,True,52.36000061035156,0.0,75.91999816894531,True,True,41.22999954223633,0.0,75.0739974975586,True,True,45.9900016784668,0.0,76.8740005493164,True,True,48.59000015258789,0.0,84.29000091552734,True,True,-25.0,66.06999969482422,,,,47.012001037597656,210.0019989013672,47.42599868774414,160.0,40.0,
2021-08-03 13:30:00,,,,,49.709999084472656,0.0,80.97799682617188,True,True,100.0,0.0,74.73200225830078,True,True,65.18000030517578,0.0,75.5780029296875,True,True,62.88999938964844,0.0,101.78600311279297,True,True,49.709999084472656,0.0,83.19200134277344,True,True,53.290000915527344,0.0,88.73600006103516,True,True,47.15999984741211,0.0,83.31800079345703,True,True,52.689998626708984,0.0,75.72200012207031,True,True,43.7599983215332,0.0,75.19999694824219,True,True,43.90999984741211,0.0,76.89199829101562,True,True,53.33000183105469,0.0,84.83000183105469,True,True,-25.0,71.79000091552734,,,,47.04800033569336,210.0019989013672,47.551998138427734,168.0,42.0,
2021-08-03 13:45:00,,,,,48.34000015258789,0.0,79.64600372314453,True,True,94.05999755859375,0.0,74.73200225830078,True,True,66.7699966430664,0.0,75.54199981689453,True,True,59.45000076293945,0.0,100.8499984741211,True,True,49.540000915527344,0.0,83.552001953125,True,True,48.970001220703125,0.0,88.48400115966797,True,True,49.36000061035156,0.0,83.4260025024414,True,True,53.029998779296875,0.0,75.99199676513672,True,True,41.88999938964844,0.0,75.16400146484375,True,True,43.81999969482422,0.0,77.01799774169922,True,True,54.90999984741211,0.0,84.6500015258789,True,True,-25.0,70.80000305175781,,,,46.95800018310547,210.0019989013672,47.40800094604492,160.0,40.0,
2021-08-03 14:00:00,,,,,49.040000915527344,0.0,81.93199920654297,True,True,98.04000091552734,0.0,74.75,True,True,63.04999923706055,0.0,75.50599670410156,True,True,63.75,0.0,102.68599700927734,True,True,45.93000030517578,0.0,79.86199951171875,True,True,48.310001373291016,0.0,88.98799896240234,True,True,49.689998626708984,0.0,82.7959976196289,True,True,52.77000045776367,0.0,75.7760009765625,True,True,35.09000015258789,0.0,75.16400146484375,True,True,44.20000076293945,0.0,77.08999633789062,True,True,56.939998626708984,0.0,83.40799713134766,True,True,-25.0,69.8499984741211,,,,47.5880012512207,210.0019989013672,47.89400100708008,168.0,42.0,
2021-08-03 14:15:00,,,,,43.22999954223633,0.0,79.82599639892578,True,True,100.0,0.0,74.73200225830078,True,True,63.900001525878906,0.0,75.52400207519531,True,True,62.09000015258789,0.0,101.24600219726562,True,True,46.02000045776367,0.0,84.09200286865234,True,True,46.869998931884766,0.0,88.71800231933594,True,True,48.83000183105469,0.0,83.17400360107422,True,True,55.119998931884766,0.0,76.08200073242188,True,True,40.869998931884766,0.0,75.19999694824219,True,True,47.970001220703125,0.0,77.25199890136719,True,True,56.11000061035156,0.0,84.11000061035156,True,True,-25.0,69.13999938964844,,,,46.849998474121094,210.0019989013672,47.551998138427734,168.0,42.0,
2021-08-03 14:30:00,,,,,42.849998474121094,0.0,78.76399993896484,True,True,94.93000030517578,0.0,74.73200225830078,True,True,63.65999984741211,0.0,75.4520034790039,True,True,59.40999984741211,0.0,101.8219985961914,True,True,54.599998474121094,0.0,81.44599914550781,True,True,54.31999969482422,0.0,88.93399810791016,True,True,46.439998626708984,0.0,83.46199798583984,True,True,52.709999084472656,0.0,75.95600128173828,True,True,48.61000061035156,0.0,75.23600006103516,True,True,47.70000076293945,0.0,77.30599975585938,True,True,51.59000015258789,0.0,84.52400207519531,True,True,-25.0,69.29000091552734,,,,46.88600158691406,210.0019989013672,47.37200164794922,176.0,44.0,
2021-08-03 14:45:00,,,,,50.040000915527344,0.0,81.697998046875,True,True,98.30000305175781,0.0,74.89399719238281,True,True,63.68000030517578,0.0,75.54199981689453,True,True,53.810001373291016,0.0,102.8479995727539,True,True,55.099998474121094,0.0,82.8499984741211,True,True,46.95000076293945,0.0,88.59200286865234,True,True,53.54999923706055,0.0,83.60600280761719,True,True,55.959999084472656,0.0,76.11799621582031,True,True,45.43000030517578,0.0,75.39800262451172,True,True,45.720001220703125,0.0,77.50399780273438,True,True,57.06999969482422,0.0,84.47000122070312,True,True,-25.0,70.87000274658203,,,,46.327999114990234,210.0019989013672,46.99399948120117,168.0,42.0,
2021-08-03 15:00:00,,,,,47.04999923706055,0.0,79.87999725341797,True,True,100.0,0.0,74.91200256347656,True,True,66.0,0.0,75.55999755859375,True,True,61.29999923706055,0.0,103.06400299072266,True,True,43.650001525878906,0.0,75.52400207519531,True,True,47.45000076293945,0.0,88.39399719238281,True,True,42.380001068115234,0.0,75.4520034790039,True,True,53.81999969482422,0.0,76.0459976196289,True,True,47.540000915527344,0.0,75.21800231933594,True,True,49.95000076293945,0.0,77.3239974975586,True,True,57.75,0.0,84.09200286865234,True,True,-25.0,69.80999755859375,,,,46.81399917602539,210.0019989013672,47.37200164794922,168.0,42.0,
2021-08-03 15:15:00,,,,,41.9900016784668,0.0,79.1240005493164,True,True,100.0,0.0,74.85800170898438,True,True,63.220001220703125,0.0,75.54199981689453,True,True,62.29999923706055,0.0,102.72200012207031,True,True,42.849998474121094,0.0,75.14600372314453,True,True,47.83000183105469,0.0,88.35800170898438,True,True,45.29999923706055,0.0,81.66200256347656,True,True,53.66999816894531,0.0,76.13600158691406,True,True,44.86000061035156,0.0,75.37999725341797,True,True,45.650001525878906,0.0,77.55799865722656,True,True,57.810001373291016,0.0,83.06600189208984,True,True,-25.0,71.83999633789062,,,,46.90399932861328,210.0019989013672,47.066001892089844,168.0,42.0,
2021-08-03 15:30:00,,,,,48.68000030517578,0.0,81.96800231933594,True,True,94.62000274658203,0.0,74.85800170898438,True,True,63.06999969482422,0.0,75.5780029296875,True,True,62.209999084472656,0.0,102.86599731445312,True,True,42.25,0.0,75.14600372314453,True,True,51.959999084472656,0.0,87.87200164794922,True,True,47.560001373291016,0.0,82.48999786376953,True,True,57.20000076293945,0.0,76.15399932861328,True,True,42.529998779296875,0.0,75.41600036621094,True,True,50.5099983215332,0.0,77.57599639892578,True,True,58.810001373291016,0.0,83.26399993896484,True,True,-25.0,73.80999755859375,,,,47.19200134277344,210.0019989013672,47.5880012512207,168.0,42.0,
2021-08-03 15:45:00,,,,,50.5,0.0,80.31199645996094,True,True,94.12000274658203,0.0,74.85800170898438,True,True,61.959999084472656,0.0,75.5780029296875,True,True,61.79999923706055,0.0,103.85600280761719,True,True,43.790000915527344,0.0,74.947998046875,True,True,47.27000045776367,0.0,87.63800048828125,True,True,48.97999954223633,0.0,82.58000183105469,True,True,53.33000183105469,0.0,76.24400329589844,True,True,44.09000015258789,0.0,75.48799896240234,True,True,57.529998779296875,0.0,77.77400207519531,True,True,59.97999954223633,0.0,82.74199676513672,True,True,-25.0,74.38999938964844,,,,46.45399856567383,210.0019989013672,46.99399948120117,160.0,40.0,
2021-08-03 16:00:00,,,,,45.84000015258789,0.0,78.72799682617188,True,True,96.7699966430664,0.0,74.85800170898438,True,True,61.63999938964844,0.0,75.50599670410156,True,True,61.869998931884766,0.0,102.27200317382812,True,True,44.08000183105469,0.0,74.96600341796875,True,True,46.959999084472656,0.0,86.9000015258789,True,True,49.65999984741211,0.0,82.6520004272461,True,True,53.130001068115234,0.0,76.08200073242188,True,True,51.540000915527344,0.0,75.50599670410156,True,True,54.38999938964844,0.0,77.66600036621094,True,True,64.88999938964844,0.0,82.9219970703125,True,True,-25.0,74.58999633789062,,,,46.88600158691406,210.0019989013672,47.22800064086914,168.0,42.0,
2021-08-03 16:15:00,,,,,45.93000030517578,0.0,80.31199645996094,True,True,100.0,0.0,74.89399719238281,True,True,68.47000122070312,0.0,75.50599670410156,True,True,61.54999923706055,0.0,102.50599670410156,True,True,43.9900016784668,0.0,74.8759994506836,True,True,49.63999938964844,0.0,86.61199951171875,True,True,50.189998626708984,0.0,81.91400146484375,True,True,54.040000915527344,0.0,76.22599792480469,True,True,45.369998931884766,0.0,75.61399841308594,True,True,50.58000183105469,0.0,77.75599670410156,True,True,63.34000015258789,0.0,81.87799835205078,True,True,-25.0,72.30000305175781,,,,46.310001373291016,210.0019989013672,46.832000732421875,160.0,40.0,
2021-08-03 16:30:00,,,,,45.709999084472656,0.0,80.4739990234375,True,True,96.4000015258789,0.0,74.91200256347656,True,True,70.23999786376953,0.0,75.50599670410156,True,True,56.41999816894531,0.0,102.25399780273438,True,True,43.81999969482422,0.0,74.947998046875,True,True,46.709999084472656,0.0,86.34200286865234,True,True,49.7599983215332,0.0,81.64399719238281,True,True,52.689998626708984,0.0,76.24400329589844,True,True,42.90999984741211,0.0,75.61399841308594,True,True,49.540000915527344,0.0,77.79199981689453,True,True,60.790000915527344,0.0,82.22000122070312,True,True,-25.0,74.30999755859375,,,,46.16600036621094,210.0019989013672,46.66999816894531,168.0,42.0,
2021-08-03 16:45:00,,,,,41.560001373291016,0.0,82.68800354003906,True,True,93.7300033569336,0.0,74.91200256347656,True,True,69.9000015258789,0.0,75.4520034790039,True,True,54.189998626708984,0.0,103.42400360107422,True,True,42.79999923706055,0.0,74.93000030517578,True,True,49.380001068115234,0.0,84.9020004272461,True,True,48.7599983215332,0.0,81.44599914550781,True,True,53.38999938964844,0.0,76.1719970703125,True,True,49.279998779296875,0.0,75.59600067138672,True,True,51.060001373291016,0.0,77.80999755859375,True,True,61.22999954223633,0.0,82.4000015258789,True,True,-25.0,75.30000305175781,,,,44.4379997253418,210.0019989013672,45.06800079345703,160.0,40.0,
2021-08-03 17:00:00,,,,,38.290000915527344,0.0,81.66200256347656,True,True,91.30000305175781,0.0,74.8759994506836,True,True,63.95000076293945,0.0,75.50599670410156,True,True,51.04999923706055,0.0,102.66799926757812,True,True,40.52000045776367,0.0,74.85800170898438,True,True,46.470001220703125,0.0,84.43399810791016,True,True,48.0,0.0,80.97799682617188,True,True,52.779998779296875,0.0,76.22599792480469,True,True,48.189998626708984,0.0,75.7040023803711,True,True,47.099998474121094,0.0,77.8280029296875,True,True,59.41999816894531,0.0,81.86000061035156,True,True,-25.0,67.58999633789062,,,,41.36000061035156,210.0019989013672,41.86399841308594,160.0,40.0,
2021-08-03 17:15:00,,,,,36.13999938964844,0.0,80.36599731445312,True,True,89.9800033569336,0.0,74.83999633789062,True,True,57.369998931884766,0.0,75.41600036621094,True,True,45.43000030517578,0.0,101.60600280761719,True,True,39.59000015258789,0.0,74.78600311279297,True,True,42.939998626708984,0.0,84.66799926757812,True,True,46.86000061035156,0.0,80.5999984741211,True,True,54.86000061035156,0.0,76.24400329589844,True,True,44.93000030517578,0.0,75.75800323486328,True,True,48.31999969482422,0.0,77.86399841308594,True,True,59.130001068115234,0.0,81.55400085449219,True,True,-25.0,56.84000015258789,,,,40.981998443603516,210.0019989013672,41.43199920654297,160.0,40.0,
2021-08-03 17:30:00,,,,,44.40999984741211,0.0,78.78199768066406,True,True,88.9000015258789,0.0,74.58799743652344,True,True,53.189998626708984,0.0,75.41600036621094,True,True,46.939998626708984,0.0,101.85800170898438,True,True,42.400001525878906,0.0,74.78600311279297,True,True,41.56999969482422,0.0,84.21800231933594,True,True,43.880001068115234,0.0,80.23999786376953,True,True,50.529998779296875,0.0,76.13600158691406,True,True,40.97999954223633,0.0,75.52400207519531,True,True,47.880001068115234,0.0,77.88200378417969,True,True,56.95000076293945,0.0,81.12200164794922,True,True,-25.0,56.310001373291016,,,,57.61399841308594,210.0019989013672,58.11800003051758,160.0,40.0,
2021-08-03 17:45:00,,,,,47.79999923706055,0.0,79.91600036621094,True,True,100.0,0.0,74.552001953125,True,True,67.52999877929688,0.0,75.48799896240234,True,True,54.060001373291016,0.0,101.26399993896484,True,True,46.83000183105469,0.0,74.76799774169922,True,True,48.689998626708984,0.0,83.8219985961914,True,True,42.130001068115234,0.0,79.64600372314453,True,True,48.54999923706055,0.0,76.1719970703125,True,True,39.939998626708984,0.0,75.48799896240234,True,True,49.380001068115234,0.0,77.88200378417969,True,True,57.40999984741211,0.0,80.3479995727539,True,True,-25.0,66.45999908447266,,,,45.75199890136719,210.0019989013672,45.44599914550781,152.0,38.0,
2021-08-03 18:00:00,,,,,46.709999084472656,0.0,80.09600067138672,True,True,100.0,0.0,74.6240005493164,True,True,64.97000122070312,0.0,75.48799896240234,True,True,46.83000183105469,0.0,100.70600128173828,True,True,42.9900016784668,0.0,74.80400085449219,True,True,49.150001525878906,0.0,83.19200134277344,True,True,41.13999938964844,0.0,79.14199829101562,True,True,49.95000076293945,0.0,76.15399932861328,True,True,40.209999084472656,0.0,75.52400207519531,True,True,43.59000015258789,0.0,77.93599700927734,True,True,46.70000076293945,0.0,79.53800201416016,True,True,-25.0,64.98999786376953,,,,47.08399963378906,210.0019989013672,47.40800094604492,152.0,38.0,
2021-08-03 18:15:00,,,,,38.59000015258789,0.0,79.53800201416016,True,True,100.0,0.0,74.6780014038086,True,True,61.08000183105469,0.0,75.47000122070312,True,True,48.86000061035156,0.0,100.11199951171875,True,True,43.189998626708984,0.0,74.76799774169922,True,True,50.0099983215332,0.0,82.47200012207031,True,True,42.88999938964844,0.0,78.56600189208984,True,True,60.599998474121094,0.0,76.08200073242188,True,True,38.900001525878906,0.0,75.52400207519531,True,True,57.7400016784668,0.0,77.98999786376953,True,True,53.720001220703125,0.0,78.63800048828125,True,True,-25.0,63.790000915527344,,,,45.96799850463867,210.0019989013672,46.327999114990234,152.0,38.0,
2021-08-03 18:30:00,,,,,43.84000015258789,0.0,78.51200103759766,True,True,96.93000030517578,0.0,74.6780014038086,True,True,61.560001373291016,0.0,75.52400207519531,True,True,47.5,0.0,101.4260025024414,True,True,40.849998474121094,0.0,74.8759994506836,True,True,46.2599983215332,0.0,81.94999694824219,True,True,45.599998474121094,0.0,78.24199676513672,True,True,52.65999984741211,0.0,76.22599792480469,True,True,45.2400016784668,0.0,75.55999755859375,True,True,44.79999923706055,0.0,77.97200012207031,True,True,52.86000061035156,0.0,78.1520004272461,True,True,-25.0,64.83999633789062,,,,45.986000061035156,210.0019989013672,46.417999267578125,152.0,38.0,
2021-08-03 18:45:00,,,,,70.66999816894531,0.0,78.06199645996094,True,True,93.12999725341797,0.0,74.6780014038086,True,True,64.18000030517578,0.0,75.37999725341797,True,True,47.290000915527344,0.0,100.43599700927734,True,True,43.83000183105469,0.0,74.73200225830078,True,True,45.599998474121094,0.0,81.78800201416016,True,True,46.47999954223633,0.0,78.0979995727539,True,True,52.66999816894531,0.0,76.1719970703125,True,True,47.15999984741211,0.0,75.47000122070312,True,True,49.47999954223633,0.0,77.91799926757812,True,True,60.369998931884766,0.0,78.06199645996094,True,True,-25.0,66.43000030517578,,,,45.194000244140625,210.0019989013672,45.78799819946289,152.0,38.0,
2021-08-03 19:00:00,,,,,38.810001373291016,0.0,77.66600036621094,True,True,94.05999755859375,0.0,74.6780014038086,True,True,60.349998474121094,0.0,75.39800262451172,True,True,46.58000183105469,0.0,99.4280014038086,True,True,40.47999954223633,0.0,74.6240005493164,True,True,44.540000915527344,0.0,80.6719970703125,True,True,45.369998931884766,0.0,77.52200317382812,True,True,53.880001068115234,0.0,76.1719970703125,True,True,40.459999084472656,0.0,75.41600036621094,True,True,49.83000183105469,0.0,77.86399841308594,True,True,55.709999084472656,0.0,77.36000061035156,True,True,-25.0,64.26000213623047,,,,45.26599884033203,210.0019989013672,45.481998443603516,152.0,38.0,
2021-08-03 19:15:00,,,,,42.97999954223633,0.0,77.16200256347656,True,True,96.31999969482422,0.0,74.64199829101562,True,True,58.689998626708984,0.0,75.36199951171875,True,True,48.95000076293945,0.0,99.44599914550781,True,True,39.040000915527344,0.0,74.60600280761719,True,True,47.90999984741211,0.0,80.00599670410156,True,True,44.2599983215332,0.0,77.05400085449219,True,True,51.470001220703125,0.0,76.15399932861328,True,True,42.77000045776367,0.0,75.37999725341797,True,True,43.189998626708984,0.0,77.86399841308594,True,True,50.380001068115234,0.0,76.83799743652344,True,True,-25.0,65.25,,,,44.3120002746582,210.0019989013672,44.88800048828125,152.0,38.0,
2021-08-03 19:30:00,,,,,36.65999984741211,0.0,76.2979965209961,True,True,94.05999755859375,0.0,74.64199829101562,True,True,60.04999923706055,0.0,75.36199951171875,True,True,43.88999938964844,0.0,99.51799774169922,True,True,38.68000030517578,0.0,74.552001953125,True,True,47.720001220703125,0.0,79.61000061035156,True,True,43.959999084472656,0.0,76.60399627685547,True,True,50.81999969482422,0.0,76.13600158691406,True,True,41.709999084472656,0.0,75.32599639892578,True,True,51.45000076293945,0.0,77.77400207519531,True,True,49.81999969482422,0.0,76.2979965209961,True,True,-25.0,66.3499984741211,,,,42.83599853515625,210.0019989013672,43.375999450683594,152.0,38.0,
2021-08-03 19:45:00,,,,,38.72999954223633,0.0,75.88400268554688,True,True,93.79000091552734,0.0,74.552001953125,True,True,53.279998779296875,0.0,75.37999725341797,True,True,41.58000183105469,0.0,99.06800079345703,True,True,38.209999084472656,0.0,74.53399658203125,True,True,45.040000915527344,0.0,78.49400329589844,True,True,43.36000061035156,0.0,75.9739990234375,True,True,50.29999923706055,0.0,76.02799987792969,True,True,39.970001220703125,0.0,75.27200317382812,True,True,48.97999954223633,0.0,77.75599670410156,True,True,48.7599983215332,0.0,75.37999725341797,True,True,-25.0,65.48999786376953,,,,41.93600082397461,210.0019989013672,42.40399932861328,152.0,38.0,
2021-08-03 20:00:00,,,,,34.20000076293945,0.0,75.7040023803711,True,True,94.44000244140625,0.0,74.56999969482422,True,True,53.970001220703125,0.0,75.30799865722656,True,True,42.43000030517578,0.0,98.18599700927734,True,True,42.869998931884766,0.0,74.4800033569336,True,True,39.97999954223633,0.0,78.08000183105469,True,True,42.40999984741211,0.0,75.23600006103516,True,True,46.36000061035156,0.0,75.95600128173828,True,True,37.86000061035156,0.0,75.27200317382812,True,True,44.08000183105469,0.0,77.66600036621094,True,True,44.790000915527344,0.0,74.30000305175781,True,True,-25.0,66.04000091552734,,,,41.37799835205078,210.0019989013672,41.827999114990234,152.0,38.0,
2021-08-03 20:15:00,,,,,38.470001220703125,0.0,74.947998046875,True,True,95.44000244140625,0.0,74.552001953125,True,True,51.83000183105469,0.0,75.36199951171875,True,True,40.5,0.0,97.25,True,True,37.0,0.0,74.44400024414062,True,True,39.45000076293945,0.0,77.46800231933594,True,True,41.75,0.0,74.53399658203125,True,True,50.79999923706055,0.0,75.86599731445312,True,True,38.459999084472656,0.0,75.03800201416016,True,True,41.29999923706055,0.0,77.57599639892578,True,True,49.0099983215332,0.0,73.38200378417969,True,True,-25.0,65.20999908447266,,,,40.981998443603516,210.0019989013672,41.32400131225586,144.0,36.0,
2021-08-03 20:30:00,,,,,38.459999084472656,0.0,74.60600280761719,True,True,96.29000091552734,0.0,74.49800109863281,True,True,51.33000183105469,0.0,75.30799865722656,True,True,40.849998474121094,0.0,96.47599792480469,True,True,39.08000183105469,0.0,74.44400024414062,True,True,42.060001373291016,0.0,76.9280014038086,True,True,41.040000915527344,0.0,73.77799987792969,True,True,49.5,0.0,75.81199645996094,True,True,41.13999938964844,0.0,75.14600372314453,True,True,41.5,0.0,77.52200317382812,True,True,45.18000030517578,0.0,72.39199829101562,True,True,-25.0,63.849998474121094,,,,41.25199890136719,210.0019989013672,41.683998107910156,152.0,38.0,
2021-08-03 20:45:00,,,,,36.400001525878906,0.0,74.06600189208984,True,True,98.48999786376953,0.0,74.44400024414062,True,True,46.59000015258789,0.0,75.30799865722656,True,True,39.93000030517578,0.0,97.01599884033203,True,True,39.36000061035156,0.0,74.30000305175781,True,True,44.150001525878906,0.0,76.22599792480469,True,True,41.810001373291016,0.0,73.22000122070312,True,True,46.06999969482422,0.0,75.91999816894531,True,True,39.31999969482422,0.0,75.16400146484375,True,True,36.4900016784668,0.0,77.50399780273438,True,True,42.02000045776367,0.0,71.7979965209961,True,True,-25.0,63.849998474121094,,,,41.215999603271484,210.0019989013672,41.630001068115234,152.0,38.0,
2021-08-03 21:00:00,,,,,36.040000915527344,0.0,73.61599731445312,True,True,100.0,0.0,74.44400024414062,True,True,52.349998474121094,0.0,75.36199951171875,True,True,41.33000183105469,0.0,94.35199737548828,True,True,38.970001220703125,0.0,74.30000305175781,True,True,42.790000915527344,0.0,75.9020004272461,True,True,41.540000915527344,0.0,72.71600341796875,True,True,49.810001373291016,0.0,75.88400268554688,True,True,35.36000061035156,0.0,75.16400146484375,True,True,38.59000015258789,0.0,77.50399780273438,True,True,41.70000076293945,0.0,71.09600067138672,True,True,-25.0,62.88999938964844,,,,41.28799819946289,210.0019989013672,41.70199966430664,144.0,36.0,
2021-08-03 21:15:00,,,,,36.880001068115234,0.0,73.16600036621094,True,True,93.56999969482422,0.0,74.44400024414062,True,True,51.900001525878906,0.0,75.37999725341797,True,True,41.119998931884766,0.0,96.00800323486328,True,True,39.29999923706055,0.0,74.19200134277344,True,True,46.06999969482422,0.0,75.50599670410156,True,True,41.63999938964844,0.0,72.12200164794922,True,True,48.2400016784668,0.0,75.88400268554688,True,True,36.400001525878906,0.0,75.14600372314453,True,True,44.279998779296875,0.0,77.48600006103516,True,True,40.959999084472656,0.0,70.3759994506836,True,True,-25.0,64.33999633789062,,,,41.305999755859375,210.0019989013672,41.737998962402344,152.0,38.0,
2021-08-03 21:30:00,,,,,41.70000076293945,0.0,73.00399780273438,True,True,94.94999694824219,0.0,74.40799713134766,True,True,51.150001525878906,0.0,75.36199951171875,True,True,39.11000061035156,0.0,96.16999816894531,True,True,37.689998626708984,0.0,74.24600219726562,True,True,42.13999938964844,0.0,75.11000061035156,True,True,41.33000183105469,0.0,71.4739990234375,True,True,50.029998779296875,0.0,75.79399871826172,True,True,36.619998931884766,0.0,75.16400146484375,True,True,40.15999984741211,0.0,77.37799835205078,True,True,42.349998474121094,0.0,69.87200164794922,True,True,-25.0,65.16000366210938,,,,41.32400131225586,210.0019989013672,41.75600051879883,144.0,36.0,
2021-08-03 21:45:00,,,,,40.88999938964844,0.0,73.14800262451172,True,True,96.80000305175781,0.0,74.40799713134766,True,True,50.130001068115234,0.0,75.27200317382812,True,True,41.310001373291016,0.0,95.61199951171875,True,True,37.27000045776367,0.0,74.24600219726562,True,True,39.0,0.0,74.66000366210938,True,True,41.0,0.0,71.00599670410156,True,True,49.650001525878906,0.0,75.8479995727539,True,True,37.2599983215332,0.0,75.12799835205078,True,True,44.529998779296875,0.0,77.36000061035156,True,True,42.689998626708984,0.0,69.52999877929688,True,True,-25.0,63.38999938964844,,,,41.305999755859375,210.0019989013672,41.737998962402344,152.0,38.0,
2021-08-03 22:00:00,,,,,37.2400016784668,0.0,73.34600067138672,True,True,94.88999938964844,0.0,74.40799713134766,True,True,51.22999954223633,0.0,75.27200317382812,True,True,42.119998931884766,0.0,95.1259994506836,True,True,36.72999954223633,0.0,74.12000274658203,True,True,42.31999969482422,0.0,74.51599884033203,True,True,40.959999084472656,0.0,70.84400177001953,True,True,52.5,0.0,75.79399871826172,True,True,36.959999084472656,0.0,75.14600372314453,True,True,35.119998931884766,0.0,77.3239974975586,True,True,42.75,0.0,69.2959976196289,True,True,-25.0,63.31999969482422,,,,41.305999755859375,210.0019989013672,41.737998962402344,144.0,36.0,
2021-08-03 22:15:00,,,,,40.83000183105469,0.0,73.2020034790039,True,True,97.19999694824219,0.0,74.40799713134766,True,True,50.22999954223633,0.0,75.30799865722656,True,True,40.31999969482422,0.0,94.38800048828125,True,True,42.04999923706055,0.0,74.06600189208984,True,True,39.13999938964844,0.0,74.20999908447266,True,True,40.68000030517578,0.0,70.55599975585938,True,True,47.09000015258789,0.0,75.72200012207031,True,True,36.56999969482422,0.0,75.12799835205078,True,True,37.790000915527344,0.0,77.3239974975586,True,True,41.65999984741211,0.0,69.08000183105469,True,True,-25.0,64.36000061035156,,,,41.32400131225586,210.0019989013672,41.77399826049805,152.0,38.0,
2021-08-03 22:30:00,,,,,40.599998474121094,0.0,73.11199951171875,True,True,94.12999725341797,0.0,74.37200164794922,True,True,49.33000183105469,0.0,75.32599639892578,True,True,39.43000030517578,0.0,94.53199768066406,True,True,38.20000076293945,0.0,74.12000274658203,True,True,45.349998474121094,0.0,73.88600158691406,True,True,40.380001068115234,0.0,70.3759994506836,True,True,45.709999084472656,0.0,75.66799926757812,True,True,36.310001373291016,0.0,75.0739974975586,True,True,43.40999984741211,0.0,77.2699966430664,True,True,41.0099983215332,0.0,68.80999755859375,True,True,-25.0,64.38999938964844,,,,41.36000061035156,210.0019989013672,41.75600051879883,144.0,36.0,
2021-08-03 22:45:00,,,,,34.91999816894531,0.0,72.8239974975586,True,True,96.06999969482422,0.0,74.37200164794922,True,True,48.59000015258789,0.0,75.27200317382812,True,True,38.97999954223633,0.0,94.33399963378906,True,True,38.380001068115234,0.0,73.99400329589844,True,True,40.81999969482422,0.0,73.58000183105469,True,True,39.849998474121094,0.0,70.06999969482422,True,True,45.91999816894531,0.0,75.6500015258789,True,True,32.970001220703125,0.0,75.05599975585938,True,True,42.279998779296875,0.0,77.2699966430664,True,True,41.779998779296875,0.0,68.43199920654297,True,True,-25.0,61.31999969482422,,,,41.23400115966797,210.0019989013672,41.70199966430664,152.0,38.0,
2021-08-03 23:00:00,,,,,36.52000045776367,0.0,73.11199951171875,True,True,98.37999725341797,0.0,74.37200164794922,True,True,49.72999954223633,0.0,75.34400177001953,True,True,39.59000015258789,0.0,93.95600128173828,True,True,41.040000915527344,0.0,73.95800018310547,True,True,40.459999084472656,0.0,73.22000122070312,True,True,40.630001068115234,0.0,69.80000305175781,True,True,46.119998931884766,0.0,75.68599700927734,True,True,38.75,0.0,75.0739974975586,True,True,40.83000183105469,0.0,77.21600341796875,True,True,36.22999954223633,0.0,68.10800170898438,True,True,-25.0,77.29000091552734,,,,41.683998107910156,210.0019989013672,42.04399871826172,144.0,36.0,
2021-08-03 23:15:00,,,,,35.560001373291016,0.0,72.8239974975586,True,True,94.33000183105469,0.0,74.37200164794922,True,True,47.63999938964844,0.0,75.23600006103516,True,True,38.90999984741211,0.0,93.81199645996094,True,True,36.439998626708984,0.0,73.95800018310547,True,True,39.84000015258789,0.0,72.93199920654297,True,True,41.189998626708984,0.0,69.47599792480469,True,True,48.650001525878906,0.0,75.63200378417969,True,True,41.369998931884766,0.0,75.03800201416016,True,True,43.779998779296875,0.0,77.197998046875,True,True,45.25,0.0,67.74800109863281,True,True,-25.0,73.43000030517578,,,,41.77399826049805,210.0019989013672,42.0620002746582,144.0,36.0,
2021-08-03 23:30:00,,,,,43.20000076293945,0.0,72.4280014038086,True,True,96.7300033569336,0.0,74.37200164794922,True,True,51.83000183105469,0.0,75.27200317382812,True,True,40.65999984741211,0.0,93.95600128173828,True,True,39.58000183105469,0.0,73.90399932861328,True,True,45.119998931884766,0.0,72.98600006103516,True,True,41.2599983215332,0.0,69.0979995727539,True,True,51.130001068115234,0.0,75.66799926757812,True,True,37.27000045776367,0.0,74.947998046875,True,True,43.0099983215332,0.0,77.14399719238281,True,True,41.290000915527344,0.0,67.38800048828125,True,True,-25.0,63.86000061035156,,,,47.08399963378906,210.0019989013672,47.42599868774414,144.0,36.0,
2021-08-03 23:45:00,,,,,45.119998931884766,0.0,71.88800048828125,True,True,99.12000274658203,0.0,74.37200164794922,True,True,61.849998474121094,0.0,75.32599639892578,True,True,54.09000015258789,0.0,94.42400360107422,True,True,44.15999984741211,0.0,73.97599792480469,True,True,45.939998626708984,0.0,72.71600341796875,True,True,41.09000015258789,0.0,68.93599700927734,True,True,46.02000045776367,0.0,75.61399841308594,True,True,33.849998474121094,0.0,74.96600341796875,True,True,38.689998626708984,0.0,77.10800170898438,True,True,40.459999084472656,0.0,67.20800018310547,True,True,-25.0,80.38999938964844,,,,46.38199996948242,210.0019989013672,47.37200164794922,152.0,38.0,
2021-08-04 00:00:00,,,,,38.130001068115234,0.0,72.12200164794922,True,True,91.77999877929688,0.0,74.552001953125,True,True,54.66999816894531,0.0,75.37999725341797,True,True,45.2400016784668,0.0,93.88400268554688,True,True,39.25,0.0,73.81400299072266,True,True,44.93000030517578,0.0,72.46399688720703,True,True,44.59000015258789,0.0,68.80999755859375,True,True,45.79999923706055,0.0,75.66799926757812,True,True,43.4900016784668,0.0,74.947998046875,True,True,37.2400016784668,0.0,76.96399688720703,True,True,40.63999938964844,0.0,67.1719970703125,True,True,-25.0,79.2699966430664,,,,45.391998291015625,210.0019989013672,45.481998443603516,144.0,36.0,
2021-08-04 00:15:00,,,,,44.40999984741211,0.0,72.15799713134766,True,True,94.37999725341797,0.0,74.552001953125,True,True,53.93000030517578,0.0,75.30799865722656,True,True,43.869998931884766,0.0,93.52400207519531,True,True,38.90999984741211,0.0,73.8499984741211,True,True,45.16999816894531,0.0,72.302001953125,True,True,46.849998474121094,0.0,68.57599639892578,True,True,52.20000076293945,0.0,75.4520034790039,True,True,42.970001220703125,0.0,74.947998046875,True,True,43.029998779296875,0.0,76.8740005493164,True,True,45.2400016784668,0.0,66.99199676513672,True,True,-25.0,79.36000061035156,,,,44.492000579833984,210.0019989013672,45.35599899291992,152.0,38.0,
2021-08-04 00:30:00,,,,,36.970001220703125,0.0,71.36599731445312,True,True,92.94000244140625,0.0,74.552001953125,True,True,51.61000061035156,0.0,75.29000091552734,True,True,42.619998931884766,0.0,93.88400268554688,True,True,36.599998474121094,0.0,73.86799621582031,True,True,43.22999954223633,0.0,71.92400360107422,True,True,45.709999084472656,0.0,68.64800262451172,True,True,52.619998931884766,0.0,75.52400207519531,True,True,38.470001220703125,0.0,74.91200256347656,True,True,41.189998626708984,0.0,76.8740005493164,True,True,45.63999938964844,0.0,66.91999816894531,True,True,-25.0,82.37000274658203,,,,44.90599822998047,210.0019989013672,45.428001403808594,144.0,36.0,
2021-08-04 00:45:00,,,,,42.869998931884766,0.0,71.97799682617188,True,True,95.94000244140625,0.0,74.552001953125,True,True,53.790000915527344,0.0,75.27200317382812,True,True,43.209999084472656,0.0,93.30799865722656,True,True,40.5,0.0,73.7959976196289,True,True,44.43000030517578,0.0,71.81600189208984,True,True,43.22999954223633,0.0,68.57599639892578,True,True,49.83000183105469,0.0,75.54199981689453,True,True,39.4900016784668,0.0,75.0739974975586,True,True,43.349998474121094,0.0,76.85600280761719,True,True,43.779998779296875,0.0,66.95600128173828,True,True,-25.0,78.56999969482422,,,,45.194000244140625,210.0019989013672,45.75199890136719,144.0,36.0,
2021-08-04 01:00:00,,,,,38.66999816894531,0.0,71.88800048828125,True,True,93.25,0.0,74.552001953125,True,True,58.779998779296875,0.0,75.30799865722656,True,True,45.869998931884766,0.0,93.09200286865234,True,True,40.630001068115234,0.0,73.74199676513672,True,True,48.95000076293945,0.0,71.72599792480469,True,True,42.68000030517578,0.0,68.39600372314453,True,True,46.7400016784668,0.0,75.48799896240234,True,True,42.90999984741211,0.0,74.91200256347656,True,True,40.47999954223633,0.0,76.83799743652344,True,True,43.47999954223633,0.0,66.8479995727539,True,True,-25.0,78.45999908447266,,,,45.17599868774414,210.0019989013672,45.608001708984375,152.0,38.0,
2021-08-04 01:15:00,,,,,39.66999816894531,0.0,71.70800018310547,True,True,95.8499984741211,0.0,74.56999969482422,True,True,54.43000030517578,0.0,75.30799865722656,True,True,45.220001220703125,0.0,93.48799896240234,True,True,40.400001525878906,0.0,73.6520004272461,True,True,46.16999816894531,0.0,71.63600158691406,True,True,43.709999084472656,0.0,68.46800231933594,True,True,51.029998779296875,0.0,75.39800262451172,True,True,42.4900016784668,0.0,74.83999633789062,True,True,43.880001068115234,0.0,76.78399658203125,True,True,44.40999984741211,0.0,66.81199645996094,True,True,-25.0,79.1500015258789,,,,45.571998596191406,210.0019989013672,45.84199905395508,144.0,36.0,
2021-08-04 01:30:00,,,,,43.08000183105469,0.0,71.56400299072266,True,True,99.02999877929688,0.0,74.552001953125,True,True,54.54999923706055,0.0,75.34400177001953,True,True,45.279998779296875,0.0,93.52400207519531,True,True,41.2400016784668,0.0,73.68800354003906,True,True,41.72999954223633,0.0,71.49199676513672,True,True,44.040000915527344,0.0,68.62999725341797,True,True,49.22999954223633,0.0,75.36199951171875,True,True,39.81999969482422,0.0,74.83999633789062,True,True,42.40999984741211,0.0,76.76599884033203,True,True,45.209999084472656,0.0,66.91999816894531,True,True,-25.0,78.36000061035156,,,,45.284000396728516,210.0019989013672,45.82400131225586,144.0,36.0,
2021-08-04 01:45:00,,,,,39.130001068115234,0.0,71.38400268554688,True,True,100.0,0.0,74.58799743652344,True,True,59.380001068115234,0.0,75.27200317382812,True,True,45.099998474121094,0.0,87.1520004272461,True,True,42.209999084472656,0.0,73.68800354003906,True,True,41.84000015258789,0.0,70.98799896240234,True,True,44.31999969482422,0.0,68.23400115966797,True,True,49.18000030517578,0.0,75.25399780273438,True,True,40.369998931884766,0.0,74.89399719238281,True,True,43.650001525878906,0.0,76.76599884033203,True,True,45.369998931884766,0.0,66.6500015258789,True,True,-25.0,78.44000244140625,,,,45.301998138427734,210.0019989013672,45.82400131225586,144.0,36.0,
2021-08-04 02:00:00,,,,,43.11000061035156,0.0,71.22200012207031,True,True,100.0,0.0,74.64199829101562,True,True,56.5099983215332,0.0,75.25399780273438,True,True,45.84000015258789,0.0,86.98999786376953,True,True,40.869998931884766,0.0,73.63400268554688,True,True,45.5099983215332,0.0,71.04199981689453,True,True,44.540000915527344,0.0,68.0719985961914,True,True,50.04999923706055,0.0,75.50599670410156,True,True,40.529998779296875,0.0,74.80400085449219,True,True,44.63999938964844,0.0,76.6760025024414,True,True,41.529998779296875,0.0,66.4520034790039,True,True,-25.0,77.83999633789062,,,,45.194000244140625,210.0019989013672,45.805999755859375,144.0,36.0,
2021-08-04 02:15:00,,,,,42.099998474121094,0.0,71.58200073242188,True,True,95.25,0.0,74.69599914550781,True,True,55.61000061035156,0.0,75.25399780273438,True,True,48.83000183105469,0.0,86.66600036621094,True,True,38.16999816894531,0.0,73.61599731445312,True,True,46.83000183105469,0.0,71.02400207519531,True,True,44.400001525878906,0.0,67.802001953125,True,True,49.79999923706055,0.0,75.36199951171875,True,True,38.9900016784668,0.0,74.75,True,True,43.33000183105469,0.0,76.60399627685547,True,True,40.970001220703125,0.0,66.29000091552734,True,True,-25.0,78.31999969482422,,,,44.85200119018555,210.0019989013672,45.374000549316406,144.0,36.0,
2021-08-04 02:30:00,,,,,38.11000061035156,0.0,71.02400207519531,True,True,93.73999786376953,0.0,74.6780014038086,True,True,56.16999816894531,0.0,75.27200317382812,True,True,48.220001220703125,0.0,86.79199981689453,True,True,41.36000061035156,0.0,73.58000183105469,True,True,43.2599983215332,0.0,70.91600036621094,True,True,44.310001373291016,0.0,67.69400024414062,True,True,50.70000076293945,0.0,75.36199951171875,True,True,40.439998626708984,0.0,74.8219985961914,True,True,42.060001373291016,0.0,76.65799713134766,True,True,41.58000183105469,0.0,66.14600372314453,True,True,-25.0,78.33999633789062,,,,44.94200134277344,210.0019989013672,45.374000549316406,144.0,36.0,
2021-08-04 02:45:00,,,,,39.63999938964844,0.0,71.65399932861328,True,True,93.94000244140625,0.0,74.6780014038086,True,True,57.099998474121094,0.0,75.23600006103516,True,True,49.38999938964844,0.0,91.25599670410156,True,True,42.06999969482422,0.0,73.50800323486328,True,True,43.029998779296875,0.0,70.66400146484375,True,True,44.54999923706055,0.0,67.51399993896484,True,True,51.9900016784668,0.0,75.30799865722656,True,True,37.959999084472656,0.0,74.73200225830078,True,True,43.81999969482422,0.0,76.60399627685547,True,True,41.36000061035156,0.0,66.00199890136719,True,True,-25.0,77.37000274658203,,,,45.26599884033203,210.0019989013672,45.55400085449219,144.0,36.0,
2021-08-04 03:00:00,,,,,40.810001373291016,0.0,72.21199798583984,True,True,96.44999694824219,0.0,74.71399688720703,True,True,56.93000030517578,0.0,75.27200317382812,True,True,49.75,0.0,92.13800048828125,True,True,37.900001525878906,0.0,73.27400207519531,True,True,41.88999938964844,0.0,70.62799835205078,True,True,44.150001525878906,0.0,67.31600189208984,True,True,52.41999816894531,0.0,75.25399780273438,True,True,37.22999954223633,0.0,74.6780014038086,True,True,45.7599983215332,0.0,76.60399627685547,True,True,40.4900016784668,0.0,65.85800170898438,True,True,-25.0,77.23999786376953,,,,45.194000244140625,210.0019989013672,45.805999755859375,144.0,36.0,
2021-08-04 03:15:00,,,,,34.61000061035156,0.0,71.5459976196289,True,True,99.54000091552734,0.0,74.6240005493164,True,True,59.56999969482422,0.0,75.21800231933594,True,True,46.470001220703125,0.0,92.60600280761719,True,True,43.029998779296875,0.0,73.34600067138672,True,True,41.63999938964844,0.0,70.39399719238281,True,True,44.33000183105469,0.0,67.2979965209961,True,True,55.04999923706055,0.0,75.27200317382812,True,True,44.5,0.0,74.6780014038086,True,True,47.689998626708984,0.0,76.49600219726562,True,True,42.15999984741211,0.0,65.71399688720703,True,True,-25.0,76.87000274658203,,,,44.90599822998047,210.0019989013672,45.4640007019043,144.0,36.0,
2021-08-04 03:30:00,,,,,43.34000015258789,0.0,71.09600067138672,True,True,100.0,0.0,74.6240005493164,True,True,57.0099983215332,0.0,75.18199920654297,True,True,46.4900016784668,0.0,92.53399658203125,True,True,41.900001525878906,0.0,73.34600067138672,True,True,44.470001220703125,0.0,69.99800109863281,True,True,44.61000061035156,0.0,67.49600219726562,True,True,49.45000076293945,0.0,75.18199920654297,True,True,41.400001525878906,0.0,74.69599914550781,True,True,42.099998474121094,0.0,76.49600219726562,True,True,42.58000183105469,0.0,65.78600311279297,True,True,-25.0,76.79000091552734,,,,44.97800064086914,210.0019989013672,45.571998596191406,144.0,36.0,
2021-08-04 03:45:00,,,,,43.619998931884766,0.0,71.52799987792969,True,True,94.61000061035156,0.0,74.60600280761719,True,True,57.95000076293945,0.0,75.19999694824219,True,True,49.939998626708984,0.0,92.85800170898438,True,True,39.869998931884766,0.0,73.25599670410156,True,True,41.56999969482422,0.0,68.52200317382812,True,True,43.66999816894531,0.0,67.20800018310547,True,True,50.380001068115234,0.0,75.18199920654297,True,True,37.16999816894531,0.0,74.64199829101562,True,True,39.97999954223633,0.0,76.53199768066406,True,True,42.56999969482422,0.0,65.46199798583984,True,True,-25.0,76.3499984741211,,,,45.06800079345703,210.0019989013672,45.6619987487793,152.0,38.0,
2021-08-04 04:00:00,,,,,38.810001373291016,0.0,72.10399627685547,True,True,97.41000366210938,0.0,74.60600280761719,True,True,58.15999984741211,0.0,75.18199920654297,True,True,49.959999084472656,0.0,92.85800170898438,True,True,42.13999938964844,0.0,73.3280029296875,True,True,44.4900016784668,0.0,68.73799896240234,True,True,43.79999923706055,0.0,67.06400299072266,True,True,50.099998474121094,0.0,75.19999694824219,True,True,39.310001373291016,0.0,74.58799743652344,True,True,42.08000183105469,0.0,76.42400360107422,True,True,42.279998779296875,0.0,65.31800079345703,True,True,-25.0,76.19000244140625,,,,45.17599868774414,210.0019989013672,45.481998443603516,144.0,36.0,
2021-08-04 04:15:00,,,,,39.060001373291016,0.0,71.90599822998047,True,True,100.0,0.0,74.552001953125,True,True,57.2400016784668,0.0,75.18199920654297,True,True,48.61000061035156,0.0,92.6780014038086,True,True,37.349998474121094,0.0,73.38200378417969,True,True,43.86000061035156,0.0,68.61199951171875,True,True,43.22999954223633,0.0,67.01000213623047,True,True,50.7599983215332,0.0,75.00199890136719,True,True,37.75,0.0,74.58799743652344,True,True,44.400001525878906,0.0,76.38800048828125,True,True,41.900001525878906,0.0,65.13800048828125,True,True,-25.0,76.3499984741211,,,,44.762001037597656,210.0019989013672,45.26599884033203,144.0,36.0,
2021-08-04 04:30:00,,,,,38.58000183105469,0.0,71.31199645996094,True,True,100.0,0.0,74.552001953125,True,True,57.709999084472656,0.0,75.0739974975586,True,True,45.08000183105469,0.0,86.43199920654297,True,True,41.59000015258789,0.0,73.43599700927734,True,True,46.18000030517578,0.0,68.08999633789062,True,True,43.709999084472656,0.0,67.20800018310547,True,True,50.220001220703125,0.0,75.23600006103516,True,True,37.70000076293945,0.0,74.6240005493164,True,True,46.040000915527344,0.0,76.37000274658203,True,True,42.029998779296875,0.0,65.08399963378906,True,True,-25.0,75.8499984741211,,,,45.03200149536133,210.0019989013672,45.481998443603516,152.0,38.0,
2021-08-04 04:45:00,,,,,34.34000015258789,0.0,71.63600158691406,True,True,100.0,0.0,74.56999969482422,True,True,58.83000183105469,0.0,75.16400146484375,True,True,46.099998474121094,0.0,86.3239974975586,True,True,41.150001525878906,0.0,73.22000122070312,True,True,42.68000030517578,0.0,67.85600280761719,True,True,42.619998931884766,0.0,66.54199981689453,True,True,53.54999923706055,0.0,75.29000091552734,True,True,39.61000061035156,0.0,74.58799743652344,True,True,47.369998931884766,0.0,76.37000274658203,True,True,41.709999084472656,0.0,64.7239990234375,True,True,-25.0,75.83999633789062,,,,44.90599822998047,210.0019989013672,45.4640007019043,144.0,36.0,
2021-08-04 05:00:00,,,,,39.310001373291016,0.0,71.45600128173828,True,True,100.0,0.0,74.6780014038086,True,True,58.7400016784668,0.0,75.16400146484375,True,True,46.869998931884766,0.0,85.78399658203125,True,True,40.119998931884766,0.0,73.34600067138672,True,True,42.369998931884766,0.0,68.14399719238281,True,True,42.72999954223633,0.0,66.7040023803711,True,True,47.08000183105469,0.0,75.36199951171875,True,True,39.93000030517578,0.0,74.552001953125,True,True,46.880001068115234,0.0,76.35199737548828,True,True,41.400001525878906,0.0,64.83200073242188,True,True,-25.0,76.05999755859375,,,,45.17599868774414,210.0019989013672,45.374000549316406,144.0,36.0,
2021-08-04 05:15:00,,,,,38.65999984741211,0.0,71.02400207519531,True,True,94.63999938964844,0.0,74.73200225830078,True,True,57.45000076293945,0.0,75.16400146484375,True,True,48.11000061035156,0.0,85.62200164794922,True,True,40.5,0.0,73.48999786376953,True,True,44.439998626708984,0.0,67.85600280761719,True,True,44.709999084472656,0.0,66.32599639892578,True,True,52.5099983215332,0.0,75.18199920654297,True,True,39.189998626708984,0.0,74.4800033569336,True,True,43.880001068115234,0.0,76.24400329589844,True,True,41.15999984741211,0.0,64.61599731445312,True,True,-25.0,75.55999755859375,,,,44.83399963378906,210.0019989013672,45.374000549316406,144.0,36.0,
2021-08-04 05:30:00,,,,,39.689998626708984,0.0,70.66400146484375,True,True,94.3499984741211,0.0,74.6780014038086,True,True,57.939998626708984,0.0,75.14600372314453,True,True,46.16999816894531,0.0,87.87200164794922,True,True,40.06999969482422,0.0,73.25599670410156,True,True,40.06999969482422,0.0,67.71199798583984,True,True,44.119998931884766,0.0,66.0739974975586,True,True,53.2400016784668,0.0,75.25399780273438,True,True,39.59000015258789,0.0,74.552001953125,True,True,43.529998779296875,0.0,76.22599792480469,True,True,41.27000045776367,0.0,64.36399841308594,True,True,-25.0,75.8499984741211,,,,45.44599914550781,210.0019989013672,45.986000061035156,144.0,36.0,
2021-08-04 05:45:00,,,,,40.79999923706055,0.0,71.2040023803711,True,True,92.55000305175781,0.0,74.73200225830078,True,True,58.849998474121094,0.0,75.18199920654297,True,True,46.65999984741211,0.0,90.1760025024414,True,True,38.45000076293945,0.0,73.34600067138672,True,True,39.79999923706055,0.0,67.31600189208984,True,True,42.84000015258789,0.0,66.0739974975586,True,True,47.790000915527344,0.0,75.09200286865234,True,True,39.2400016784668,0.0,74.51599884033203,True,True,36.560001373291016,0.0,76.22599792480469,True,True,41.13999938964844,0.0,64.36399841308594,True,True,-25.0,75.44000244140625,,,,44.79800033569336,210.0019989013672,45.374000549316406,144.0,36.0,
2021-08-04 06:00:00,,,,,38.400001525878906,0.0,72.06800079345703,True,True,95.98999786376953,0.0,74.6780014038086,True,True,57.279998779296875,0.0,75.12799835205078,True,True,45.119998931884766,0.0,91.77799987792969,True,True,41.45000076293945,0.0,73.11199951171875,True,True,39.290000915527344,0.0,67.33399963378906,True,True,42.599998474121094,0.0,66.03800201416016,True,True,55.939998626708984,0.0,75.03800201416016,True,True,40.529998779296875,0.0,74.4800033569336,True,True,38.529998779296875,0.0,76.22599792480469,True,True,40.529998779296875,0.0,64.43599700927734,True,True,-25.0,75.43000030517578,,,,44.762001037597656,210.0019989013672,45.35599899291992,152.0,38.0,
2021-08-04 06:15:00,,,,,38.36000061035156,0.0,70.89800262451172,True,True,99.23999786376953,0.0,74.56999969482422,True,True,60.65999984741211,0.0,75.18199920654297,True,True,45.880001068115234,0.0,91.5979995727539,True,True,37.400001525878906,0.0,73.11199951171875,True,True,44.209999084472656,0.0,67.0459976196289,True,True,43.09000015258789,0.0,66.21800231933594,True,True,50.540000915527344,0.0,75.12799835205078,True,True,40.150001525878906,0.0,74.38999938964844,True,True,39.15999984741211,0.0,76.20800018310547,True,True,40.880001068115234,0.0,64.5260009765625,True,True,-25.0,74.9800033569336,,,,44.54600143432617,210.0019989013672,44.97800064086914,144.0,36.0,
2021-08-04 06:30:00,,,,,39.15999984741211,0.0,71.36599731445312,True,True,93.9000015258789,0.0,74.552001953125,True,True,58.04999923706055,0.0,75.19999694824219,True,True,48.529998779296875,0.0,91.66999816894531,True,True,39.130001068115234,0.0,73.09400177001953,True,True,43.9900016784668,0.0,68.21600341796875,True,True,42.619998931884766,0.0,66.8479995727539,True,True,55.220001220703125,0.0,75.00199890136719,True,True,38.15999984741211,0.0,74.44400024414062,True,True,38.7599983215332,0.0,76.20800018310547,True,True,40.52000045776367,0.0,64.7959976196289,True,True,-25.0,75.8499984741211,,,,44.672000885009766,210.0019989013672,45.013999938964844,152.0,38.0,
2021-08-04 06:45:00,,,,,40.150001525878906,0.0,70.89800262451172,True,True,87.43000030517578,0.0,74.44400024414062,True,True,58.119998931884766,0.0,75.12799835205078,True,True,45.599998474121094,0.0,92.31800079345703,True,True,40.91999816894531,0.0,73.16600036621094,True,True,43.439998626708984,0.0,67.6760025024414,True,True,42.599998474121094,0.0,66.75800323486328,True,True,48.27000045776367,0.0,74.947998046875,True,True,44.849998474121094,0.0,74.40799713134766,True,True,41.61000061035156,0.0,76.20800018310547,True,True,40.439998626708984,0.0,64.7959976196289,True,True,-25.0,75.30000305175781,,,,44.97800064086914,210.0019989013672,45.26599884033203,152.0,38.0,
2021-08-04 07:00:00,,,,,39.4900016784668,0.0,71.51000213623047,True,True,96.08999633789062,0.0,74.49800109863281,True,True,58.970001220703125,0.0,75.12799835205078,True,True,47.83000183105469,0.0,86.10800170898438,True,True,39.290000915527344,0.0,73.14800262451172,True,True,36.150001525878906,0.0,67.35199737548828,True,True,42.15999984741211,0.0,66.52400207519531,True,True,52.189998626708984,0.0,74.91200256347656,True,True,38.06999969482422,0.0,74.40799713134766,True,True,40.939998626708984,0.0,76.06400299072266,True,True,39.7400016784668,0.0,64.7959976196289,True,True,-25.0,67.61000061035156,,,,44.83399963378906,210.0019989013672,45.08599853515625,144.0,36.0,
2021-08-04 07:15:00,,,,,38.689998626708984,0.0,71.81600189208984,True,True,99.26000213623047,0.0,74.49800109863281,True,True,58.119998931884766,0.0,75.12799835205078,True,True,51.18000030517578,0.0,87.0260009765625,True,True,40.599998474121094,0.0,73.29199981689453,True,True,39.2599983215332,0.0,67.2979965209961,True,True,44.36000061035156,0.0,66.30799865722656,True,True,47.209999084472656,0.0,75.0739974975586,True,True,37.79999923706055,0.0,74.4260025024414,True,True,43.959999084472656,0.0,76.06400299072266,True,True,39.150001525878906,0.0,64.7959976196289,True,True,-25.0,65.04000091552734,,,,44.97800064086914,210.0019989013672,45.5359992980957,152.0,38.0,
2021-08-04 07:30:00,,,,,37.20000076293945,0.0,71.99600219726562,True,True,100.0,0.0,74.49800109863281,True,True,60.13999938964844,0.0,75.11000061035156,True,True,50.790000915527344,0.0,86.61199951171875,True,True,39.630001068115234,0.0,73.27400207519531,True,True,40.86000061035156,0.0,67.60399627685547,True,True,43.29999923706055,0.0,66.5780029296875,True,True,52.13999938964844,0.0,75.09200286865234,True,True,37.220001220703125,0.0,74.4260025024414,True,True,47.279998779296875,0.0,76.0459976196289,True,True,39.2400016784668,0.0,64.95800018310547,True,True,-25.0,66.38999938964844,,,,46.43600082397461,210.0019989013672,45.625999450683594,136.0,34.0,
2021-08-04 07:45:00,,,,,53.20000076293945,0.0,72.78800201416016,True,True,100.0,0.0,74.53399658203125,True,True,79.18000030517578,0.0,75.19999694824219,True,True,63.060001373291016,0.0,86.84600067138672,True,True,43.7400016784668,0.0,73.5260009765625,True,True,49.130001068115234,0.0,67.85600280761719,True,True,44.13999938964844,0.0,66.95600128173828,True,True,52.02000045776367,0.0,74.83999633789062,True,True,37.290000915527344,0.0,74.46199798583984,True,True,38.5099983215332,0.0,76.02799987792969,True,True,39.2400016784668,0.0,65.4260025024414,True,True,-25.0,75.30999755859375,,,,51.242000579833984,210.0019989013672,52.051998138427734,144.0,36.0,
2021-08-04 08:00:00,,,,,36.15999984741211,0.0,72.05000305175781,True,True,85.7699966430664,0.0,74.69599914550781,True,True,61.15999984741211,0.0,75.19999694824219,True,True,48.459999084472656,0.0,90.1760025024414,True,True,38.61000061035156,0.0,73.5260009765625,True,True,41.599998474121094,0.0,69.4219970703125,True,True,46.58000183105469,0.0,66.81199645996094,True,True,47.65999984741211,0.0,75.05599975585938,True,True,39.0099983215332,0.0,74.4260025024414,True,True,39.02000045776367,0.0,76.02799987792969,True,True,39.790000915527344,0.0,65.19200134277344,True,True,-25.0,67.3499984741211,,,,42.58399963378906,210.0019989013672,42.944000244140625,144.0,36.0,
2021-08-04 08:15:00,,,,,43.099998474121094,0.0,73.00399780273438,True,True,82.77999877929688,0.0,74.56999969482422,True,True,60.29999923706055,0.0,75.21800231933594,True,True,45.70000076293945,0.0,92.31800079345703,True,True,40.47999954223633,0.0,73.5979995727539,True,True,46.40999984741211,0.0,70.23200225830078,True,True,51.279998779296875,0.0,66.86599731445312,True,True,51.2599983215332,0.0,75.16400146484375,True,True,42.209999084472656,0.0,74.40799713134766,True,True,42.290000915527344,0.0,76.02799987792969,True,True,44.84000015258789,0.0,65.4260025024414,True,True,-25.0,69.51000213623047,,,,42.78200149536133,210.0019989013672,43.465999603271484,144.0,36.0,
2021-08-04 08:30:00,,,,,40.31999969482422,0.0,73.16600036621094,True,True,84.44999694824219,0.0,74.53399658203125,True,True,57.0,0.0,75.18199920654297,True,True,47.04999923706055,0.0,93.05599975585938,True,True,42.380001068115234,0.0,73.74199676513672,True,True,42.709999084472656,0.0,70.98799896240234,True,True,44.97999954223633,0.0,67.51399993896484,True,True,56.779998779296875,0.0,75.18199920654297,True,True,37.97999954223633,0.0,74.552001953125,True,True,51.18000030517578,0.0,76.15399932861328,True,True,44.0099983215332,0.0,66.21800231933594,True,True,-25.0,69.79000091552734,,,,43.39400100708008,210.0019989013672,43.82600021362305,152.0,38.0,
2021-08-04 08:45:00,,,,,39.22999954223633,0.0,73.94000244140625,True,True,86.76000213623047,0.0,74.4260025024414,True,True,54.61000061035156,0.0,75.0199966430664,True,True,42.54999923706055,0.0,94.11799621582031,True,True,36.65999984741211,0.0,73.7239990234375,True,True,47.709999084472656,0.0,72.66200256347656,True,True,42.7599983215332,0.0,68.03600311279297,True,True,45.79999923706055,0.0,75.29000091552734,True,True,38.099998474121094,0.0,74.60600280761719,True,True,47.91999816894531,0.0,76.1719970703125,True,True,40.90999984741211,0.0,66.95600128173828,True,True,-25.0,68.86000061035156,,,,40.65800094604492,210.0019989013672,41.05400085449219,152.0,38.0,
2021-08-04 09:00:00,,,,,38.38999938964844,0.0,74.22799682617188,True,True,83.73999786376953,0.0,74.38999938964844,True,True,52.790000915527344,0.0,75.0739974975586,True,True,44.36000061035156,0.0,94.60399627685547,True,True,37.349998474121094,0.0,73.88600158691406,True,True,46.88999938964844,0.0,73.5260009765625,True,True,42.47999954223633,0.0,68.36000061035156,True,True,47.04999923706055,0.0,75.30799865722656,True,True,42.4900016784668,0.0,74.6240005493164,True,True,45.380001068115234,0.0,76.22599792480469,True,True,42.36000061035156,0.0,67.62200164794922,True,True,-25.0,67.30999755859375,,,,41.36000061035156,210.0019989013672,41.75600051879883,160.0,40.0,
2021-08-04 09:15:00,,,,,35.279998779296875,0.0,74.44400024414062,True,True,85.68000030517578,0.0,74.31800079345703,True,True,52.59000015258789,0.0,75.12799835205078,True,True,45.59000015258789,0.0,96.04399871826172,True,True,40.310001373291016,0.0,73.88600158691406,True,True,45.15999984741211,0.0,74.6780014038086,True,True,42.06999969482422,0.0,69.36799621582031,True,True,50.689998626708984,0.0,75.37999725341797,True,True,40.45000076293945,0.0,74.6780014038086,True,True,40.27000045776367,0.0,76.35199737548828,True,True,41.189998626708984,0.0,68.84600067138672,True,True,-25.0,65.01000213623047,,,,41.25199890136719,210.0019989013672,41.737998962402344,152.0,38.0,
2021-08-04 09:30:00,,,,,35.0099983215332,0.0,75.18199920654297,True,True,88.30999755859375,0.0,74.35399627685547,True,True,54.189998626708984,0.0,75.12799835205078,True,True,45.970001220703125,0.0,90.78800201416016,True,True,36.04999923706055,0.0,73.95800018310547,True,True,48.83000183105469,0.0,75.88400268554688,True,True,41.599998474121094,0.0,70.1780014038086,True,True,44.72999954223633,0.0,75.36199951171875,True,True,39.459999084472656,0.0,74.73200225830078,True,True,39.150001525878906,0.0,76.35199737548828,True,True,42.189998626708984,0.0,69.94400024414062,True,True,-25.0,66.70999908447266,,,,41.57600021362305,210.0019989013672,42.007999420166016,160.0,40.0,
2021-08-04 09:45:00,,,,,36.099998474121094,0.0,75.86599731445312,True,True,91.5199966430664,0.0,74.35399627685547,True,True,53.849998474121094,0.0,75.18199920654297,True,True,45.93000030517578,0.0,89.87000274658203,True,True,39.060001373291016,0.0,73.94000244140625,True,True,44.709999084472656,0.0,77.48600006103516,True,True,42.45000076293945,0.0,71.38400268554688,True,True,50.65999984741211,0.0,75.43399810791016,True,True,43.54999923706055,0.0,74.78600311279297,True,True,43.970001220703125,0.0,76.47799682617188,True,True,43.779998779296875,0.0,71.63600158691406,True,True,-25.0,67.36000061035156,,,,41.215999603271484,210.0019989013672,41.57600021362305,152.0,38.0,
2021-08-04 10:00:00,,,,,36.4900016784668,0.0,76.58599853515625,True,True,93.33000183105469,0.0,74.37200164794922,True,True,57.29999923706055,0.0,75.11000061035156,True,True,51.68000030517578,0.0,98.09600067138672,True,True,37.7599983215332,0.0,74.01200103759766,True,True,47.20000076293945,0.0,78.74600219726562,True,True,42.38999938964844,0.0,72.33799743652344,True,True,48.689998626708984,0.0,75.50599670410156,True,True,40.380001068115234,0.0,74.80400085449219,True,True,35.95000076293945,0.0,76.47799682617188,True,True,44.70000076293945,0.0,72.73400115966797,True,True,-25.0,67.81999969482422,,,,42.90800094604492,210.0019989013672,42.944000244140625,152.0,38.0,
2021-08-04 10:15:00,,,,,41.40999984741211,0.0,76.8740005493164,True,True,97.81999969482422,0.0,74.40799713134766,True,True,57.02000045776367,0.0,75.16400146484375,True,True,55.939998626708984,0.0,96.87200164794922,True,True,41.540000915527344,0.0,74.0479965209961,True,True,45.470001220703125,0.0,80.13200378417969,True,True,43.33000183105469,0.0,73.18399810791016,True,True,47.20000076293945,0.0,75.50599670410156,True,True,38.34000015258789,0.0,74.80400085449219,True,True,39.970001220703125,0.0,76.53199768066406,True,True,45.83000183105469,0.0,73.63400268554688,True,True,-25.0,67.38999938964844,,,,44.762001037597656,210.0019989013672,44.94200134277344,152.0,38.0,
2021-08-04 10:30:00,,,,,42.630001068115234,0.0,77.50399780273438,True,True,100.0,0.0,74.4260025024414,True,True,62.529998779296875,0.0,75.25399780273438,True,True,61.88999938964844,0.0,96.49400329589844,True,True,42.939998626708984,0.0,74.08399963378906,True,True,49.04999923706055,0.0,81.10399627685547,True,True,43.369998931884766,0.0,74.40799713134766,True,True,46.33000183105469,0.0,75.61399841308594,True,True,41.439998626708984,0.0,74.78600311279297,True,True,43.72999954223633,0.0,76.53199768066406,True,True,44.810001373291016,0.0,74.96600341796875,True,True,-25.0,69.25,,,,45.625999450683594,210.0019989013672,45.986000061035156,160.0,40.0,
2021-08-04 10:45:00,,,,,44.68000030517578,0.0,78.06199645996094,True,True,100.0,0.0,74.552001953125,True,True,63.189998626708984,0.0,75.37999725341797,True,True,62.099998474121094,0.0,95.79199981689453,True,True,42.36000061035156,0.0,74.15599822998047,True,True,46.41999816894531,0.0,81.86000061035156,True,True,45.599998474121094,0.0,74.947998046875,True,True,47.790000915527344,0.0,75.30799865722656,True,True,42.369998931884766,0.0,74.91200256347656,True,True,37.31999969482422,0.0,76.58599853515625,True,True,47.310001373291016,0.0,75.63200378417969,True,True,-25.0,68.62000274658203,,,,45.77000045776367,210.0019989013672,46.29199981689453,160.0,40.0,
2021-08-04 11:00:00,,,,,46.849998474121094,0.0,78.20600128173828,True,True,100.0,0.0,74.60600280761719,True,True,65.3499984741211,0.0,75.25399780273438,True,True,69.4800033569336,0.0,96.2959976196289,True,True,51.880001068115234,0.0,74.22799682617188,True,True,44.380001068115234,0.0,81.96800231933594,True,True,46.54999923706055,0.0,75.8479995727539,True,True,50.7599983215332,0.0,75.41600036621094,True,True,39.90999984741211,0.0,74.85800170898438,True,True,45.459999084472656,0.0,76.58599853515625,True,True,48.439998626708984,0.0,76.53199768066406,True,True,-25.0,71.30000305175781,,,,45.75199890136719,210.0019989013672,46.27399826049805,168.0,42.0,
2021-08-04 11:15:00,,,,,46.13999938964844,0.0,78.31400299072266,True,True,93.31999969482422,0.0,74.66000366210938,True,True,61.20000076293945,0.0,75.18199920654297,True,True,69.01000213623047,0.0,98.22200012207031,True,True,41.279998779296875,0.0,74.26399993896484,True,True,44.04999923706055,0.0,82.38200378417969,True,True,48.900001525878906,0.0,76.20800018310547,True,True,56.349998474121094,0.0,75.5780029296875,True,True,43.29999923706055,0.0,74.91200256347656,True,True,43.150001525878906,0.0,76.58599853515625,True,True,49.40999984741211,0.0,77.1259994506836,True,True,-25.0,69.8499984741211,,,,45.17599868774414,210.0019989013672,45.73400115966797,160.0,40.0,
2021-08-04 11:30:00,,,,,40.290000915527344,0.0,78.06199645996094,True,True,95.5999984741211,0.0,74.58799743652344,True,True,63.5,0.0,75.25399780273438,True,True,52.68000030517578,0.0,97.86199951171875,True,True,41.41999816894531,0.0,74.19200134277344,True,True,47.560001373291016,0.0,82.30999755859375,True,True,46.619998931884766,0.0,76.60399627685547,True,True,51.13999938964844,0.0,75.52400207519531,True,True,40.689998626708984,0.0,74.91200256347656,True,True,46.02000045776367,0.0,76.58599853515625,True,True,52.56999969482422,0.0,77.28800201416016,True,True,-25.0,64.23999786376953,,,,45.12200164794922,210.0019989013672,45.73400115966797,168.0,42.0,
2021-08-04 11:45:00,,,,,43.470001220703125,0.0,77.77400207519531,True,True,93.61000061035156,0.0,74.552001953125,True,True,62.09000015258789,0.0,75.25399780273438,True,True,50.439998626708984,0.0,97.3219985961914,True,True,41.459999084472656,0.0,74.20999908447266,True,True,45.939998626708984,0.0,82.11199951171875,True,True,46.970001220703125,0.0,77.14399719238281,True,True,52.15999984741211,0.0,75.63200378417969,True,True,40.40999984741211,0.0,74.98400115966797,True,True,43.66999816894531,0.0,76.58599853515625,True,True,48.119998931884766,0.0,77.9000015258789,True,True,-25.0,62.869998931884766,,,,45.64400100708008,210.0019989013672,45.96799850463867,160.0,40.0,
2021-08-04 12:00:00,,,,,42.220001220703125,0.0,77.84600067138672,True,True,98.73999786376953,0.0,74.552001953125,True,True,65.29000091552734,0.0,75.30799865722656,True,True,46.88999938964844,0.0,97.86199951171875,True,True,42.61000061035156,0.0,74.15599822998047,True,True,45.95000076293945,0.0,82.6520004272461,True,True,46.34000015258789,0.0,77.36000061035156,True,True,53.43000030517578,0.0,75.61399841308594,True,True,46.22999954223633,0.0,74.8219985961914,True,True,47.40999984741211,0.0,76.58599853515625,True,True,45.400001525878906,0.0,77.91799926757812,True,True,-25.0,62.79999923706055,,,,45.013999938964844,210.0019989013672,45.608001708984375,160.0,40.0,
2021-08-04 12:15:00,,,,,41.599998474121094,0.0,78.2239990234375,True,True,93.16000366210938,0.0,74.552001953125,True,True,66.20999908447266,0.0,75.30799865722656,True,True,50.77000045776367,0.0,98.22200012207031,True,True,39.709999084472656,0.0,74.22799682617188,True,True,45.709999084472656,0.0,82.54399871826172,True,True,45.70000076293945,0.0,76.65799713134766,True,True,50.93000030517578,0.0,75.59600067138672,True,True,38.619998931884766,0.0,74.8759994506836,True,True,45.79999923706055,0.0,76.56800079345703,True,True,48.4900016784668,0.0,76.8740005493164,True,True,-25.0,62.650001525878906,,,,44.85200119018555,210.0019989013672,45.40999984741211,160.0,40.0,
2021-08-04 12:30:00,,,,,37.38999938964844,0.0,78.47599792480469,True,True,94.37000274658203,0.0,74.552001953125,True,True,64.55000305175781,0.0,75.34400177001953,True,True,45.93000030517578,0.0,99.12200164794922,True,True,40.5099983215332,0.0,74.26399993896484,True,True,43.81999969482422,0.0,83.33599853515625,True,True,46.18000030517578,0.0,76.60399627685547,True,True,51.400001525878906,0.0,75.55999755859375,True,True,41.79999923706055,0.0,74.947998046875,True,True,44.41999816894531,0.0,76.55000305175781,True,True,50.16999816894531,0.0,76.78399658203125,True,True,-25.0,63.290000915527344,,,,45.08599853515625,210.0019989013672,45.4640007019043,160.0,40.0,
2021-08-04 12:45:00,,,,,43.08000183105469,0.0,78.78199768066406,True,True,98.04000091552734,0.0,74.552001953125,True,True,64.91999816894531,0.0,75.34400177001953,True,True,49.54999923706055,0.0,99.80599975585938,True,True,42.16999816894531,0.0,74.26399993896484,True,True,43.599998474121094,0.0,83.91200256347656,True,True,45.91999816894531,0.0,76.802001953125,True,True,51.29999923706055,0.0,75.47000122070312,True,True,40.130001068115234,0.0,74.85800170898438,True,True,43.70000076293945,0.0,76.55000305175781,True,True,48.09000015258789,0.0,77.0,True,True,-25.0,63.31999969482422,,,,44.99599838256836,210.0019989013672,45.518001556396484,160.0,40.0,
2021-08-04 13:00:00,,,,,46.040000915527344,0.0,78.63800048828125,True,True,100.0,0.0,74.552001953125,True,True,61.83000183105469,0.0,75.41600036621094,True,True,49.619998931884766,0.0,99.8239974975586,True,True,43.11000061035156,0.0,74.35399627685547,True,True,47.9900016784668,0.0,83.73200225830078,True,True,44.63999938964844,0.0,76.96399688720703,True,True,50.65999984741211,0.0,75.66799926757812,True,True,36.83000183105469,0.0,74.89399719238281,True,True,36.4900016784668,0.0,76.56800079345703,True,True,48.810001373291016,0.0,77.39600372314453,True,True,-25.0,65.31999969482422,,,,44.92399978637695,210.0019989013672,45.4640007019043,160.0,40.0,
2021-08-04 13:15:00,,,,,47.43000030517578,0.0,79.10600280761719,True,True,94.66999816894531,0.0,74.552001953125,True,True,66.29000091552734,0.0,75.34400177001953,True,True,48.869998931884766,0.0,98.85199737548828,True,True,40.040000915527344,0.0,74.37200164794922,True,True,49.439998626708984,0.0,83.98400115966797,True,True,45.4900016784668,0.0,77.8280029296875,True,True,50.119998931884766,0.0,75.61399841308594,True,True,38.560001373291016,0.0,74.947998046875,True,True,46.470001220703125,0.0,76.60399627685547,True,True,47.939998626708984,0.0,78.44000244140625,True,True,-25.0,65.94000244140625,,,,44.85200119018555,210.0019989013672,45.374000549316406,160.0,40.0,
2021-08-04 13:30:00,,,,,39.9900016784668,0.0,79.1240005493164,True,True,98.91000366210938,0.0,74.60600280761719,True,True,66.4800033569336,0.0,75.30799865722656,True,True,48.939998626708984,0.0,99.05000305175781,True,True,45.2599983215332,0.0,74.37200164794922,True,True,49.880001068115234,0.0,83.98400115966797,True,True,45.47999954223633,0.0,78.13400268554688,True,True,50.290000915527344,0.0,75.75800323486328,True,True,39.91999816894531,0.0,74.89399719238281,True,True,41.97999954223633,0.0,76.6760025024414,True,True,48.310001373291016,0.0,78.45800018310547,True,True,-25.0,84.83999633789062,,,,43.66400146484375,210.0019989013672,44.150001525878906,160.0,40.0,
2021-08-04 13:45:00,,,,,43.97999954223633,0.0,79.1780014038086,True,True,93.75,0.0,74.6240005493164,True,True,60.220001220703125,0.0,75.30799865722656,True,True,49.349998474121094,0.0,100.02200317382812,True,True,40.97999954223633,0.0,74.44400024414062,True,True,45.7400016784668,0.0,83.98400115966797,True,True,45.31999969482422,0.0,77.88200378417969,True,True,49.349998474121094,0.0,75.5780029296875,True,True,40.75,0.0,74.93000030517578,True,True,43.27000045776367,0.0,76.74800109863281,True,True,50.560001373291016,0.0,78.45800018310547,True,True,-25.0,66.25,,,,43.71799850463867,210.0019989013672,44.167999267578125,160.0,40.0,
2021-08-04 14:00:00,,,,,48.2599983215332,0.0,79.59200286865234,True,True,98.11000061035156,0.0,74.75,True,True,67.02999877929688,0.0,75.36199951171875,True,True,49.9900016784668,0.0,99.26599884033203,True,True,47.119998931884766,0.0,74.44400024414062,True,True,48.88999938964844,0.0,83.98400115966797,True,True,45.43000030517578,0.0,77.91799926757812,True,True,52.290000915527344,0.0,75.7760009765625,True,True,41.95000076293945,0.0,74.98400115966797,True,True,43.720001220703125,0.0,76.76599884033203,True,True,52.91999816894531,0.0,78.26000213623047,True,True,-25.0,70.76000213623047,,,,47.066001892089844,210.0019989013672,47.821998596191406,168.0,42.0,
2021-08-04 14:15:00,,,,,46.400001525878906,0.0,79.48400115966797,True,True,100.0,0.0,75.0739974975586,True,True,64.13999938964844,0.0,75.34400177001953,True,True,49.2400016784668,0.0,101.10199737548828,True,True,43.79999923706055,0.0,74.44400024414062,True,True,49.400001525878906,0.0,83.19200134277344,True,True,43.2400016784668,0.0,77.88200378417969,True,True,52.9900016784668,0.0,75.66799926757812,True,True,43.459999084472656,0.0,75.11000061035156,True,True,45.970001220703125,0.0,76.81999969482422,True,True,44.16999816894531,0.0,78.27799987792969,True,True,-25.0,62.09000015258789,,,,46.09400177001953,210.0019989013672,46.61600112915039,160.0,40.0,
2021-08-04 14:30:00,,,,,38.18000030517578,0.0,79.41200256347656,True,True,100.0,0.0,75.27200317382812,True,True,74.41999816894531,0.0,75.4520034790039,True,True,61.65999984741211,0.0,101.73200225830078,True,True,41.41999816894531,0.0,74.53399658203125,True,True,59.709999084472656,0.0,84.19999694824219,True,True,46.63999938964844,0.0,77.64800262451172,True,True,45.68000030517578,0.0,75.73999786376953,True,True,43.380001068115234,0.0,75.05599975585938,True,True,46.08000183105469,0.0,76.89199829101562,True,True,55.20000076293945,0.0,77.88200378417969,True,True,-25.0,72.05999755859375,,,,44.45600128173828,210.0019989013672,44.816001892089844,168.0,42.0,
2021-08-04 14:45:00,,,,,47.97999954223633,0.0,79.75399780273438,True,True,98.51000213623047,0.0,75.4520034790039,True,True,65.43000030517578,0.0,75.34400177001953,True,True,48.97999954223633,0.0,101.8219985961914,True,True,44.18000030517578,0.0,74.552001953125,True,True,49.06999969482422,0.0,84.61399841308594,True,True,45.59000015258789,0.0,77.84600067138672,True,True,54.2599983215332,0.0,75.83000183105469,True,True,40.97999954223633,0.0,75.14600372314453,True,True,41.97999954223633,0.0,77.01799774169922,True,True,48.630001068115234,0.0,77.75599670410156,True,True,-25.0,62.4900016784668,,,,45.35599899291992,210.0019989013672,45.78799819946289,168.0,42.0,
2021-08-04 15:00:00,,,,,47.08000183105469,0.0,80.00599670410156,True,True,99.12000274658203,0.0,75.50599670410156,True,True,62.2400016784668,0.0,75.30799865722656,True,True,45.470001220703125,0.0,101.31800079345703,True,True,42.400001525878906,0.0,74.53399658203125,True,True,49.150001525878906,0.0,85.02799987792969,True,True,64.05999755859375,0.0,78.4219970703125,True,True,57.119998931884766,0.0,75.93800354003906,True,True,50.4900016784668,0.0,75.16400146484375,True,True,48.79999923706055,0.0,77.0719985961914,True,True,69.76000213623047,0.0,78.36799621582031,True,True,-25.0,61.779998779296875,,,,45.698001861572266,210.0019989013672,46.130001068115234,176.0,44.0,
2021-08-04 15:15:00,,,,,50.209999084472656,0.0,80.2040023803711,True,True,100.0,0.0,75.59600067138672,True,True,68.08999633789062,0.0,75.34400177001953,True,True,48.119998931884766,0.0,102.12799835205078,True,True,43.41999816894531,0.0,74.49800109863281,True,True,50.599998474121094,0.0,84.48799896240234,True,True,46.720001220703125,0.0,78.78199768066406,True,True,54.619998931884766,0.0,75.88400268554688,True,True,42.970001220703125,0.0,75.23600006103516,True,True,42.7599983215332,0.0,77.1259994506836,True,True,51.83000183105469,0.0,78.69200134277344,True,True,-25.0,62.29999923706055,,,,46.61600112915039,210.0019989013672,47.33599853515625,168.0,42.0,
2021-08-04 15:30:00,,,,,45.439998626708984,0.0,80.18599700927734,True,True,100.0,0.0,75.63200378417969,True,True,64.04000091552734,0.0,75.34400177001953,True,True,48.369998931884766,0.0,103.11799621582031,True,True,43.470001220703125,0.0,74.552001953125,True,True,50.72999954223633,0.0,84.43399810791016,True,True,43.970001220703125,0.0,78.87200164794922,True,True,54.939998626708984,0.0,75.86599731445312,True,True,40.439998626708984,0.0,75.27200317382812,True,True,45.75,0.0,77.197998046875,True,True,54.11000061035156,0.0,78.51200103759766,True,True,-25.0,63.04999923706055,,,,45.013999938964844,210.0019989013672,45.571998596191406,168.0,42.0,
2021-08-04 15:45:00,,,,,39.20000076293945,0.0,80.5999984741211,True,True,100.0,0.0,75.52400207519531,True,True,63.36000061035156,0.0,75.36199951171875,True,True,47.72999954223633,0.0,102.68599700927734,True,True,47.45000076293945,0.0,74.60600280761719,True,True,47.349998474121094,0.0,84.4520034790039,True,True,48.77000045776367,0.0,78.81800079345703,True,True,51.939998626708984,0.0,75.8479995727539,True,True,42.93000030517578,0.0,75.27200317382812,True,True,45.220001220703125,0.0,77.197998046875,True,True,55.34000015258789,0.0,78.33200073242188,True,True,-25.0,62.290000915527344,,,,45.4640007019043,210.0019989013672,45.96799850463867,168.0,42.0,
2021-08-04 16:00:00,,,,,43.13999938964844,0.0,80.6719970703125,True,True,100.0,0.0,75.25399780273438,True,True,66.87999725341797,0.0,75.30799865722656,True,True,47.709999084472656,0.0,102.0739974975586,True,True,41.540000915527344,0.0,74.64199829101562,True,True,47.25,0.0,84.37999725341797,True,True,46.59000015258789,0.0,78.9260025024414,True,True,57.22999954223633,0.0,75.93800354003906,True,True,46.470001220703125,0.0,75.34400177001953,True,True,46.63999938964844,0.0,77.37799835205078,True,True,53.29999923706055,0.0,79.46600341796875,True,True,-25.0,65.12999725341797,,,,45.75199890136719,210.0019989013672,46.310001373291016,168.0,42.0,
2021-08-04 16:15:00,,,,,47.02000045776367,0.0,81.01399993896484,True,True,100.0,0.0,75.0739974975586,True,True,62.869998931884766,0.0,75.30799865722656,True,True,46.65999984741211,0.0,100.9219970703125,True,True,43.66999816894531,0.0,74.64199829101562,True,True,49.540000915527344,0.0,84.36199951171875,True,True,45.36000061035156,0.0,79.447998046875,True,True,52.119998931884766,0.0,75.93800354003906,True,True,41.720001220703125,0.0,75.32599639892578,True,True,44.790000915527344,0.0,77.43199920654297,True,True,55.66999816894531,0.0,79.89800262451172,True,True,-25.0,64.33999633789062,,,,45.78799819946289,210.0019989013672,46.29199981689453,168.0,42.0,
2021-08-04 16:30:00,,,,,41.47999954223633,0.0,81.1760025024414,True,True,96.56999969482422,0.0,75.09200286865234,True,True,62.619998931884766,0.0,75.30799865722656,True,True,46.20000076293945,0.0,101.28199768066406,True,True,44.349998474121094,0.0,74.64199829101562,True,True,46.150001525878906,0.0,84.37999725341797,True,True,45.63999938964844,0.0,79.28600311279297,True,True,54.790000915527344,0.0,76.22599792480469,True,True,44.790000915527344,0.0,75.36199951171875,True,True,46.9900016784668,0.0,77.46800231933594,True,True,58.08000183105469,0.0,79.89800262451172,True,True,-25.0,65.1500015258789,,,,45.301998138427734,210.0019989013672,45.73400115966797,160.0,40.0,
2021-08-04 16:45:00,,,,,44.529998779296875,0.0,79.82599639892578,True,True,93.73999786376953,0.0,75.0739974975586,True,True,68.25,0.0,75.30799865722656,True,True,44.970001220703125,0.0,101.71399688720703,True,True,45.4900016784668,0.0,74.66000366210938,True,True,48.93000030517578,0.0,84.09200286865234,True,True,46.849998474121094,0.0,79.46600341796875,True,True,52.47999954223633,0.0,76.08200073242188,True,True,45.040000915527344,0.0,75.41600036621094,True,True,47.380001068115234,0.0,77.61199951171875,True,True,56.27000045776367,0.0,81.03199768066406,True,True,-25.0,65.36000061035156,,,,47.731998443603516,210.0019989013672,48.577999114990234,160.0,40.0,
2021-08-04 17:00:00,,,,,37.849998474121094,0.0,80.41999816894531,True,True,98.0199966430664,0.0,75.05599975585938,True,True,60.33000183105469,0.0,75.29000091552734,True,True,45.33000183105469,0.0,101.46199798583984,True,True,40.459999084472656,0.0,74.66000366210938,True,True,49.0,0.0,83.33599853515625,True,True,47.959999084472656,0.0,79.43000030517578,True,True,52.88999938964844,0.0,76.06400299072266,True,True,45.61000061035156,0.0,75.50599670410156,True,True,45.04999923706055,0.0,77.57599639892578,True,True,56.060001373291016,0.0,80.51000213623047,True,True,-25.0,66.3499984741211,,,,41.32400131225586,210.0019989013672,42.007999420166016,152.0,38.0,
2021-08-04 17:15:00,,,,,36.33000183105469,0.0,80.00599670410156,True,True,94.48999786376953,0.0,75.0739974975586,True,True,53.25,0.0,75.34400177001953,True,True,37.060001373291016,0.0,100.34600067138672,True,True,41.400001525878906,0.0,74.66000366210938,True,True,43.91999816894531,0.0,82.54399871826172,True,True,46.279998779296875,0.0,79.01599884033203,True,True,55.290000915527344,0.0,76.06400299072266,True,True,41.84000015258789,0.0,75.4520034790039,True,True,46.279998779296875,0.0,77.61199951171875,True,True,54.54999923706055,0.0,79.71800231933594,True,True,-25.0,50.88999938964844,,,,41.071998596191406,210.0019989013672,41.50400161743164,160.0,40.0,
2021-08-04 17:30:00,,,,,51.029998779296875,0.0,79.41200256347656,True,True,98.08000183105469,0.0,74.91200256347656,True,True,72.63999938964844,0.0,75.32599639892578,True,True,41.470001220703125,0.0,99.91400146484375,True,True,46.25,0.0,74.552001953125,True,True,43.349998474121094,0.0,82.86799621582031,True,True,48.689998626708984,0.0,78.51200103759766,True,True,54.56999969482422,0.0,75.9739990234375,True,True,41.849998474121094,0.0,75.4520034790039,True,True,53.84000015258789,0.0,77.61199951171875,True,True,54.72999954223633,0.0,79.35800170898438,True,True,-25.0,61.84000015258789,,,,44.36600112915039,210.0019989013672,45.428001403808594,160.0,40.0,
2021-08-04 17:45:00,,,,,39.970001220703125,0.0,79.33999633789062,True,True,100.0,0.0,74.91200256347656,True,True,57.27000045776367,0.0,75.27200317382812,True,True,42.060001373291016,0.0,99.66200256347656,True,True,40.779998779296875,0.0,74.4800033569336,True,True,44.04999923706055,0.0,81.91400146484375,True,True,42.02000045776367,0.0,78.13400268554688,True,True,49.0099983215332,0.0,76.15399932861328,True,True,40.29999923706055,0.0,75.47000122070312,True,True,45.029998779296875,0.0,77.50399780273438,True,True,53.95000076293945,0.0,78.87200164794922,True,True,-25.0,48.65999984741211,,,,45.31999969482422,210.0019989013672,45.6619987487793,152.0,38.0,
2021-08-04 18:00:00,,,,,60.36000061035156,0.0,79.33999633789062,True,True,94.3499984741211,0.0,74.8759994506836,True,True,60.0,0.0,75.32599639892578,True,True,45.81999969482422,0.0,99.60800170898438,True,True,44.619998931884766,0.0,74.552001953125,True,True,48.880001068115234,0.0,81.6259994506836,True,True,41.09000015258789,0.0,77.66600036621094,True,True,44.16999816894531,0.0,75.9739990234375,True,True,39.33000183105469,0.0,75.39800262451172,True,True,46.810001373291016,0.0,77.50399780273438,True,True,50.83000183105469,0.0,78.24199676513672,True,True,-25.0,49.040000915527344,,,,45.3380012512207,210.0019989013672,45.78799819946289,152.0,38.0,
2021-08-04 18:15:00,,,,,44.41999816894531,0.0,78.49400329589844,True,True,97.69000244140625,0.0,74.91200256347656,True,True,65.37000274658203,0.0,75.36199951171875,True,True,46.27000045776367,0.0,99.5719985961914,True,True,46.290000915527344,0.0,74.56999969482422,True,True,47.209999084472656,0.0,80.56400299072266,True,True,43.22999954223633,0.0,77.03600311279297,True,True,50.439998626708984,0.0,76.11799621582031,True,True,39.2599983215332,0.0,75.43399810791016,True,True,48.900001525878906,0.0,77.55799865722656,True,True,49.380001068115234,0.0,77.01799774169922,True,True,-25.0,55.36000061035156,,,,45.06800079345703,210.0019989013672,45.64400100708008,152.0,38.0,
2021-08-04 18:30:00,,,,,39.970001220703125,0.0,77.37799835205078,True,True,100.0,0.0,74.91200256347656,True,True,60.36000061035156,0.0,75.32599639892578,True,True,47.380001068115234,0.0,98.04199981689453,True,True,40.209999084472656,0.0,74.552001953125,True,True,47.95000076293945,0.0,79.77200317382812,True,True,46.720001220703125,0.0,76.69400024414062,True,True,51.38999938964844,0.0,76.0999984741211,True,True,42.5099983215332,0.0,75.41600036621094,True,True,48.470001220703125,0.0,77.50399780273438,True,True,52.150001525878906,0.0,76.65799713134766,True,True,-25.0,65.20999908447266,,,,44.83399963378906,210.0019989013672,45.12200164794922,152.0,38.0,
2021-08-04 18:45:00,,,,,43.77000045776367,0.0,76.11799621582031,True,True,92.26000213623047,0.0,74.91200256347656,True,True,60.220001220703125,0.0,75.27200317382812,True,True,48.0,0.0,97.41200256347656,True,True,41.08000183105469,0.0,74.51599884033203,True,True,47.599998474121094,0.0,78.85399627685547,True,True,46.369998931884766,0.0,76.33399963378906,True,True,54.68000030517578,0.0,76.06400299072266,True,True,40.47999954223633,0.0,75.34400177001953,True,True,47.790000915527344,0.0,77.50399780273438,True,True,49.59000015258789,0.0,75.99199676513672,True,True,-25.0,65.30999755859375,,,,44.92399978637695,210.0019989013672,45.428001403808594,160.0,40.0,
2021-08-04 19:00:00,,,,,40.97999954223633,0.0,75.34400177001953,True,True,96.05000305175781,0.0,74.947998046875,True,True,63.790000915527344,0.0,75.30799865722656,True,True,44.63999938964844,0.0,94.35199737548828,True,True,45.41999816894531,0.0,74.4800033569336,True,True,72.06999969482422,0.0,77.66600036621094,True,True,45.209999084472656,0.0,75.29000091552734,True,True,51.689998626708984,0.0,75.88400268554688,True,True,40.2599983215332,0.0,75.34400177001953,True,True,49.349998474121094,0.0,77.57599639892578,True,True,49.11000061035156,0.0,74.66000366210938,True,True,-25.0,66.94999694824219,,,,44.90599822998047,210.0019989013672,45.301998138427734,152.0,38.0,
2021-08-04 19:15:00,,,,,39.959999084472656,0.0,74.4800033569336,True,True,98.81999969482422,0.0,74.947998046875,True,True,60.77000045776367,0.0,75.30799865722656,True,True,48.06999969482422,0.0,95.68399810791016,True,True,39.459999084472656,0.0,74.40799713134766,True,True,45.66999816894531,0.0,76.94599914550781,True,True,44.880001068115234,0.0,74.49800109863281,True,True,50.97999954223633,0.0,75.99199676513672,True,True,42.4900016784668,0.0,75.21800231933594,True,True,44.150001525878906,0.0,77.39600372314453,True,True,52.68000030517578,0.0,73.7239990234375,True,True,-25.0,66.37999725341797,,,,43.77199935913086,210.0019989013672,44.3120002746582,152.0,38.0,
2021-08-04 19:30:00,,,,,38.13999938964844,0.0,73.77799987792969,True,True,100.0,0.0,74.91200256347656,True,True,57.040000915527344,0.0,75.27200317382812,True,True,46.810001373291016,0.0,96.40399932861328,True,True,43.68000030517578,0.0,74.38999938964844,True,True,49.029998779296875,0.0,76.44200134277344,True,True,45.2599983215332,0.0,73.61599731445312,True,True,52.040000915527344,0.0,75.86599731445312,True,True,39.43000030517578,0.0,75.21800231933594,True,True,42.66999816894531,0.0,77.3239974975586,True,True,48.58000183105469,0.0,72.44599914550781,True,True,-25.0,63.869998931884766,,,,42.63800048828125,210.0019989013672,43.124000549316406,144.0,36.0,
2021-08-04 19:45:00,,,,,39.09000015258789,0.0,73.3280029296875,True,True,100.0,0.0,74.8759994506836,True,True,58.31999969482422,0.0,75.19999694824219,True,True,41.31999969482422,0.0,95.86399841308594,True,True,38.38999938964844,0.0,74.31800079345703,True,True,43.599998474121094,0.0,75.95600128173828,True,True,44.77000045776367,0.0,72.84200286865234,True,True,51.66999816894531,0.0,75.9739990234375,True,True,43.16999816894531,0.0,75.12799835205078,True,True,45.72999954223633,0.0,77.3239974975586,True,True,50.2400016784668,0.0,71.43800354003906,True,True,-25.0,65.73999786376953,,,,42.2239990234375,210.0019989013672,42.709999084472656,152.0,38.0,
2021-08-04 20:00:00,,,,,37.650001525878906,0.0,73.5260009765625,True,True,100.0,0.0,74.91200256347656,True,True,52.11000061035156,0.0,75.19999694824219,True,True,42.43000030517578,0.0,95.03600311279297,True,True,38.869998931884766,0.0,74.24600219726562,True,True,41.290000915527344,0.0,75.41600036621094,True,True,42.650001525878906,0.0,72.03199768066406,True,True,49.810001373291016,0.0,75.83000183105469,True,True,40.2599983215332,0.0,75.11000061035156,True,True,45.2599983215332,0.0,77.14399719238281,True,True,46.7400016784668,0.0,70.39399719238281,True,True,-25.0,64.73999786376953,,,,41.55799865722656,210.0019989013672,42.007999420166016,152.0,38.0,
2021-08-04 20:15:00,,,,,37.040000915527344,0.0,73.76000213623047,True,True,92.22000122070312,0.0,74.76799774169922,True,True,53.970001220703125,0.0,75.19999694824219,True,True,39.06999969482422,0.0,95.14399719238281,True,True,37.38999938964844,0.0,74.19200134277344,True,True,40.20000076293945,0.0,74.93000030517578,True,True,42.11000061035156,0.0,71.36599731445312,True,True,48.33000183105469,0.0,75.81199645996094,True,True,41.040000915527344,0.0,75.09200286865234,True,True,46.59000015258789,0.0,77.14399719238281,True,True,44.5099983215332,0.0,69.83599853515625,True,True,-25.0,65.80000305175781,,,,41.0,210.0019989013672,41.395999908447266,152.0,38.0,
2021-08-04 20:30:00,,,,,36.58000183105469,0.0,73.18399810791016,True,True,92.2300033569336,0.0,74.73200225830078,True,True,49.11000061035156,0.0,75.19999694824219,True,True,38.5,0.0,95.55799865722656,True,True,39.18000030517578,0.0,74.15599822998047,True,True,42.040000915527344,0.0,75.00199890136719,True,True,42.36000061035156,0.0,71.13200378417969,True,True,48.380001068115234,0.0,75.86599731445312,True,True,40.29999923706055,0.0,75.05599975585938,True,True,43.61000061035156,0.0,77.03600311279297,True,True,46.439998626708984,0.0,69.63800048828125,True,True,-25.0,62.849998474121094,,,,41.198001861572266,210.0019989013672,41.683998107910156,144.0,36.0,
2021-08-04 20:45:00,,,,,36.56999969482422,0.0,73.12999725341797,True,True,94.16000366210938,0.0,74.58799743652344,True,True,52.2599983215332,0.0,75.18199920654297,True,True,37.7400016784668,0.0,94.85600280761719,True,True,38.959999084472656,0.0,74.15599822998047,True,True,45.59000015258789,0.0,74.8219985961914,True,True,40.38999938964844,0.0,70.91600036621094,True,True,47.5,0.0,75.61399841308594,True,True,37.16999816894531,0.0,74.98400115966797,True,True,40.84000015258789,0.0,76.96399688720703,True,True,45.790000915527344,0.0,69.47599792480469,True,True,-25.0,63.599998474121094,,,,41.0359992980957,210.0019989013672,41.50400161743164,152.0,38.0,
2021-08-04 21:00:00,,,,,41.099998474121094,0.0,73.7239990234375,True,True,95.93000030517578,0.0,74.53399658203125,True,True,52.90999984741211,0.0,75.12799835205078,True,True,37.25,0.0,94.1719970703125,True,True,37.650001525878906,0.0,74.12000274658203,True,True,46.689998626708984,0.0,74.46199798583984,True,True,42.369998931884766,0.0,70.68199920654297,True,True,43.959999084472656,0.0,75.72200012207031,True,True,40.459999084472656,0.0,74.98400115966797,True,True,41.459999084472656,0.0,76.96399688720703,True,True,46.970001220703125,0.0,69.20600128173828,True,True,-25.0,62.84000015258789,,,,41.125999450683594,210.0019989013672,41.52199935913086,152.0,38.0,
2021-08-04 21:15:00,,,,,41.689998626708984,0.0,73.18399810791016,True,True,97.31999969482422,0.0,74.53399658203125,True,True,51.869998931884766,0.0,75.16400146484375,True,True,39.70000076293945,0.0,94.06400299072266,True,True,37.38999938964844,0.0,74.13800048828125,True,True,44.72999954223633,0.0,74.35399627685547,True,True,42.310001373291016,0.0,70.55599975585938,True,True,47.68000030517578,0.0,75.66799926757812,True,True,40.9900016784668,0.0,74.96600341796875,True,True,46.279998779296875,0.0,76.94599914550781,True,True,41.09000015258789,0.0,69.13400268554688,True,True,-25.0,63.150001525878906,,,,40.981998443603516,210.0019989013672,41.46799850463867,144.0,36.0,
2021-08-04 21:30:00,,,,,41.75,0.0,73.25599670410156,True,True,99.12999725341797,0.0,74.51599884033203,True,True,51.27000045776367,0.0,75.14600372314453,True,True,37.02000045776367,0.0,94.802001953125,True,True,35.900001525878906,0.0,74.0479965209961,True,True,43.630001068115234,0.0,74.0479965209961,True,True,41.939998626708984,0.0,70.3759994506836,True,True,49.040000915527344,0.0,75.61399841308594,True,True,36.619998931884766,0.0,74.947998046875,True,True,44.4900016784668,0.0,76.83799743652344,True,True,44.599998474121094,0.0,69.00800323486328,True,True,-25.0,63.5,,,,41.0,210.0019989013672,41.46799850463867,152.0,38.0,
2021-08-04 21:45:00,,,,,41.09000015258789,0.0,72.28399658203125,True,True,100.0,0.0,74.51599884033203,True,True,51.790000915527344,0.0,75.14600372314453,True,True,36.2599983215332,0.0,95.03600311279297,True,True,41.029998779296875,0.0,74.0479965209961,True,True,43.0,0.0,73.29199981689453,True,True,41.560001373291016,0.0,70.1780014038086,True,True,46.290000915527344,0.0,75.54199981689453,True,True,36.66999816894531,0.0,74.98400115966797,True,True,42.689998626708984,0.0,76.85600280761719,True,True,44.0099983215332,0.0,68.77400207519531,True,True,-25.0,64.0999984741211,,,,41.1619987487793,210.0019989013672,41.52199935913086,144.0,36.0,
2021-08-04 22:00:00,,,,,36.61000061035156,0.0,72.302001953125,True,True,100.0,0.0,74.51599884033203,True,True,52.43000030517578,0.0,75.12799835205078,True,True,38.84000015258789,0.0,94.78399658203125,True,True,36.369998931884766,0.0,74.12000274658203,True,True,39.279998779296875,0.0,73.04000091552734,True,True,41.060001373291016,0.0,69.88999938964844,True,True,48.439998626708984,0.0,75.59600067138672,True,True,35.709999084472656,0.0,74.93000030517578,True,True,46.5,0.0,76.78399658203125,True,True,44.33000183105469,0.0,68.57599639892578,True,True,-25.0,64.56999969482422,,,,41.18000030517578,210.0019989013672,41.61199951171875,144.0,36.0,
2021-08-04 22:15:00,,,,,36.560001373291016,0.0,72.48200225830078,True,True,100.0,0.0,74.49800109863281,True,True,50.93000030517578,0.0,75.27200317382812,True,True,39.5,0.0,94.96399688720703,True,True,35.75,0.0,74.01200103759766,True,True,43.310001373291016,0.0,73.18399810791016,True,True,40.88999938964844,0.0,69.9260025024414,True,True,48.2400016784668,0.0,75.48799896240234,True,True,35.220001220703125,0.0,74.91200256347656,True,True,38.83000183105469,0.0,76.78399658203125,True,True,45.400001525878906,0.0,68.48600006103516,True,True,-25.0,64.86000061035156,,,,41.34199905395508,210.0019989013672,41.75600051879883,152.0,38.0,
2021-08-04 22:30:00,,,,,36.119998931884766,0.0,72.10399627685547,True,True,100.0,0.0,74.49800109863281,True,True,50.13999938964844,0.0,75.16400146484375,True,True,38.970001220703125,0.0,94.78399658203125,True,True,36.20000076293945,0.0,73.90399932861328,True,True,43.869998931884766,0.0,72.5719985961914,True,True,40.869998931884766,0.0,70.1240005493164,True,True,48.45000076293945,0.0,75.4520034790039,True,True,36.75,0.0,74.91200256347656,True,True,42.75,0.0,76.78399658203125,True,True,41.849998474121094,0.0,68.7020034790039,True,True,-25.0,63.61000061035156,,,,41.305999755859375,210.0019989013672,41.79199981689453,144.0,36.0,
2021-08-04 22:45:00,,,,,36.2400016784668,0.0,71.81600189208984,True,True,100.0,0.0,74.44400024414062,True,True,49.220001220703125,0.0,75.16400146484375,True,True,39.27000045776367,0.0,94.78399658203125,True,True,35.400001525878906,0.0,73.88600158691406,True,True,42.95000076293945,0.0,72.64399719238281,True,True,40.130001068115234,0.0,69.45800018310547,True,True,42.16999816894531,0.0,75.54199981689453,True,True,39.650001525878906,0.0,74.91200256347656,True,True,41.58000183105469,0.0,76.74800109863281,True,True,38.720001220703125,0.0,68.0719985961914,True,True,-25.0,60.9900016784668,,,,41.36000061035156,210.0019989013672,41.77399826049805,144.0,36.0,
2021-08-04 23:00:00,,,,,36.04999923706055,0.0,71.56400299072266,True,True,100.0,0.0,74.4260025024414,True,True,51.349998474121094,0.0,75.19999694824219,True,True,35.29999923706055,0.0,94.60399627685547,True,True,35.7400016784668,0.0,73.9219970703125,True,True,42.41999816894531,0.0,72.55400085449219,True,True,40.279998779296875,0.0,69.38600158691406,True,True,45.060001373291016,0.0,75.5780029296875,True,True,38.130001068115234,0.0,74.91200256347656,True,True,37.720001220703125,0.0,76.7300033569336,True,True,42.88999938964844,0.0,68.05400085449219,True,True,-25.0,76.81999969482422,,,,41.36000061035156,210.0019989013672,41.737998962402344,144.0,36.0,
2021-08-04 23:15:00,,,,,40.459999084472656,0.0,71.38400268554688,True,True,100.0,0.0,74.4260025024414,True,True,50.209999084472656,0.0,75.19999694824219,True,True,38.5,0.0,94.6760025024414,True,True,38.34000015258789,0.0,73.86799621582031,True,True,41.54999923706055,0.0,72.21199798583984,True,True,39.86000061035156,0.0,69.47599792480469,True,True,44.369998931884766,0.0,75.50599670410156,True,True,40.9900016784668,0.0,74.91200256347656,True,True,41.88999938964844,0.0,76.71199798583984,True,True,43.119998931884766,0.0,67.9280014038086,True,True,-25.0,74.33999633789062,,,,41.70199966430664,210.0019989013672,42.04399871826172,152.0,38.0,
2021-08-04 23:30:00,,,,,40.630001068115234,0.0,71.72599792480469,True,True,100.0,0.0,74.44400024414062,True,True,54.06999969482422,0.0,75.18199920654297,True,True,39.810001373291016,0.0,94.78399658203125,True,True,36.349998474121094,0.0,73.70600128173828,True,True,39.88999938964844,0.0,71.76200103759766,True,True,40.52000045776367,0.0,69.0979995727539,True,True,47.619998931884766,0.0,75.4520034790039,True,True,38.66999816894531,0.0,74.80400085449219,True,True,38.13999938964844,0.0,76.62200164794922,True,True,42.5,0.0,67.69400024414062,True,True,-25.0,69.30999755859375,,,,46.849998474121094,210.0019989013672,47.19200134277344,144.0,36.0,
2021-08-04 23:45:00,,,,,41.15999984741211,0.0,71.4020004272461,True,True,100.0,0.0,74.44400024414062,True,True,63.09000015258789,0.0,75.27200317382812,True,True,48.439998626708984,0.0,94.6760025024414,True,True,43.810001373291016,0.0,73.7959976196289,True,True,46.40999984741211,0.0,71.3479995727539,True,True,39.77000045776367,0.0,68.88200378417969,True,True,47.209999084472656,0.0,75.47000122070312,True,True,37.13999938964844,0.0,74.85800170898438,True,True,41.97999954223633,0.0,76.60399627685547,True,True,41.5,0.0,67.45999908447266,True,True,-25.0,75.23999786376953,,,,44.63600158691406,210.0019989013672,45.428001403808594,144.0,36.0,
2021-08-05 00:00:00,,,,,36.65999984741211,0.0,71.81600189208984,True,True,100.0,0.0,74.53399658203125,True,True,54.34000015258789,0.0,75.27200317382812,True,True,43.58000183105469,0.0,94.6760025024414,True,True,40.45000076293945,0.0,73.77799987792969,True,True,42.470001220703125,0.0,71.16799926757812,True,True,40.959999084472656,0.0,69.00800323486328,True,True,48.43000030517578,0.0,75.30799865722656,True,True,37.849998474121094,0.0,74.8219985961914,True,True,45.06999969482422,0.0,76.60399627685547,True,True,42.060001373291016,0.0,67.35199737548828,True,True,-25.0,73.0199966430664,,,,44.90599822998047,210.0019989013672,45.481998443603516,152.0,38.0,
2021-08-05 00:15:00,,,,,38.93000030517578,0.0,71.76200103759766,True,True,94.94999694824219,0.0,74.552001953125,True,True,54.11000061035156,0.0,75.27200317382812,True,True,43.630001068115234,0.0,94.06400299072266,True,True,37.959999084472656,0.0,73.63400268554688,True,True,47.38999938964844,0.0,71.4020004272461,True,True,46.959999084472656,0.0,68.93599700927734,True,True,55.599998474121094,0.0,75.34400177001953,True,True,43.0,0.0,74.78600311279297,True,True,44.95000076293945,0.0,76.58599853515625,True,True,45.119998931884766,0.0,67.19000244140625,True,True,-25.0,74.26000213623047,,,,43.82600021362305,210.0019989013672,44.09600067138672,144.0,36.0,
2021-08-05 00:30:00,,,,,38.040000915527344,0.0,71.13200378417969,True,True,96.20999908447266,0.0,74.552001953125,True,True,53.81999969482422,0.0,75.21800231933594,True,True,41.599998474121094,0.0,93.9020004272461,True,True,40.65999984741211,0.0,73.70600128173828,True,True,46.22999954223633,0.0,71.4739990234375,True,True,42.150001525878906,0.0,69.40399932861328,True,True,49.75,0.0,75.25399780273438,True,True,38.59000015258789,0.0,74.78600311279297,True,True,41.90999984741211,0.0,76.56800079345703,True,True,40.439998626708984,0.0,67.81999969482422,True,True,-25.0,71.81999969482422,,,,43.051998138427734,210.0019989013672,43.57400131225586,144.0,36.0,
2021-08-05 00:45:00,,,,,36.06999969482422,0.0,71.02400207519531,True,True,97.41999816894531,0.0,74.53399658203125,True,True,51.16999816894531,0.0,75.19999694824219,True,True,37.630001068115234,0.0,94.06400299072266,True,True,38.65999984741211,0.0,73.7239990234375,True,True,45.119998931884766,0.0,71.38400268554688,True,True,42.65999984741211,0.0,69.31400299072266,True,True,48.52000045776367,0.0,75.21800231933594,True,True,37.779998779296875,0.0,74.80400085449219,True,True,42.220001220703125,0.0,76.53199768066406,True,True,52.459999084472656,0.0,67.60399627685547,True,True,-25.0,71.31999969482422,,,,43.124000549316406,210.0019989013672,43.53799819946289,144.0,36.0,
2021-08-05 01:00:00,,,,,44.790000915527344,0.0,71.3479995727539,True,True,100.0,0.0,74.552001953125,True,True,57.63999938964844,0.0,75.16400146484375,True,True,44.939998626708984,0.0,88.43000030517578,True,True,40.70000076293945,0.0,73.54399871826172,True,True,45.810001373291016,0.0,71.04199981689453,True,True,41.4900016784668,0.0,68.46800231933594,True,True,50.63999938964844,0.0,75.12799835205078,True,True,38.150001525878906,0.0,74.73200225830078,True,True,44.560001373291016,0.0,76.53199768066406,True,True,43.369998931884766,0.0,66.63200378417969,True,True,-25.0,70.9000015258789,,,,43.645999908447266,210.0019989013672,44.689998626708984,152.0,38.0,
2021-08-05 01:15:00,,,,,37.04999923706055,0.0,71.36599731445312,True,True,91.72000122070312,0.0,74.552001953125,True,True,58.75,0.0,75.16400146484375,True,True,44.56999969482422,0.0,87.60199737548828,True,True,38.5,0.0,73.56199645996094,True,True,40.900001525878906,0.0,71.22200012207031,True,True,40.400001525878906,0.0,68.28800201416016,True,True,46.02000045776367,0.0,75.32599639892578,True,True,37.290000915527344,0.0,74.69599914550781,True,True,35.63999938964844,0.0,76.44200134277344,True,True,42.72999954223633,0.0,66.59600067138672,True,True,-25.0,71.19999694824219,,,,44.41999816894531,210.0019989013672,44.83399963378906,144.0,36.0,
2021-08-05 01:30:00,,,,,38.060001373291016,0.0,71.56400299072266,True,True,94.44999694824219,0.0,74.66000366210938,True,True,56.970001220703125,0.0,75.16400146484375,True,True,46.2599983215332,0.0,87.00800323486328,True,True,43.599998474121094,0.0,73.63400268554688,True,True,41.58000183105469,0.0,71.09600067138672,True,True,42.16999816894531,0.0,67.89199829101562,True,True,49.97999954223633,0.0,75.11000061035156,True,True,37.22999954223633,0.0,74.6780014038086,True,True,38.75,0.0,76.42400360107422,True,True,42.279998779296875,0.0,66.32599639892578,True,True,-25.0,71.62000274658203,,,,46.25600051879883,210.0019989013672,46.54399871826172,136.0,34.0,
2021-08-05 01:45:00,,,,,38.849998474121094,0.0,72.28399658203125,True,True,99.73999786376953,0.0,74.6780014038086,True,True,58.68000030517578,0.0,75.14600372314453,True,True,48.61000061035156,0.0,90.35600280761719,True,True,38.599998474121094,0.0,73.54399871826172,True,True,44.099998474121094,0.0,71.02400207519531,True,True,41.220001220703125,0.0,67.83799743652344,True,True,50.709999084472656,0.0,75.25399780273438,True,True,40.060001373291016,0.0,74.73200225830078,True,True,50.86000061035156,0.0,76.40599822998047,True,True,41.97999954223633,0.0,66.36199951171875,True,True,-25.0,71.33999633789062,,,,46.45399856567383,210.0019989013672,46.6879997253418,144.0,36.0,
2021-08-05 02:00:00,,,,,43.93000030517578,0.0,71.49199676513672,True,True,100.0,0.0,74.6240005493164,True,True,62.09000015258789,0.0,75.30799865722656,True,True,48.65999984741211,0.0,92.33599853515625,True,True,39.790000915527344,0.0,73.5979995727539,True,True,44.16999816894531,0.0,70.98799896240234,True,True,43.810001373291016,0.0,67.85600280761719,True,True,45.560001373291016,0.0,75.18199920654297,True,True,41.61000061035156,0.0,74.73200225830078,True,True,40.18000030517578,0.0,76.42400360107422,True,True,42.2400016784668,0.0,66.39800262451172,True,True,-25.0,73.79000091552734,,,,46.90399932861328,210.0019989013672,47.40800094604492,144.0,36.0,
2021-08-05 02:15:00,,,,,39.529998779296875,0.0,71.3479995727539,True,True,100.0,0.0,74.66000366210938,True,True,59.34000015258789,0.0,75.19999694824219,True,True,48.5099983215332,0.0,92.38999938964844,True,True,37.83000183105469,0.0,73.5260009765625,True,True,48.38999938964844,0.0,70.71800231933594,True,True,46.790000915527344,0.0,67.74800109863281,True,True,52.79999923706055,0.0,75.21800231933594,True,True,41.130001068115234,0.0,74.6780014038086,True,True,45.459999084472656,0.0,76.40599822998047,True,True,46.0,0.0,66.43399810791016,True,True,-25.0,72.5,,,,46.20199966430664,210.0019989013672,46.66999816894531,144.0,36.0,
2021-08-05 02:30:00,,,,,43.43000030517578,0.0,71.38400268554688,True,True,100.0,0.0,74.6780014038086,True,True,60.150001525878906,0.0,75.16400146484375,True,True,49.38999938964844,0.0,92.93000030517578,True,True,39.38999938964844,0.0,73.63400268554688,True,True,47.06999969482422,0.0,70.53800201416016,True,True,46.81999969482422,0.0,67.51399993896484,True,True,52.709999084472656,0.0,75.18199920654297,True,True,40.369998931884766,0.0,74.552001953125,True,True,40.529998779296875,0.0,76.31600189208984,True,True,44.900001525878906,0.0,66.27200317382812,True,True,-25.0,72.20999908447266,,,,46.05799865722656,210.0019989013672,46.54399871826172,152.0,38.0,
2021-08-05 02:45:00,,,,,43.86000061035156,0.0,71.52799987792969,True,True,100.0,0.0,74.6780014038086,True,True,63.38999938964844,0.0,75.18199920654297,True,True,46.36000061035156,0.0,93.12799835205078,True,True,38.720001220703125,0.0,73.5260009765625,True,True,47.31999969482422,0.0,70.10600280761719,True,True,46.869998931884766,0.0,67.40599822998047,True,True,53.439998626708984,0.0,75.21800231933594,True,True,37.97999954223633,0.0,74.552001953125,True,True,42.70000076293945,0.0,76.22599792480469,True,True,38.779998779296875,0.0,66.09200286865234,True,True,-25.0,73.62000274658203,,,,45.608001708984375,210.0019989013672,46.130001068115234,144.0,36.0,
2021-08-05 03:00:00,,,,,38.279998779296875,0.0,71.92400360107422,True,True,100.0,0.0,74.6780014038086,True,True,58.47999954223633,0.0,75.14600372314453,True,True,46.7400016784668,0.0,93.27200317382812,True,True,39.38999938964844,0.0,73.27400207519531,True,True,48.279998779296875,0.0,69.45800018310547,True,True,46.810001373291016,0.0,67.27999877929688,True,True,57.369998931884766,0.0,75.30799865722656,True,True,41.33000183105469,0.0,74.53399658203125,True,True,48.119998931884766,0.0,76.2979965209961,True,True,44.45000076293945,0.0,65.96600341796875,True,True,-25.0,73.18000030517578,,,,45.5359992980957,210.0019989013672,45.91400146484375,144.0,36.0,
2021-08-05 03:15:00,,,,,37.869998931884766,0.0,71.97799682617188,True,True,100.0,0.0,74.58799743652344,True,True,57.869998931884766,0.0,75.16400146484375,True,True,45.2599983215332,0.0,93.4520034790039,True,True,39.08000183105469,0.0,73.3280029296875,True,True,48.06999969482422,0.0,69.74600219726562,True,True,47.02000045776367,0.0,67.71199798583984,True,True,51.88999938964844,0.0,74.947998046875,True,True,41.650001525878906,0.0,74.6240005493164,True,True,38.58000183105469,0.0,76.31600189208984,True,True,42.63999938964844,0.0,66.21800231933594,True,True,-25.0,71.58999633789062,,,,45.194000244140625,210.0019989013672,45.73400115966797,152.0,38.0,
2021-08-05 03:30:00,,,,,44.959999084472656,0.0,71.63600158691406,True,True,100.0,0.0,74.552001953125,True,True,61.43000030517578,0.0,75.12799835205078,True,True,48.41999816894531,0.0,93.41600036621094,True,True,37.61000061035156,0.0,73.36399841308594,True,True,47.63999938964844,0.0,69.33200073242188,True,True,44.470001220703125,0.0,67.78399658203125,True,True,54.66999816894531,0.0,75.00199890136719,True,True,38.540000915527344,0.0,74.60600280761719,True,True,58.9900016784668,0.0,76.2979965209961,True,True,42.040000915527344,0.0,66.14600372314453,True,True,-25.0,71.43000030517578,,,,45.194000244140625,210.0019989013672,45.608001708984375,144.0,36.0,
2021-08-05 03:45:00,,,,,38.08000183105469,0.0,71.56400299072266,True,True,100.0,0.0,74.552001953125,True,True,58.790000915527344,0.0,75.12799835205078,True,True,44.52000045776367,0.0,93.39800262451172,True,True,37.88999938964844,0.0,73.2020034790039,True,True,43.029998779296875,0.0,69.08000183105469,True,True,43.61000061035156,0.0,67.49600219726562,True,True,49.43000030517578,0.0,75.16400146484375,True,True,37.540000915527344,0.0,74.56999969482422,True,True,44.380001068115234,0.0,76.24400329589844,True,True,41.09000015258789,0.0,65.91200256347656,True,True,-25.0,71.8499984741211,,,,44.92399978637695,210.0019989013672,45.55400085449219,152.0,38.0,
2021-08-05 04:00:00,,,,,38.77000045776367,0.0,70.82599639892578,True,True,100.0,0.0,74.58799743652344,True,True,59.540000915527344,0.0,75.18199920654297,True,True,47.68000030517578,0.0,87.88999938964844,True,True,36.970001220703125,0.0,73.29199981689453,True,True,41.72999954223633,0.0,68.55799865722656,True,True,43.810001373291016,0.0,67.42400360107422,True,True,53.099998474121094,0.0,75.03800201416016,True,True,37.81999969482422,0.0,74.51599884033203,True,True,48.22999954223633,0.0,76.20800018310547,True,True,40.529998779296875,0.0,65.60600280761719,True,True,-25.0,71.86000061035156,,,,45.104000091552734,210.0019989013672,45.4640007019043,144.0,36.0,
2021-08-05 04:15:00,,,,,41.380001068115234,0.0,72.80599975585938,True,True,93.55999755859375,0.0,74.64199829101562,True,True,61.86000061035156,0.0,75.18199920654297,True,True,44.400001525878906,0.0,87.40399932861328,True,True,37.279998779296875,0.0,73.4540023803711,True,True,43.099998474121094,0.0,68.61199951171875,True,True,43.33000183105469,0.0,67.31600189208984,True,True,47.36000061035156,0.0,75.09200286865234,True,True,37.68000030517578,0.0,74.552001953125,True,True,43.45000076293945,0.0,76.13600158691406,True,True,41.599998474121094,0.0,65.60600280761719,True,True,-25.0,73.3499984741211,,,,44.88800048828125,210.0019989013672,45.35599899291992,144.0,36.0,
2021-08-05 04:30:00,,,,,37.63999938964844,0.0,71.43800354003906,True,True,96.93000030517578,0.0,74.6780014038086,True,True,59.0,0.0,75.12799835205078,True,True,44.5099983215332,0.0,86.48600006103516,True,True,40.959999084472656,0.0,73.43599700927734,True,True,43.540000915527344,0.0,68.9000015258789,True,True,43.34000015258789,0.0,67.31600189208984,True,True,53.27000045776367,0.0,75.0739974975586,True,True,37.599998474121094,0.0,74.552001953125,True,True,47.11000061035156,0.0,76.15399932861328,True,True,41.27000045776367,0.0,65.60600280761719,True,True,-25.0,69.86000061035156,,,,45.013999938964844,210.0019989013672,45.374000549316406,144.0,36.0,
2021-08-05 04:45:00,,,,,42.4900016784668,0.0,71.92400360107422,True,True,95.08999633789062,0.0,74.69599914550781,True,True,59.189998626708984,0.0,75.03800201416016,True,True,46.880001068115234,0.0,87.16999816894531,True,True,38.33000183105469,0.0,73.36399841308594,True,True,43.630001068115234,0.0,68.91799926757812,True,True,42.7400016784668,0.0,67.40599822998047,True,True,50.529998779296875,0.0,75.18199920654297,True,True,36.939998626708984,0.0,74.552001953125,True,True,36.11000061035156,0.0,76.11799621582031,True,True,40.47999954223633,0.0,65.75,True,True,-25.0,69.80999755859375,,,,45.08599853515625,210.0019989013672,45.59000015258789,144.0,36.0,
2021-08-05 05:00:00,,,,,42.400001525878906,0.0,71.2040023803711,True,True,92.66999816894531,0.0,74.66000366210938,True,True,59.27000045776367,0.0,75.12799835205078,True,True,44.439998626708984,0.0,90.68000030517578,True,True,42.189998626708984,0.0,73.29199981689453,True,True,46.529998779296875,0.0,69.3499984741211,True,True,42.58000183105469,0.0,67.27999877929688,True,True,48.720001220703125,0.0,75.18199920654297,True,True,37.5,0.0,74.552001953125,True,True,43.81999969482422,0.0,76.08200073242188,True,True,38.36000061035156,0.0,65.75,True,True,-25.0,72.11000061035156,,,,44.61800003051758,210.0019989013672,44.99599838256836,144.0,36.0,
2021-08-05 05:15:00,,,,,38.77000045776367,0.0,70.98799896240234,True,True,99.30999755859375,0.0,74.552001953125,True,True,59.439998626708984,0.0,75.12799835205078,True,True,43.45000076293945,0.0,91.43599700927734,True,True,36.470001220703125,0.0,73.3280029296875,True,True,46.189998626708984,0.0,69.04399871826172,True,True,44.16999816894531,0.0,66.95600128173828,True,True,50.38999938964844,0.0,75.0199966430664,True,True,36.959999084472656,0.0,74.44400024414062,True,True,41.290000915527344,0.0,76.02799987792969,True,True,42.939998626708984,0.0,65.60600280761719,True,True,-25.0,71.31999969482422,,,,44.72600173950195,210.0019989013672,45.21200180053711,144.0,36.0,
2021-08-05 05:30:00,,,,,39.20000076293945,0.0,71.70800018310547,True,True,100.0,0.0,74.51599884033203,True,True,59.0099983215332,0.0,75.12799835205078,True,True,43.869998931884766,0.0,92.4260025024414,True,True,41.029998779296875,0.0,73.34600067138672,True,True,45.13999938964844,0.0,68.8280029296875,True,True,43.66999816894531,0.0,66.95600128173828,True,True,46.529998779296875,0.0,75.23600006103516,True,True,36.90999984741211,0.0,74.46199798583984,True,True,47.58000183105469,0.0,76.02799987792969,True,True,43.56999969482422,0.0,65.6780014038086,True,True,-25.0,71.98999786376953,,,,44.70800018310547,210.0019989013672,45.12200164794922,144.0,36.0,
2021-08-05 05:45:00,,,,,39.189998626708984,0.0,70.59200286865234,True,True,100.0,0.0,74.4260025024414,True,True,58.04999923706055,0.0,75.11000061035156,True,True,46.279998779296875,0.0,92.91200256347656,True,True,37.849998474121094,0.0,73.27400207519531,True,True,42.2400016784668,0.0,68.75599670410156,True,True,42.70000076293945,0.0,67.22599792480469,True,True,48.470001220703125,0.0,75.21800231933594,True,True,40.08000183105469,0.0,74.44400024414062,True,True,43.18000030517578,0.0,75.9739990234375,True,True,42.619998931884766,0.0,65.85800170898438,True,True,-25.0,71.86000061035156,,,,44.56399917602539,210.0019989013672,44.92399978637695,144.0,36.0,
2021-08-05 06:00:00,,,,,42.630001068115234,0.0,71.43800354003906,True,True,100.0,0.0,74.40799713134766,True,True,58.4900016784668,0.0,75.0739974975586,True,True,42.7599983215332,0.0,92.85800170898438,True,True,38.880001068115234,0.0,73.22000122070312,True,True,42.06999969482422,0.0,67.83799743652344,True,True,43.02000045776367,0.0,67.08200073242188,True,True,51.84000015258789,0.0,74.91200256347656,True,True,39.380001068115234,0.0,74.4260025024414,True,True,42.849998474121094,0.0,75.99199676513672,True,True,42.56999969482422,0.0,65.69599914550781,True,True,-25.0,70.2300033569336,,,,44.54600143432617,210.0019989013672,44.92399978637695,152.0,38.0,
2021-08-05 06:15:00,,,,,42.7400016784668,0.0,71.31199645996094,True,True,100.0,0.0,74.40799713134766,True,True,59.0099983215332,0.0,75.09200286865234,True,True,42.84000015258789,0.0,92.73200225830078,True,True,41.790000915527344,0.0,73.14800262451172,True,True,41.709999084472656,0.0,68.16200256347656,True,True,42.63999938964844,0.0,66.9739990234375,True,True,52.439998626708984,0.0,75.09200286865234,True,True,37.33000183105469,0.0,74.4260025024414,True,True,34.380001068115234,0.0,75.9020004272461,True,True,42.540000915527344,0.0,65.60600280761719,True,True,-25.0,70.81999969482422,,,,44.4379997253418,210.0019989013672,44.88800048828125,152.0,38.0,
2021-08-05 06:30:00,,,,,45.290000915527344,0.0,71.22200012207031,True,True,93.81999969482422,0.0,74.38999938964844,True,True,58.2599983215332,0.0,75.09200286865234,True,True,45.099998474121094,0.0,92.89399719238281,True,True,42.650001525878906,0.0,73.18399810791016,True,True,42.029998779296875,0.0,68.197998046875,True,True,41.720001220703125,0.0,67.0999984741211,True,True,45.790000915527344,0.0,74.85800170898438,True,True,39.13999938964844,0.0,74.38999938964844,True,True,42.130001068115234,0.0,75.86599731445312,True,True,42.470001220703125,0.0,65.64199829101562,True,True,-25.0,74.4800033569336,,,,44.52799987792969,210.0019989013672,44.90599822998047,144.0,36.0,
2021-08-05 06:45:00,,,,,37.36000061035156,0.0,70.84400177001953,True,True,96.5999984741211,0.0,74.37200164794922,True,True,58.959999084472656,0.0,75.09200286865234,True,True,42.08000183105469,0.0,92.49800109863281,True,True,37.61000061035156,0.0,73.27400207519531,True,True,42.16999816894531,0.0,68.68399810791016,True,True,43.02000045776367,0.0,67.0999984741211,True,True,50.93000030517578,0.0,75.00199890136719,True,True,35.70000076293945,0.0,74.38999938964844,True,True,44.439998626708984,0.0,75.8479995727539,True,True,42.09000015258789,0.0,65.4260025024414,True,True,-25.0,76.75,,,,44.70800018310547,210.0019989013672,45.12200164794922,152.0,38.0,
2021-08-05 07:00:00,,,,,39.22999954223633,0.0,71.61799621582031,True,True,95.2300033569336,0.0,74.37200164794922,True,True,59.09000015258789,0.0,75.0199966430664,True,True,44.58000183105469,0.0,89.02400207519531,True,True,37.4900016784668,0.0,73.43599700927734,True,True,37.9900016784668,0.0,68.9000015258789,True,True,43.16999816894531,0.0,67.19000244140625,True,True,49.22999954223633,0.0,74.8219985961914,True,True,41.4900016784668,0.0,74.31800079345703,True,True,43.09000015258789,0.0,75.8479995727539,True,True,47.470001220703125,0.0,65.6240005493164,True,True,-25.0,68.01000213623047,,,,45.194000244140625,210.0019989013672,45.73400115966797,144.0,36.0,
2021-08-05 07:15:00,,,,,53.529998779296875,0.0,71.92400360107422,True,True,93.97000122070312,0.0,74.37200164794922,True,True,70.41999816894531,0.0,75.12799835205078,True,True,46.400001525878906,0.0,87.87200164794922,True,True,45.439998626708984,0.0,73.54399871826172,True,True,44.040000915527344,0.0,69.2959976196289,True,True,43.36000061035156,0.0,67.19000244140625,True,True,49.709999084472656,0.0,75.12799835205078,True,True,39.5099983215332,0.0,74.44400024414062,True,True,41.77000045776367,0.0,75.86599731445312,True,True,44.5099983215332,0.0,65.78600311279297,True,True,-25.0,65.87000274658203,,,,52.321998596191406,210.0019989013672,55.70600128173828,152.0,38.0,
2021-08-05 07:30:00,,,,,46.560001373291016,0.0,71.88800048828125,True,True,99.93000030517578,0.0,74.552001953125,True,True,66.33000183105469,0.0,75.03800201416016,True,True,44.18000030517578,0.0,87.47599792480469,True,True,40.90999984741211,0.0,73.74199676513672,True,True,42.369998931884766,0.0,69.5479965209961,True,True,44.279998779296875,0.0,67.1719970703125,True,True,49.38999938964844,0.0,75.0739974975586,True,True,37.790000915527344,0.0,74.44400024414062,True,True,42.27000045776367,0.0,75.86599731445312,True,True,42.630001068115234,0.0,65.85800170898438,True,True,-25.0,66.30999755859375,,,,58.53200149536133,210.0019989013672,59.57600021362305,144.0,36.0,
2021-08-05 07:45:00,,,,,40.59000015258789,0.0,71.94200134277344,True,True,100.0,0.0,74.66000366210938,True,True,66.04000091552734,0.0,75.18199920654297,True,True,48.2599983215332,0.0,86.16200256347656,True,True,39.810001373291016,0.0,73.66999816894531,True,True,44.790000915527344,0.0,70.21399688720703,True,True,45.209999084472656,0.0,67.42400360107422,True,True,46.20000076293945,0.0,75.18199920654297,True,True,39.90999984741211,0.0,74.49800109863281,True,True,40.95000076293945,0.0,75.99199676513672,True,True,42.209999084472656,0.0,66.50599670410156,True,True,-25.0,67.88999938964844,,,,45.625999450683594,210.0019989013672,46.47200012207031,144.0,36.0,
2021-08-05 08:00:00,,,,,36.7400016784668,0.0,72.4280014038086,True,True,92.05999755859375,0.0,74.69599914550781,True,True,60.59000015258789,0.0,75.18199920654297,True,True,52.45000076293945,0.0,93.00199890136719,True,True,43.189998626708984,0.0,73.68800354003906,True,True,43.560001373291016,0.0,70.26799774169922,True,True,43.7400016784668,0.0,67.7300033569336,True,True,60.16999816894531,0.0,75.23600006103516,True,True,42.40999984741211,0.0,74.58799743652344,True,True,48.529998779296875,0.0,76.11799621582031,True,True,41.34000015258789,0.0,66.61399841308594,True,True,-25.0,65.81999969482422,,,,43.57400131225586,210.0019989013672,43.933998107910156,144.0,36.0,
2021-08-05 08:15:00,,,,,45.33000183105469,0.0,72.8239974975586,True,True,90.55000305175781,0.0,74.71399688720703,True,True,57.380001068115234,0.0,75.09200286865234,True,True,49.59000015258789,0.0,93.66799926757812,True,True,42.20000076293945,0.0,73.7239990234375,True,True,43.2400016784668,0.0,71.56400299072266,True,True,47.52000045776367,0.0,68.10800170898438,True,True,63.7400016784668,0.0,75.34400177001953,True,True,44.689998626708984,0.0,74.75,True,True,56.54999923706055,0.0,76.1719970703125,True,True,47.56999969482422,0.0,67.0999984741211,True,True,-25.0,65.2699966430664,,,,42.47600173950195,210.0019989013672,43.0880012512207,152.0,38.0,
2021-08-05 08:30:00,,,,,46.380001068115234,0.0,73.54399871826172,True,True,92.86000061035156,0.0,74.71399688720703,True,True,63.06999969482422,0.0,75.11000061035156,True,True,53.75,0.0,93.12799835205078,True,True,45.060001373291016,0.0,73.74199676513672,True,True,43.86000061035156,0.0,71.94200134277344,True,True,44.959999084472656,0.0,68.59400177001953,True,True,53.310001373291016,0.0,75.25399780273438,True,True,43.060001373291016,0.0,74.73200225830078,True,True,48.09000015258789,0.0,76.1719970703125,True,True,42.650001525878906,0.0,67.7300033569336,True,True,-25.0,64.37000274658203,,,,42.67399978637695,210.0019989013672,43.465999603271484,160.0,40.0,
2021-08-05 08:45:00,,,,,38.77000045776367,0.0,73.88600158691406,True,True,95.11000061035156,0.0,74.73200225830078,True,True,61.06999969482422,0.0,75.09200286865234,True,True,54.38999938964844,0.0,93.14600372314453,True,True,43.22999954223633,0.0,73.81400299072266,True,True,43.939998626708984,0.0,72.39199829101562,True,True,42.779998779296875,0.0,69.63800048828125,True,True,51.29999923706055,0.0,75.18199920654297,True,True,38.939998626708984,0.0,74.73200225830078,True,True,46.310001373291016,0.0,76.1719970703125,True,True,41.189998626708984,0.0,69.04399871826172,True,True,-25.0,63.9900016784668,,,,41.198001861572266,210.0019989013672,41.9900016784668,160.0,40.0,
2021-08-05 09:00:00,,,,,39.06999969482422,0.0,74.37200164794922,True,True,95.05000305175781,0.0,74.69599914550781,True,True,61.2599983215332,0.0,75.09200286865234,True,True,57.83000183105469,0.0,93.14600372314453,True,True,45.04999923706055,0.0,73.88600158691406,True,True,42.540000915527344,0.0,73.77799987792969,True,True,42.79999923706055,0.0,70.30400085449219,True,True,50.83000183105469,0.0,75.18199920654297,True,True,40.150001525878906,0.0,74.78600311279297,True,True,45.900001525878906,0.0,76.1719970703125,True,True,41.220001220703125,0.0,69.9260025024414,True,True,-25.0,81.36000061035156,,,,46.34600067138672,210.0019989013672,46.597999572753906,160.0,40.0,
2021-08-05 09:15:00,,,,,43.4900016784668,0.0,74.91200256347656,True,True,100.0,0.0,74.6240005493164,True,True,59.77000045776367,0.0,75.16400146484375,True,True,59.220001220703125,0.0,91.50800323486328,True,True,38.560001373291016,0.0,73.88600158691406,True,True,46.84000015258789,0.0,73.94000244140625,True,True,41.099998474121094,0.0,70.73600006103516,True,True,51.06999969482422,0.0,75.4520034790039,True,True,37.400001525878906,0.0,74.83999633789062,True,True,42.689998626708984,0.0,76.1719970703125,True,True,43.84000015258789,0.0,70.447998046875,True,True,-25.0,69.30000305175781,,,,44.99599838256836,210.0019989013672,45.08599853515625,160.0,40.0,
2021-08-05 09:30:00,,,,,42.06999969482422,0.0,75.50599670410156,True,True,100.0,0.0,74.6780014038086,True,True,62.2599983215332,0.0,75.18199920654297,True,True,62.16999816894531,0.0,93.75800323486328,True,True,37.81999969482422,0.0,73.90399932861328,True,True,50.220001220703125,0.0,75.59600067138672,True,True,42.220001220703125,0.0,71.38400268554688,True,True,48.0,0.0,75.5780029296875,True,True,39.119998931884766,0.0,74.8759994506836,True,True,49.22999954223633,0.0,76.33399963378906,True,True,44.619998931884766,0.0,71.16799926757812,True,True,-25.0,67.30999755859375,,,,48.45199966430664,210.0019989013672,47.551998138427734,168.0,42.0,
2021-08-05 09:45:00,,,,,37.349998474121094,0.0,75.88400268554688,True,True,100.0,0.0,74.73200225830078,True,True,64.98999786376953,0.0,75.16400146484375,True,True,66.93000030517578,0.0,94.98200225830078,True,True,44.84000015258789,0.0,73.95800018310547,True,True,54.369998931884766,0.0,76.40599822998047,True,True,47.15999984741211,0.0,72.06800079345703,True,True,53.59000015258789,0.0,75.52400207519531,True,True,38.34000015258789,0.0,74.93000030517578,True,True,43.5099983215332,0.0,76.37000274658203,True,True,47.15999984741211,0.0,72.24800109863281,True,True,-25.0,68.80000305175781,,,,44.13199996948242,210.0019989013672,44.83399963378906,160.0,40.0,
2021-08-05 10:00:00,,,,,38.619998931884766,0.0,76.22599792480469,True,True,100.0,0.0,74.71399688720703,True,True,60.369998931884766,0.0,75.11000061035156,True,True,58.0099983215332,0.0,93.88400268554688,True,True,39.689998626708984,0.0,73.94000244140625,True,True,48.060001373291016,0.0,76.83799743652344,True,True,46.65999984741211,0.0,72.75199890136719,True,True,52.75,0.0,75.66799926757812,True,True,40.369998931884766,0.0,74.947998046875,True,True,67.56999969482422,0.0,76.40599822998047,True,True,44.97999954223633,0.0,73.09400177001953,True,True,-25.0,66.83999633789062,,,,41.28799819946289,210.0019989013672,41.77399826049805,168.0,42.0,
2021-08-05 10:15:00,,,,,39.869998931884766,0.0,76.44200134277344,True,True,91.94000244140625,0.0,74.69599914550781,True,True,54.93000030517578,0.0,75.12799835205078,True,True,58.349998474121094,0.0,98.33000183105469,True,True,35.650001525878906,0.0,73.94000244140625,True,True,47.29999923706055,0.0,77.28800201416016,True,True,50.810001373291016,0.0,73.36399841308594,True,True,56.56999969482422,0.0,75.68599700927734,True,True,48.33000183105469,0.0,74.98400115966797,True,True,46.099998474121094,0.0,76.40599822998047,True,True,46.970001220703125,0.0,73.76000213623047,True,True,-25.0,65.79000091552734,,,,41.683998107910156,210.0019989013672,42.08000183105469,168.0,42.0,
2021-08-05 10:30:00,,,,,36.119998931884766,0.0,76.58599853515625,True,True,92.73999786376953,0.0,74.49800109863281,True,True,60.709999084472656,0.0,75.09200286865234,True,True,49.150001525878906,0.0,94.85600280761719,True,True,36.810001373291016,0.0,73.95800018310547,True,True,45.27000045776367,0.0,79.01599884033203,True,True,42.5099983215332,0.0,73.68800354003906,True,True,52.5099983215332,0.0,75.61399841308594,True,True,42.56999969482422,0.0,74.85800170898438,True,True,42.290000915527344,0.0,76.42400360107422,True,True,44.29999923706055,0.0,74.0479965209961,True,True,-25.0,65.87000274658203,,,,42.512001037597656,210.0019989013672,43.06999969482422,168.0,42.0,
2021-08-05 10:45:00,,,,,43.59000015258789,0.0,76.98200225830078,True,True,96.30000305175781,0.0,74.53399658203125,True,True,58.130001068115234,0.0,75.09200286865234,True,True,48.290000915527344,0.0,90.80599975585938,True,True,37.630001068115234,0.0,74.06600189208984,True,True,42.22999954223633,0.0,79.55599975585938,True,True,41.93000030517578,0.0,74.28199768066406,True,True,49.54999923706055,0.0,75.55999755859375,True,True,41.650001525878906,0.0,74.91200256347656,True,True,44.70000076293945,0.0,76.42400360107422,True,True,44.52000045776367,0.0,74.73200225830078,True,True,-25.0,65.36000061035156,,,,44.88800048828125,210.0019989013672,45.64400100708008,168.0,42.0,
2021-08-05 11:00:00,,,,,38.470001220703125,0.0,77.197998046875,True,True,99.81999969482422,0.0,74.552001953125,True,True,56.880001068115234,0.0,75.12799835205078,True,True,48.04999923706055,0.0,89.49199676513672,True,True,40.75,0.0,74.01200103759766,True,True,42.040000915527344,0.0,80.85199737548828,True,True,42.599998474121094,0.0,74.71399688720703,True,True,51.15999984741211,0.0,75.61399841308594,True,True,37.38999938964844,0.0,74.89399719238281,True,True,43.52000045776367,0.0,76.42400360107422,True,True,42.09000015258789,0.0,75.4520034790039,True,True,-25.0,66.75,,,,41.50400161743164,210.0019989013672,41.88199996948242,168.0,42.0,
2021-08-05 11:15:00,,,,,42.90999984741211,0.0,77.48600006103516,True,True,94.75,0.0,74.552001953125,True,True,53.88999938964844,0.0,75.03800201416016,True,True,45.84000015258789,0.0,89.88800048828125,True,True,35.619998931884766,0.0,74.06600189208984,True,True,39.349998474121094,0.0,81.39199829101562,True,True,44.439998626708984,0.0,74.98400115966797,True,True,47.34000015258789,0.0,75.59600067138672,True,True,41.41999816894531,0.0,74.83999633789062,True,True,38.38999938964844,0.0,76.40599822998047,True,True,45.88999938964844,0.0,75.81199645996094,True,True,-25.0,62.45000076293945,,,,41.108001708984375,210.0019989013672,41.50400161743164,152.0,38.0,
2021-08-05 11:30:00,,,,,37.75,0.0,77.9540023803711,True,True,98.9000015258789,0.0,74.38999938964844,True,True,51.02000045776367,0.0,75.12799835205078,True,True,44.58000183105469,0.0,91.2020034790039,True,True,30.56999969482422,1.659999966621399,74.06600189208984,True,True,42.88999938964844,0.0,82.48999786376953,True,True,45.08000183105469,0.0,75.9020004272461,True,True,56.81999969482422,0.0,75.7040023803711,True,True,43.34000015258789,0.0,74.93000030517578,True,True,42.27000045776367,0.0,76.38800048828125,True,True,47.09000015258789,0.0,77.0719985961914,True,True,-25.0,61.34000015258789,,,,41.61199951171875,210.0019989013672,41.93600082397461,160.0,40.0,
2021-08-05 11:45:00,,,,,43.150001525878906,0.0,77.7020034790039,True,True,100.0,0.0,74.40799713134766,True,True,59.27000045776367,0.0,75.14600372314453,True,True,44.900001525878906,0.0,95.21600341796875,True,True,39.97999954223633,0.0,74.15599822998047,True,True,44.63999938964844,0.0,83.58799743652344,True,True,42.88999938964844,0.0,76.13600158691406,True,True,48.2400016784668,0.0,75.50599670410156,True,True,41.75,0.0,74.8759994506836,True,True,41.15999984741211,0.0,76.38800048828125,True,True,42.290000915527344,0.0,76.71199798583984,True,True,-25.0,62.119998931884766,,,,44.56399917602539,210.0019989013672,44.41999816894531,160.0,40.0,
2021-08-05 12:00:00,,,,,44.189998626708984,0.0,77.7020034790039,True,True,99.83000183105469,0.0,74.37200164794922,True,True,63.849998474121094,0.0,75.18199920654297,True,True,49.689998626708984,0.0,97.50199890136719,True,True,43.91999816894531,0.0,74.19200134277344,True,True,49.810001373291016,0.0,84.72200012207031,True,True,42.040000915527344,0.0,76.26200103759766,True,True,47.560001373291016,0.0,75.68599700927734,True,True,38.2400016784668,0.0,74.83999633789062,True,True,46.97999954223633,0.0,76.38800048828125,True,True,43.36000061035156,0.0,76.8740005493164,True,True,-25.0,64.05999755859375,,,,45.44599914550781,210.0019989013672,45.96799850463867,160.0,40.0,
2021-08-05 12:15:00,,,,,36.880001068115234,0.0,78.00800323486328,True,True,100.0,0.0,74.37200164794922,True,True,60.09000015258789,0.0,75.23600006103516,True,True,50.18000030517578,0.0,99.12200164794922,True,True,43.20000076293945,0.0,74.26399993896484,True,True,49.83000183105469,0.0,84.79399871826172,True,True,42.88999938964844,0.0,77.23400115966797,True,True,47.790000915527344,0.0,75.5780029296875,True,True,36.689998626708984,0.0,74.80400085449219,True,True,43.279998779296875,0.0,76.38800048828125,True,True,43.599998474121094,0.0,77.97200012207031,True,True,-25.0,62.810001373291016,,,,43.231998443603516,210.0019989013672,43.95199966430664,160.0,40.0,
2021-08-05 12:30:00,,,,,59.900001525878906,0.0,79.30400085449219,True,True,95.0,0.0,74.37200164794922,True,True,76.13999938964844,0.0,75.27200317382812,True,True,50.95000076293945,0.0,99.58999633789062,True,True,53.91999816894531,0.0,74.26399993896484,True,True,50.02000045776367,0.0,85.26200103759766,True,True,48.93000030517578,0.0,77.8280029296875,True,True,52.119998931884766,0.0,75.61399841308594,True,True,40.099998474121094,0.0,74.8219985961914,True,True,46.15999984741211,0.0,76.38800048828125,True,True,52.95000076293945,0.0,78.81800079345703,True,True,-25.0,72.30999755859375,,,,55.09400177001953,210.0019989013672,56.534000396728516,168.0,42.0,
2021-08-05 12:45:00,,,,,46.310001373291016,0.0,80.52799987792969,True,True,100.0,0.0,74.552001953125,True,True,67.75,0.0,75.37999725341797,True,True,54.5099983215332,0.0,101.17400360107422,True,True,43.4900016784668,0.0,74.38999938964844,True,True,50.189998626708984,0.0,84.03800201416016,True,True,45.2599983215332,0.0,78.40399932861328,True,True,50.25,0.0,75.79399871826172,True,True,37.22999954223633,0.0,74.89399719238281,True,True,45.349998474121094,0.0,76.40599822998047,True,True,47.04999923706055,0.0,79.79000091552734,True,True,-25.0,69.75,,,,47.5880012512207,210.0019989013672,47.75,168.0,42.0,
2021-08-05 13:00:00,,,,,43.810001373291016,0.0,80.83399963378906,True,True,94.62999725341797,0.0,74.58799743652344,True,True,67.19000244140625,0.0,75.43399810791016,True,True,52.09000015258789,0.0,101.6780014038086,True,True,44.189998626708984,0.0,74.40799713134766,True,True,48.93000030517578,0.0,84.03800201416016,True,True,42.779998779296875,0.0,79.5199966430664,True,True,49.38999938964844,0.0,75.9020004272461,True,True,37.15999984741211,0.0,74.91200256347656,True,True,44.33000183105469,0.0,76.49600219726562,True,True,49.470001220703125,0.0,81.06800079345703,True,True,-25.0,66.19000244140625,,,,47.875999450683594,210.0019989013672,48.236000061035156,160.0,40.0,
2021-08-05 13:15:00,,,,,49.470001220703125,0.0,81.35600280761719,True,True,96.47000122070312,0.0,74.58799743652344,True,True,65.93000030517578,0.0,75.27200317382812,True,True,50.29999923706055,0.0,100.38200378417969,True,True,44.81999969482422,0.0,74.46199798583984,True,True,48.029998779296875,0.0,84.5780029296875,True,True,49.88999938964844,0.0,80.22200012207031,True,True,61.380001068115234,0.0,76.02799987792969,True,True,39.220001220703125,0.0,74.947998046875,True,True,53.369998931884766,0.0,76.53199768066406,True,True,51.27000045776367,0.0,81.87799835205078,True,True,-25.0,66.3499984741211,,,,47.731998443603516,210.0019989013672,48.577999114990234,168.0,42.0,
2021-08-05 13:30:00,,,,,44.900001525878906,0.0,81.64399719238281,True,True,99.75,0.0,74.6780014038086,True,True,65.86000061035156,0.0,75.29000091552734,True,True,49.439998626708984,0.0,102.72200012207031,True,True,45.93000030517578,0.0,74.4800033569336,True,True,48.36000061035156,0.0,85.26200103759766,True,True,49.279998779296875,0.0,80.3479995727539,True,True,58.04999923706055,0.0,75.9739990234375,True,True,41.84000015258789,0.0,74.98400115966797,True,True,46.310001373291016,0.0,76.58599853515625,True,True,56.02000045776367,0.0,82.74199676513672,True,True,-25.0,67.9000015258789,,,,46.5620002746582,210.0019989013672,47.08399963378906,160.0,40.0,
2021-08-05 13:45:00,,,,,43.619998931884766,0.0,81.01399993896484,True,True,100.0,0.0,74.69599914550781,True,True,65.48999786376953,0.0,75.34400177001953,True,True,49.65999984741211,0.0,101.75,True,True,45.599998474121094,0.0,74.51599884033203,True,True,75.20999908447266,0.0,84.68599700927734,True,True,47.099998474121094,0.0,79.66400146484375,True,True,57.599998474121094,0.0,75.9020004272461,True,True,45.91999816894531,0.0,75.0199966430664,True,True,50.849998474121094,0.0,76.65799713134766,True,True,52.43000030517578,0.0,81.6259994506836,True,True,-25.0,69.30999755859375,,,,46.27399826049805,210.0019989013672,46.922000885009766,168.0,42.0,
2021-08-05 14:00:00,,,,,39.88999938964844,0.0,78.78199768066406,True,True,94.58000183105469,0.0,74.6780014038086,True,True,64.72000122070312,0.0,75.43399810791016,True,True,49.040000915527344,0.0,103.24400329589844,True,True,57.38999938964844,0.0,74.56999969482422,True,True,47.310001373291016,0.0,84.30799865722656,True,True,47.939998626708984,0.0,80.25800323486328,True,True,55.88999938964844,0.0,75.88400268554688,True,True,43.81999969482422,0.0,75.09200286865234,True,True,42.869998931884766,0.0,76.71199798583984,True,True,57.060001373291016,0.0,81.55400085449219,True,True,-25.0,71.68000030517578,,,,46.45399856567383,210.0019989013672,46.97600173950195,160.0,40.0,
2021-08-05 14:15:00,,,,,45.58000183105469,0.0,79.35800170898438,True,True,96.62999725341797,0.0,74.73200225830078,True,True,65.31999969482422,0.0,75.30799865722656,True,True,51.790000915527344,0.0,100.48999786376953,True,True,45.650001525878906,0.0,74.552001953125,True,True,49.59000015258789,0.0,84.43399810791016,True,True,46.939998626708984,0.0,80.61799621582031,True,True,56.54999923706055,0.0,75.88400268554688,True,True,45.93000030517578,0.0,75.09200286865234,True,True,45.33000183105469,0.0,76.74800109863281,True,True,51.029998779296875,0.0,82.04000091552734,True,True,-25.0,67.36000061035156,,,,46.63399887084961,210.0019989013672,46.97600173950195,168.0,42.0,
2021-08-05 14:30:00,,,,,42.400001525878906,0.0,78.85399627685547,True,True,100.0,0.0,74.73200225830078,True,True,64.91999816894531,0.0,75.32599639892578,True,True,48.369998931884766,0.0,101.31800079345703,True,True,45.9900016784668,0.0,74.46199798583984,True,True,47.150001525878906,0.0,82.5979995727539,True,True,47.31999969482422,0.0,80.61799621582031,True,True,53.90999984741211,0.0,75.7760009765625,True,True,46.63999938964844,0.0,75.14600372314453,True,True,52.18000030517578,0.0,76.91000366210938,True,True,59.52000045776367,0.0,81.73400115966797,True,True,-25.0,67.37000274658203,,,,46.220001220703125,210.0019989013672,46.7239990234375,168.0,42.0,
2021-08-05 14:45:00,,,,,40.0099983215332,0.0,77.23400115966797,True,True,100.0,0.0,74.73200225830078,True,True,65.23999786376953,0.0,75.36199951171875,True,True,48.369998931884766,0.0,99.75199890136719,True,True,46.029998779296875,0.0,74.552001953125,True,True,51.33000183105469,0.0,82.5979995727539,True,True,47.36000061035156,0.0,80.95999908447266,True,True,53.72999954223633,0.0,76.0459976196289,True,True,40.470001220703125,0.0,75.14600372314453,True,True,45.189998626708984,0.0,76.94599914550781,True,True,58.150001525878906,0.0,82.61599731445312,True,True,-25.0,66.80999755859375,,,,46.417999267578125,210.0019989013672,46.6879997253418,160.0,40.0,
2021-08-05 15:00:00,,,,,39.77000045776367,0.0,76.802001953125,True,True,100.0,0.0,74.75,True,True,64.88999938964844,0.0,75.36199951171875,True,True,47.83000183105469,0.0,99.66200256347656,True,True,45.720001220703125,0.0,74.4800033569336,True,True,51.52000045776367,0.0,82.58000183105469,True,True,47.36000061035156,0.0,80.02400207519531,True,True,53.529998779296875,0.0,75.93800354003906,True,True,43.97999954223633,0.0,75.16400146484375,True,True,48.31999969482422,0.0,77.0719985961914,True,True,55.900001525878906,0.0,80.81600189208984,True,True,-25.0,66.3499984741211,,,,46.507999420166016,210.0019989013672,46.922000885009766,168.0,42.0,
2021-08-05 15:15:00,,,,,44.630001068115234,0.0,81.302001953125,True,True,96.80999755859375,0.0,74.73200225830078,True,True,65.36000061035156,0.0,75.30799865722656,True,True,47.45000076293945,0.0,98.76200103759766,True,True,46.02000045776367,0.0,74.4800033569336,True,True,49.77000045776367,0.0,82.12999725341797,True,True,46.349998474121094,0.0,79.447998046875,True,True,50.38999938964844,0.0,75.93800354003906,True,True,43.970001220703125,0.0,75.19999694824219,True,True,43.09000015258789,0.0,77.08999633789062,True,True,54.439998626708984,0.0,80.25800323486328,True,True,-25.0,67.30000305175781,,,,45.5359992980957,210.0019989013672,46.11199951171875,168.0,42.0,
2021-08-05 15:30:00,,,,,41.09000015258789,0.0,77.8280029296875,True,True,93.52999877929688,0.0,74.73200225830078,True,True,65.63999938964844,0.0,75.34400177001953,True,True,46.91999816894531,0.0,99.66200256347656,True,True,45.880001068115234,0.0,74.49800109863281,True,True,47.779998779296875,0.0,79.93399810791016,True,True,47.06999969482422,0.0,79.01599884033203,True,True,56.16999816894531,0.0,75.9739990234375,True,True,42.95000076293945,0.0,75.19999694824219,True,True,50.66999816894531,0.0,77.197998046875,True,True,56.7400016784668,0.0,79.33999633789062,True,True,-25.0,68.69000244140625,,,,45.895999908447266,210.0019989013672,46.11199951171875,160.0,40.0,
2021-08-05 15:45:00,,,,,45.150001525878906,0.0,77.77400207519531,True,True,96.52999877929688,0.0,74.73200225830078,True,True,68.7699966430664,0.0,75.36199951171875,True,True,46.779998779296875,0.0,97.89800262451172,True,True,45.66999816894531,0.0,74.49800109863281,True,True,46.869998931884766,0.0,80.6719970703125,True,True,46.54999923706055,0.0,78.49400329589844,True,True,53.810001373291016,0.0,75.86599731445312,True,True,41.97999954223633,0.0,75.30799865722656,True,True,45.66999816894531,0.0,77.197998046875,True,True,56.4900016784668,0.0,78.99800109863281,True,True,-25.0,68.98999786376953,,,,45.805999755859375,210.0019989013672,46.14799880981445,160.0,40.0,
2021-08-05 16:00:00,,,,,39.880001068115234,0.0,78.99800109863281,True,True,94.62000274658203,0.0,74.73200225830078,True,True,64.47000122070312,0.0,75.30799865722656,True,True,45.540000915527344,0.0,99.06800079345703,True,True,39.72999954223633,0.0,74.552001953125,True,True,46.220001220703125,0.0,79.9520034790039,True,True,46.16999816894531,0.0,78.31400299072266,True,True,53.29999923706055,0.0,75.8479995727539,True,True,44.439998626708984,0.0,75.27200317382812,True,True,46.72999954223633,0.0,77.25199890136719,True,True,58.02000045776367,0.0,79.052001953125,True,True,-25.0,68.5,,,,45.428001403808594,210.0019989013672,46.05799865722656,168.0,42.0,
2021-08-05 16:15:00,,,,,42.31999969482422,0.0,78.52999877929688,True,True,97.66000366210938,0.0,74.73200225830078,True,True,65.56999969482422,0.0,75.34400177001953,True,True,45.900001525878906,0.0,100.09400177001953,True,True,45.130001068115234,0.0,74.46199798583984,True,True,45.790000915527344,0.0,78.70999908447266,True,True,45.849998474121094,0.0,77.86399841308594,True,True,55.7599983215332,0.0,75.9020004272461,True,True,44.810001373291016,0.0,75.30799865722656,True,True,43.880001068115234,0.0,77.25199890136719,True,True,58.81999969482422,0.0,78.9800033569336,True,True,-25.0,70.23999786376953,,,,44.492000579833984,210.0019989013672,45.194000244140625,160.0,40.0,
2021-08-05 16:30:00,,,,,41.2400016784668,0.0,78.67400360107422,True,True,98.72000122070312,0.0,74.73200225830078,True,True,62.81999969482422,0.0,75.34400177001953,True,True,43.779998779296875,0.0,99.53600311279297,True,True,44.09000015258789,0.0,74.49800109863281,True,True,43.31999969482422,0.0,79.66400146484375,True,True,46.150001525878906,0.0,77.93599700927734,True,True,54.02000045776367,0.0,75.93800354003906,True,True,42.790000915527344,0.0,75.37999725341797,True,True,48.56999969482422,0.0,77.28800201416016,True,True,56.7400016784668,0.0,79.21399688720703,True,True,-25.0,70.69000244140625,,,,44.54600143432617,210.0019989013672,44.63600158691406,168.0,42.0,
2021-08-05 16:45:00,,,,,44.11000061035156,0.0,76.47799682617188,True,True,100.0,0.0,74.71399688720703,True,True,62.36000061035156,0.0,75.34400177001953,True,True,44.040000915527344,0.0,99.84200286865234,True,True,42.900001525878906,0.0,74.56999969482422,True,True,44.560001373291016,0.0,79.98799896240234,True,True,46.43000030517578,0.0,77.88200378417969,True,True,48.95000076293945,0.0,75.86599731445312,True,True,42.5099983215332,0.0,75.30799865722656,True,True,51.2400016784668,0.0,77.39600372314453,True,True,58.779998779296875,0.0,79.1780014038086,True,True,-25.0,71.55999755859375,,,,44.70800018310547,210.0019989013672,45.08599853515625,160.0,40.0,
2021-08-05 17:00:00,,,,,41.5,0.0,76.26200103759766,True,True,100.0,0.0,74.73200225830078,True,True,59.529998779296875,0.0,75.34400177001953,True,True,42.310001373291016,0.0,99.12200164794922,True,True,63.27000045776367,0.0,74.53399658203125,True,True,47.599998474121094,0.0,78.83599853515625,True,True,44.560001373291016,0.0,77.64800262451172,True,True,53.58000183105469,0.0,75.99199676513672,True,True,41.7599983215332,0.0,75.34400177001953,True,True,44.119998931884766,0.0,77.37799835205078,True,True,53.77000045776367,0.0,79.08799743652344,True,True,-25.0,71.51000213623047,,,,41.77399826049805,210.0019989013672,42.31399917602539,160.0,40.0,
2021-08-05 17:15:00,,,,,38.7400016784668,0.0,76.15399932861328,True,True,100.0,0.0,74.73200225830078,True,True,53.41999816894531,0.0,75.27200317382812,True,True,37.459999084472656,0.0,97.3219985961914,True,True,42.630001068115234,0.0,74.46199798583984,True,True,44.150001525878906,0.0,79.26799774169922,True,True,45.470001220703125,0.0,77.57599639892578,True,True,50.22999954223633,0.0,75.95600128173828,True,True,35.959999084472656,0.0,75.30799865722656,True,True,42.22999954223633,0.0,77.36000061035156,True,True,53.439998626708984,0.0,78.69200134277344,True,True,-25.0,62.86000061035156,,,,41.14400100708008,210.0019989013672,41.55799865722656,160.0,40.0,
2021-08-05 17:30:00,,,,,45.130001068115234,0.0,76.60399627685547,True,True,100.0,0.0,74.71399688720703,True,True,53.66999816894531,0.0,75.23600006103516,True,True,42.52000045776367,0.0,98.1500015258789,True,True,39.61000061035156,0.0,74.4800033569336,True,True,41.779998779296875,0.0,78.04399871826172,True,True,44.83000183105469,0.0,77.59400177001953,True,True,51.459999084472656,0.0,75.86599731445312,True,True,43.66999816894531,0.0,75.32599639892578,True,True,43.650001525878906,0.0,77.43199920654297,True,True,56.0099983215332,0.0,78.69200134277344,True,True,-25.0,61.75,,,,56.354000091552734,210.0019989013672,57.00199890136719,160.0,40.0,
2021-08-05 17:45:00,,,,,42.849998474121094,0.0,78.2239990234375,True,True,100.0,0.0,74.66000366210938,True,True,64.55999755859375,0.0,75.37999725341797,True,True,47.38999938964844,0.0,99.48200225830078,True,True,46.7400016784668,0.0,74.4800033569336,True,True,53.38999938964844,0.0,76.83799743652344,True,True,42.2400016784668,0.0,76.802001953125,True,True,49.0,0.0,75.86599731445312,True,True,41.290000915527344,0.0,75.36199951171875,True,True,40.709999084472656,0.0,77.37799835205078,True,True,50.40999984741211,0.0,77.68399810791016,True,True,-25.0,66.37999725341797,,,,44.54600143432617,210.0019989013672,45.21200180053711,160.0,40.0,
2021-08-05 18:00:00,,,,,44.9900016784668,0.0,78.49400329589844,True,True,93.75,0.0,74.73200225830078,True,True,61.790000915527344,0.0,75.29000091552734,True,True,41.9900016784668,0.0,97.43000030517578,True,True,41.209999084472656,0.0,74.37200164794922,True,True,45.689998626708984,0.0,77.10800170898438,True,True,41.849998474121094,0.0,76.35199737548828,True,True,44.369998931884766,0.0,75.86599731445312,True,True,44.72999954223633,0.0,75.34400177001953,True,True,43.59000015258789,0.0,77.43199920654297,True,True,46.95000076293945,0.0,77.14399719238281,True,True,-25.0,69.30999755859375,,,,46.652000427246094,210.0019989013672,47.19200134277344,152.0,38.0,
2021-08-05 18:15:00,,,,,46.720001220703125,0.0,77.37799835205078,True,True,95.1500015258789,0.0,74.73200225830078,True,True,60.529998779296875,0.0,75.29000091552734,True,True,46.18000030517578,0.0,96.58399963378906,True,True,40.380001068115234,0.0,74.46199798583984,True,True,45.369998931884766,0.0,77.52200317382812,True,True,44.59000015258789,0.0,75.79399871826172,True,True,60.04999923706055,0.0,75.86599731445312,True,True,39.08000183105469,0.0,75.37999725341797,True,True,51.02000045776367,0.0,77.41400146484375,True,True,55.63999938964844,0.0,76.1719970703125,True,True,-25.0,67.88999938964844,,,,45.6619987487793,210.0019989013672,45.96799850463867,160.0,40.0,
2021-08-05 18:30:00,,,,,45.650001525878906,0.0,76.69400024414062,True,True,97.5199966430664,0.0,74.75,True,True,59.9900016784668,0.0,75.27200317382812,True,True,46.08000183105469,0.0,96.04399871826172,True,True,44.58000183105469,0.0,74.53399658203125,True,True,44.38999938964844,0.0,76.69400024414062,True,True,47.2400016784668,0.0,75.4520034790039,True,True,51.599998474121094,0.0,75.86599731445312,True,True,43.709999084472656,0.0,75.41600036621094,True,True,43.81999969482422,0.0,77.39600372314453,True,True,55.400001525878906,0.0,75.37999725341797,True,True,-25.0,68.18000030517578,,,,44.13199996948242,210.0019989013672,44.54600143432617,152.0,38.0,
2021-08-05 18:45:00,,,,,38.58000183105469,0.0,76.20800018310547,True,True,98.33999633789062,0.0,74.73200225830078,True,True,58.380001068115234,0.0,75.19999694824219,True,True,40.20000076293945,0.0,96.13400268554688,True,True,40.2599983215332,0.0,74.44400024414062,True,True,42.380001068115234,0.0,75.36199951171875,True,True,48.15999984741211,0.0,74.35399627685547,True,True,51.970001220703125,0.0,75.8479995727539,True,True,43.29999923706055,0.0,75.30799865722656,True,True,45.029998779296875,0.0,77.39600372314453,True,True,48.599998474121094,0.0,74.12000274658203,True,True,-25.0,66.38999938964844,,,,43.06999969482422,210.0019989013672,43.62799835205078,160.0,40.0,
2021-08-05 19:00:00,,,,,39.619998931884766,0.0,75.72200012207031,True,True,99.55999755859375,0.0,74.73200225830078,True,True,56.83000183105469,0.0,75.12799835205078,True,True,39.93000030517578,0.0,94.60399627685547,True,True,38.68000030517578,0.0,74.24600219726562,True,True,40.689998626708984,0.0,73.68800354003906,True,True,44.59000015258789,0.0,73.61599731445312,True,True,51.310001373291016,0.0,75.79399871826172,True,True,40.869998931884766,0.0,75.25399780273438,True,True,43.279998779296875,0.0,77.3239974975586,True,True,52.11000061035156,0.0,73.04000091552734,True,True,-25.0,65.2300033569336,,,,41.93600082397461,210.0019989013672,42.47600173950195,152.0,38.0,
2021-08-05 19:15:00,,,,,35.959999084472656,0.0,75.7760009765625,True,True,100.0,0.0,74.73200225830078,True,True,55.220001220703125,0.0,75.18199920654297,True,True,38.16999816894531,0.0,93.7040023803711,True,True,38.33000183105469,0.0,74.26399993896484,True,True,39.36000061035156,0.0,73.00399780273438,True,True,42.63999938964844,0.0,72.89600372314453,True,True,51.630001068115234,0.0,75.72200012207031,True,True,41.029998779296875,0.0,75.19999694824219,True,True,46.439998626708984,0.0,77.3239974975586,True,True,47.119998931884766,0.0,71.99600219726562,True,True,-25.0,64.31999969482422,,,,41.32400131225586,210.0019989013672,41.75600051879883,152.0,38.0,
2021-08-05 19:30:00,,,,,39.43000030517578,0.0,75.54199981689453,True,True,100.0,0.0,74.73200225830078,True,True,50.290000915527344,0.0,75.18199920654297,True,True,36.88999938964844,0.0,93.7040023803711,True,True,40.099998474121094,0.0,74.06600189208984,True,True,43.720001220703125,0.0,72.3740005493164,True,True,41.02000045776367,0.0,72.21199798583984,True,True,48.470001220703125,0.0,75.59600067138672,True,True,40.56999969482422,0.0,75.11000061035156,True,True,51.38999938964844,0.0,77.3239974975586,True,True,45.220001220703125,0.0,70.75399780273438,True,True,-25.0,64.36000061035156,,,,40.981998443603516,210.0019989013672,41.43199920654297,152.0,38.0,
2021-08-05 19:45:00,,,,,38.54999923706055,0.0,74.66000366210938,True,True,100.0,0.0,74.69599914550781,True,True,52.20000076293945,0.0,75.16400146484375,True,True,36.189998626708984,0.0,87.56600189208984,True,True,36.43000030517578,0.0,74.0479965209961,True,True,47.86000061035156,0.0,72.44599914550781,True,True,40.34000015258789,0.0,71.6719970703125,True,True,44.349998474121094,0.0,75.52400207519531,True,True,37.400001525878906,0.0,75.05599975585938,True,True,38.61000061035156,0.0,77.14399719238281,True,True,42.66999816894531,0.0,70.052001953125,True,True,-25.0,64.0199966430664,,,,41.071998596191406,210.0019989013672,41.46799850463867,152.0,38.0,
2021-08-05 20:00:00,,,,,38.36000061035156,0.0,74.35399627685547,True,True,100.0,0.0,74.552001953125,True,True,50.45000076293945,0.0,75.12799835205078,True,True,40.7599983215332,0.0,87.2239990234375,True,True,42.029998779296875,0.0,73.97599792480469,True,True,42.58000183105469,0.0,71.2040023803711,True,True,40.5099983215332,0.0,70.80799865722656,True,True,47.7400016784668,0.0,75.39800262451172,True,True,38.130001068115234,0.0,75.03800201416016,True,True,38.9900016784668,0.0,77.01799774169922,True,True,43.959999084472656,0.0,68.98999786376953,True,True,-25.0,64.98999786376953,,,,40.981998443603516,210.0019989013672,41.395999908447266,144.0,36.0,
2021-08-05 20:15:00,,,,,34.2400016784668,0.0,73.02200317382812,True,True,98.72000122070312,0.0,74.49800109863281,True,True,50.29999923706055,0.0,75.16400146484375,True,True,36.06999969482422,0.0,86.34200286865234,True,True,36.5099983215332,0.0,73.86799621582031,True,True,42.11000061035156,0.0,71.2760009765625,True,True,41.099998474121094,0.0,70.28600311279297,True,True,46.310001373291016,0.0,75.29000091552734,True,True,36.81999969482422,0.0,75.00199890136719,True,True,42.72999954223633,0.0,76.98200225830078,True,True,41.369998931884766,0.0,68.2699966430664,True,True,-25.0,64.4000015258789,,,,41.1619987487793,210.0019989013672,41.57600021362305,152.0,38.0,
2021-08-05 20:30:00,,,,,33.45000076293945,0.0,72.6259994506836,True,True,99.83000183105469,0.0,74.38999938964844,True,True,48.720001220703125,0.0,75.11000061035156,True,True,39.81999969482422,0.0,88.93399810791016,True,True,36.0,0.0,73.81400299072266,True,True,38.66999816894531,0.0,70.59200286865234,True,True,40.880001068115234,0.0,69.76399993896484,True,True,45.290000915527344,0.0,75.19999694824219,True,True,36.33000183105469,0.0,74.947998046875,True,True,39.15999984741211,0.0,76.96399688720703,True,True,41.970001220703125,0.0,67.51399993896484,True,True,-25.0,65.79000091552734,,,,41.32400131225586,210.0019989013672,41.70199966430664,144.0,36.0,
2021-08-05 20:45:00,,,,,36.939998626708984,0.0,72.8239974975586,True,True,96.91999816894531,0.0,74.35399627685547,True,True,47.58000183105469,0.0,75.12799835205078,True,True,39.77000045776367,0.0,90.89600372314453,True,True,35.91999816894531,0.0,73.7239990234375,True,True,37.16999816894531,0.0,70.71800231933594,True,True,39.88999938964844,0.0,68.98999786376953,True,True,47.5,0.0,75.14600372314453,True,True,36.33000183105469,0.0,74.91200256347656,True,True,44.7599983215332,0.0,76.96399688720703,True,True,41.20000076293945,0.0,67.02799987792969,True,True,-25.0,64.8499984741211,,,,41.215999603271484,210.0019989013672,41.61199951171875,144.0,36.0,
2021-08-05 21:00:00,,,,,38.790000915527344,0.0,72.05000305175781,True,True,94.0199966430664,0.0,74.30000305175781,True,True,44.029998779296875,0.0,75.16400146484375,True,True,35.189998626708984,0.0,92.6240005493164,True,True,35.470001220703125,0.0,73.76000213623047,True,True,42.470001220703125,0.0,70.19599914550781,True,True,39.70000076293945,0.0,68.59400177001953,True,True,52.279998779296875,0.0,75.34400177001953,True,True,35.900001525878906,0.0,74.89399719238281,True,True,44.22999954223633,0.0,76.802001953125,True,True,45.20000076293945,0.0,66.32599639892578,True,True,-25.0,64.81999969482422,,,,41.215999603271484,210.0019989013672,41.66600036621094,152.0,38.0,
2021-08-05 21:15:00,,,,,37.02000045776367,0.0,72.75199890136719,True,True,90.16999816894531,0.0,74.19200134277344,True,True,43.459999084472656,0.0,75.09200286865234,True,True,42.09000015258789,0.0,93.16400146484375,True,True,39.75,0.0,73.76000213623047,True,True,42.9900016784668,0.0,68.0719985961914,True,True,39.63999938964844,0.0,68.73799896240234,True,True,43.88999938964844,0.0,75.25399780273438,True,True,40.93000030517578,0.0,74.91200256347656,True,True,41.279998779296875,0.0,76.76599884033203,True,True,41.11000061035156,0.0,66.50599670410156,True,True,-25.0,65.70999908447266,,,,41.198001861572266,210.0019989013672,41.66600036621094,144.0,36.0,
2021-08-05 21:30:00,,,,,31.8799991607666,0.0,73.43599700927734,True,True,94.19000244140625,0.0,74.17400360107422,True,True,46.93000030517578,0.0,75.09200286865234,True,True,39.02000045776367,0.0,92.13800048828125,True,True,35.369998931884766,0.0,73.70600128173828,True,True,43.88999938964844,0.0,69.62000274658203,True,True,39.22999954223633,0.0,68.8280029296875,True,True,51.56999969482422,0.0,75.32599639892578,True,True,37.2599983215332,0.0,74.91200256347656,True,True,42.040000915527344,0.0,76.76599884033203,True,True,51.209999084472656,0.0,66.55999755859375,True,True,-25.0,65.37000274658203,,,,41.14400100708008,210.0019989013672,41.61199951171875,152.0,38.0,
2021-08-05 21:45:00,,,,,33.9900016784668,0.0,73.25599670410156,True,True,85.80000305175781,0.0,74.13800048828125,True,True,42.29999923706055,0.0,75.18199920654297,True,True,36.369998931884766,0.0,86.05400085449219,True,True,35.18000030517578,0.0,73.6520004272461,True,True,41.65999984741211,0.0,68.34200286865234,True,True,40.7400016784668,0.0,68.97200012207031,True,True,42.81999969482422,0.0,75.03800201416016,True,True,36.529998779296875,0.0,74.80400085449219,True,True,38.150001525878906,0.0,76.63999938964844,True,True,43.380001068115234,0.0,66.50599670410156,True,True,-25.0,64.55999755859375,,,,41.0,210.0019989013672,41.46799850463867,152.0,38.0,
2021-08-05 22:00:00,,,,,37.810001373291016,0.0,73.70600128173828,True,True,97.91999816894531,0.0,74.15599822998047,True,True,49.88999938964844,0.0,75.11000061035156,True,True,39.66999816894531,0.0,87.51200103759766,True,True,36.209999084472656,0.0,73.68800354003906,True,True,41.220001220703125,0.0,67.76599884033203,True,True,40.959999084472656,0.0,68.73799896240234,True,True,45.619998931884766,0.0,75.0739974975586,True,True,35.61000061035156,0.0,74.8219985961914,True,True,39.56999969482422,0.0,76.56800079345703,True,True,42.16999816894531,0.0,66.55999755859375,True,True,-25.0,68.81999969482422,,,,41.071998596191406,210.0019989013672,41.52199935913086,144.0,36.0,
2021-08-05 22:15:00,,,,,37.560001373291016,0.0,72.58999633789062,True,True,100.0,0.0,74.19200134277344,True,True,50.560001373291016,0.0,75.18199920654297,True,True,35.9900016784668,0.0,87.69200134277344,True,True,36.22999954223633,0.0,73.63400268554688,True,True,41.380001068115234,0.0,67.94599914550781,True,True,40.439998626708984,0.0,68.59400177001953,True,True,48.38999938964844,0.0,75.19999694824219,True,True,32.66999816894531,0.0,74.76799774169922,True,True,41.5,0.0,76.47799682617188,True,True,42.369998931884766,0.0,66.55999755859375,True,True,-25.0,64.91000366210938,,,,41.0,210.0019989013672,41.395999908447266,144.0,36.0,
2021-08-05 22:30:00,,,,,37.709999084472656,0.0,72.4280014038086,True,True,98.2699966430664,0.0,74.30000305175781,True,True,50.9900016784668,0.0,75.32599639892578,True,True,39.08000183105469,0.0,86.86399841308594,True,True,35.5099983215332,0.0,73.68800354003906,True,True,37.70000076293945,0.0,68.0719985961914,True,True,40.310001373291016,0.0,68.55799865722656,True,True,42.47999954223633,0.0,75.23600006103516,True,True,39.88999938964844,0.0,74.73200225830078,True,True,37.56999969482422,0.0,76.42400360107422,True,True,41.529998779296875,0.0,67.0459976196289,True,True,-25.0,64.80000305175781,,,,41.071998596191406,210.0019989013672,41.46799850463867,144.0,36.0,
2021-08-05 22:45:00,,,,,32.77000045776367,0.0,72.46399688720703,True,True,84.01000213623047,0.0,74.24600219726562,True,True,50.290000915527344,0.0,75.16400146484375,True,True,35.529998779296875,0.0,91.7959976196289,True,True,38.54999923706055,0.0,73.6520004272461,True,True,36.18000030517578,0.0,67.56800079345703,True,True,39.7400016784668,0.0,68.61199951171875,True,True,46.43000030517578,0.0,75.0199966430664,True,True,38.290000915527344,0.0,74.83999633789062,True,True,38.61000061035156,0.0,76.44200134277344,True,True,39.0099983215332,0.0,66.72200012207031,True,True,-25.0,53.599998474121094,,,,41.05400085449219,210.0019989013672,41.50400161743164,144.0,36.0,
2021-08-05 23:00:00,,,,,31.6200008392334,0.0,72.13999938964844,True,True,83.45999908447266,0.0,74.19200134277344,True,True,50.27000045776367,0.0,75.11000061035156,True,True,34.47999954223633,0.0,91.95800018310547,True,True,36.34000015258789,0.0,73.61599731445312,True,True,38.61000061035156,0.0,68.68399810791016,True,True,39.86000061035156,0.0,68.80999755859375,True,True,45.279998779296875,0.0,74.93000030517578,True,True,39.09000015258789,0.0,74.71399688720703,True,True,42.04999923706055,0.0,76.44200134277344,True,True,42.619998931884766,0.0,66.50599670410156,True,True,-25.0,74.16000366210938,,,,41.05400085449219,210.0019989013672,41.395999908447266,144.0,36.0,
2021-08-05 23:15:00,,,,,35.970001220703125,0.0,72.10399627685547,True,True,89.08000183105469,0.0,74.15599822998047,True,True,45.790000915527344,0.0,75.11000061035156,True,True,37.13999938964844,0.0,91.77799987792969,True,True,39.810001373291016,0.0,73.50800323486328,True,True,38.36000061035156,0.0,68.73799896240234,True,True,39.0099983215332,0.0,68.52200317382812,True,True,43.93000030517578,0.0,75.00199890136719,True,True,39.41999816894531,0.0,74.83999633789062,True,True,41.34000015258789,0.0,76.42400360107422,True,True,42.90999984741211,0.0,66.4520034790039,True,True,-25.0,71.63999938964844,,,,41.0359992980957,210.0019989013672,41.37799835205078,144.0,36.0,
2021-08-05 23:30:00,,,,,40.130001068115234,0.0,72.28399658203125,True,True,82.33999633789062,0.0,74.12000274658203,True,True,46.33000183105469,0.0,75.09200286865234,True,True,38.36000061035156,0.0,92.6780014038086,True,True,36.0,0.0,73.68800354003906,True,True,37.959999084472656,0.0,68.57599639892578,True,True,39.68000030517578,0.0,68.41400146484375,True,True,43.20000076293945,0.0,74.91200256347656,True,True,40.540000915527344,0.0,74.80400085449219,True,True,38.439998626708984,0.0,76.40599822998047,True,True,40.20000076293945,0.0,66.41600036621094,True,True,-25.0,78.6500015258789,,,,44.36600112915039,210.0019989013672,44.65399932861328,144.0,36.0,
2021-08-05 23:45:00,,,,,41.869998931884766,0.0,72.1760025024414,True,True,87.36000061035156,0.0,74.10199737548828,True,True,55.099998474121094,0.0,75.11000061035156,True,True,39.900001525878906,0.0,84.7760009765625,True,True,42.0099983215332,0.0,73.58000183105469,True,True,43.58000183105469,0.0,67.35199737548828,True,True,39.38999938964844,0.0,68.37799835205078,True,True,44.36000061035156,0.0,75.00199890136719,True,True,36.7599983215332,0.0,74.6780014038086,True,True,40.27000045776367,0.0,76.40599822998047,True,True,40.02000045776367,0.0,66.73999786376953,True,True,-25.0,73.80999755859375,,,,44.20399856567383,210.0019989013672,45.17599868774414,152.0,38.0,
2021-08-06 00:00:00,,,,,38.5,0.0,71.94200134277344,True,True,92.95999908447266,0.0,74.19200134277344,True,True,48.59000015258789,0.0,75.09200286865234,True,True,39.16999816894531,0.0,87.27799987792969,True,True,36.16999816894531,0.0,73.58000183105469,True,True,39.68000030517578,0.0,67.22599792480469,True,True,38.75,0.0,67.96399688720703,True,True,47.25,0.0,75.18199920654297,True,True,35.939998626708984,0.0,74.91200256347656,True,True,37.08000183105469,0.0,76.35199737548828,True,True,43.880001068115234,0.0,66.50599670410156,True,True,-25.0,73.25,,,,44.09600067138672,210.0019989013672,44.54600143432617,144.0,36.0,
2021-08-06 00:15:00,,,,,40.130001068115234,0.0,72.21199798583984,True,True,95.48999786376953,0.0,74.22799682617188,True,True,50.25,0.0,75.09200286865234,True,True,37.11000061035156,0.0,86.55799865722656,True,True,35.47999954223633,0.0,73.56199645996094,True,True,39.810001373291016,0.0,67.71199798583984,True,True,43.56999969482422,0.0,67.42400360107422,True,True,49.7400016784668,0.0,75.30799865722656,True,True,39.349998474121094,0.0,74.6780014038086,True,True,46.779998779296875,0.0,76.26200103759766,True,True,41.97999954223633,0.0,65.91200256347656,True,True,-25.0,73.48999786376953,,,,43.62799835205078,210.0019989013672,44.13199996948242,144.0,36.0,
2021-08-06 00:30:00,,,,,35.060001373291016,0.0,71.92400360107422,True,True,96.05999755859375,0.0,74.28199768066406,True,True,49.150001525878906,0.0,75.16400146484375,True,True,37.11000061035156,0.0,86.03600311279297,True,True,39.41999816894531,0.0,73.54399871826172,True,True,40.119998931884766,0.0,67.65799713134766,True,True,40.400001525878906,0.0,67.74800109863281,True,True,45.68000030517578,0.0,74.73200225830078,True,True,37.630001068115234,0.0,74.6780014038086,True,True,46.93000030517578,0.0,76.24400329589844,True,True,40.119998931884766,0.0,66.14600372314453,True,True,-25.0,73.33999633789062,,,,43.01599884033203,210.0019989013672,43.4119987487793,144.0,36.0,
2021-08-06 00:45:00,,,,,40.290000915527344,0.0,71.97799682617188,True,True,96.41999816894531,0.0,74.35399627685547,True,True,50.47999954223633,0.0,75.11000061035156,True,True,39.209999084472656,0.0,90.03199768066406,True,True,37.650001525878906,0.0,73.61599731445312,True,True,37.56999969482422,0.0,66.93800354003906,True,True,42.119998931884766,0.0,67.78399658203125,True,True,48.029998779296875,0.0,74.947998046875,True,True,38.369998931884766,0.0,74.64199829101562,True,True,39.61000061035156,0.0,76.24400329589844,True,True,45.52000045776367,0.0,66.14600372314453,True,True,-25.0,72.44999694824219,,,,43.358001708984375,210.0019989013672,43.70000076293945,144.0,36.0,
2021-08-06 01:00:00,,,,,39.459999084472656,0.0,71.58200073242188,True,True,98.51000213623047,0.0,74.31800079345703,True,True,50.81999969482422,0.0,75.0199966430664,True,True,35.869998931884766,0.0,90.71600341796875,True,True,38.16999816894531,0.0,73.43599700927734,True,True,37.540000915527344,0.0,67.15399932861328,True,True,42.720001220703125,0.0,67.94599914550781,True,True,47.77000045776367,0.0,74.98400115966797,True,True,39.06999969482422,0.0,74.6780014038086,True,True,42.709999084472656,0.0,76.24400329589844,True,True,48.45000076293945,0.0,66.03800201416016,True,True,-25.0,72.30000305175781,,,,43.95199966430664,210.0019989013672,44.3120002746582,144.0,36.0,
2021-08-06 01:15:00,,,,,33.349998474121094,0.0,71.63600158691406,True,True,90.0199966430664,0.0,74.22799682617188,True,True,52.33000183105469,0.0,75.09200286865234,True,True,36.68000030517578,0.0,91.61599731445312,True,True,39.22999954223633,0.0,73.5260009765625,True,True,37.400001525878906,0.0,66.79399871826172,True,True,41.349998474121094,0.0,67.9280014038086,True,True,45.45000076293945,0.0,75.03800201416016,True,True,36.810001373291016,0.0,74.6240005493164,True,True,37.77000045776367,0.0,76.27999877929688,True,True,39.79999923706055,0.0,66.21800231933594,True,True,-25.0,72.80999755859375,,,,44.56399917602539,210.0019989013672,45.08599853515625,144.0,36.0,
2021-08-06 01:30:00,,,,,43.15999984741211,0.0,71.2760009765625,True,True,92.41000366210938,0.0,74.31800079345703,True,True,53.790000915527344,0.0,75.11000061035156,True,True,37.540000915527344,0.0,91.7239990234375,True,True,38.72999954223633,0.0,73.4000015258789,True,True,38.86000061035156,0.0,67.69400024414062,True,True,42.04999923706055,0.0,67.85600280761719,True,True,44.59000015258789,0.0,75.00199890136719,True,True,37.45000076293945,0.0,74.60600280761719,True,True,42.099998474121094,0.0,76.26200103759766,True,True,39.7599983215332,0.0,65.96600341796875,True,True,-25.0,72.4800033569336,,,,44.5099983215332,210.0019989013672,45.06800079345703,144.0,36.0,
2021-08-06 01:45:00,,,,,38.900001525878906,0.0,71.56400299072266,True,True,92.80000305175781,0.0,74.24600219726562,True,True,54.83000183105469,0.0,75.03800201416016,True,True,38.7599983215332,0.0,92.13800048828125,True,True,36.81999969482422,0.0,73.4540023803711,True,True,41.86000061035156,0.0,66.63200378417969,True,True,42.790000915527344,0.0,67.49600219726562,True,True,49.849998474121094,0.0,75.0739974975586,True,True,38.040000915527344,0.0,74.64199829101562,True,True,39.59000015258789,0.0,76.2979965209961,True,True,43.58000183105469,0.0,65.78600311279297,True,True,-25.0,73.30999755859375,,,,44.36600112915039,210.0019989013672,44.88800048828125,152.0,38.0,
2021-08-06 02:00:00,,,,,41.34000015258789,0.0,70.9520034790039,True,True,96.2699966430664,0.0,74.31800079345703,True,True,54.11000061035156,0.0,75.03800201416016,True,True,38.779998779296875,0.0,86.46800231933594,True,True,38.68000030517578,0.0,73.34600067138672,True,True,42.95000076293945,0.0,66.63200378417969,True,True,44.220001220703125,0.0,67.58599853515625,True,True,48.61000061035156,0.0,74.80400085449219,True,True,38.79999923706055,0.0,74.58799743652344,True,True,40.34000015258789,0.0,76.24400329589844,True,True,42.2400016784668,0.0,65.6780014038086,True,True,-25.0,73.33999633789062,,,,44.54600143432617,210.0019989013672,44.762001037597656,144.0,36.0,
2021-08-06 02:15:00,,,,,34.790000915527344,0.0,70.68199920654297,True,True,97.3499984741211,0.0,74.37200164794922,True,True,53.7599983215332,0.0,75.05599975585938,True,True,38.529998779296875,0.0,85.78399658203125,True,True,40.06999969482422,0.0,73.3280029296875,True,True,42.310001373291016,0.0,67.33399963378906,True,True,44.33000183105469,0.0,67.60399627685547,True,True,51.41999816894531,0.0,75.39800262451172,True,True,38.040000915527344,0.0,74.552001953125,True,True,36.459999084472656,0.0,76.22599792480469,True,True,49.040000915527344,0.0,65.71399688720703,True,True,-25.0,75.6500015258789,,,,43.970001220703125,210.0019989013672,44.52799987792969,144.0,36.0,
2021-08-06 02:30:00,,,,,38.689998626708984,0.0,71.02400207519531,True,True,98.41999816894531,0.0,74.37200164794922,True,True,54.31999969482422,0.0,75.0739974975586,True,True,41.63999938964844,0.0,85.78399658203125,True,True,38.54999923706055,0.0,73.3280029296875,True,True,42.529998779296875,0.0,66.72200012207031,True,True,44.66999816894531,0.0,67.6760025024414,True,True,54.54999923706055,0.0,74.947998046875,True,True,39.59000015258789,0.0,74.53399658203125,True,True,42.4900016784668,0.0,76.22599792480469,True,True,40.90999984741211,0.0,65.85800170898438,True,True,-25.0,72.80999755859375,,,,43.89799880981445,210.0019989013672,44.18600082397461,144.0,36.0,
2021-08-06 02:45:00,,,,,44.720001220703125,0.0,71.43800354003906,True,True,95.16999816894531,0.0,74.37200164794922,True,True,54.20000076293945,0.0,75.0199966430664,True,True,41.34000015258789,0.0,85.74800109863281,True,True,39.310001373291016,0.0,73.3280029296875,True,True,42.439998626708984,0.0,66.99199676513672,True,True,44.4900016784668,0.0,67.60399627685547,True,True,48.099998474121094,0.0,75.0739974975586,True,True,40.029998779296875,0.0,74.552001953125,True,True,44.08000183105469,0.0,76.1719970703125,True,True,43.279998779296875,0.0,65.56999969482422,True,True,-25.0,72.88999938964844,,,,43.52000045776367,210.0019989013672,44.09600067138672,144.0,36.0,
2021-08-06 03:00:00,,,,,35.130001068115234,0.0,71.74400329589844,True,True,94.05999755859375,0.0,74.35399627685547,True,True,54.380001068115234,0.0,75.00199890136719,True,True,38.849998474121094,0.0,89.72599792480469,True,True,42.02000045776367,0.0,73.43599700927734,True,True,39.0,0.0,67.40599822998047,True,True,43.72999954223633,0.0,66.9020004272461,True,True,47.97999954223633,0.0,74.71399688720703,True,True,36.7400016784668,0.0,74.53399658203125,True,True,37.709999084472656,0.0,76.13600158691406,True,True,43.880001068115234,0.0,65.33599853515625,True,True,-25.0,74.31999969482422,,,,43.80799865722656,210.0019989013672,44.167999267578125,144.0,36.0,
2021-08-06 03:15:00,,,,,36.79999923706055,0.0,71.88800048828125,True,True,92.2699966430664,0.0,74.31800079345703,True,True,55.29999923706055,0.0,75.00199890136719,True,True,38.81999969482422,0.0,90.80599975585938,True,True,42.06999969482422,0.0,73.3280029296875,True,True,37.18000030517578,0.0,66.88400268554688,True,True,43.869998931884766,0.0,67.49600219726562,True,True,48.41999816894531,0.0,74.75,True,True,40.59000015258789,0.0,74.4260025024414,True,True,38.630001068115234,0.0,76.0999984741211,True,True,43.220001220703125,0.0,65.4260025024414,True,True,-25.0,72.81999969482422,,,,43.970001220703125,210.0019989013672,44.257999420166016,144.0,36.0,
2021-08-06 03:30:00,,,,,36.81999969482422,0.0,72.60800170898438,True,True,88.36000061035156,0.0,74.26399993896484,True,True,54.849998474121094,0.0,75.0199966430664,True,True,42.27000045776367,0.0,90.28399658203125,True,True,41.34000015258789,0.0,73.23799896240234,True,True,45.81999969482422,0.0,68.1259994506836,True,True,43.720001220703125,0.0,67.53199768066406,True,True,49.4900016784668,0.0,74.71399688720703,True,True,36.47999954223633,0.0,74.56999969482422,True,True,44.43000030517578,0.0,76.06400299072266,True,True,43.33000183105469,0.0,65.6780014038086,True,True,-25.0,73.79000091552734,,,,43.880001068115234,210.0019989013672,44.402000427246094,152.0,38.0,
2021-08-06 03:45:00,,,,,37.20000076293945,0.0,71.83399963378906,True,True,93.55000305175781,0.0,74.19200134277344,True,True,56.06999969482422,0.0,74.98400115966797,True,True,39.79999923706055,0.0,91.23799896240234,True,True,40.15999984741211,0.0,73.11199951171875,True,True,40.119998931884766,0.0,67.9280014038086,True,True,43.959999084472656,0.0,67.60399627685547,True,True,47.27000045776367,0.0,74.80400085449219,True,True,38.5,0.0,74.51599884033203,True,True,39.029998779296875,0.0,76.0459976196289,True,True,41.59000015258789,0.0,65.6780014038086,True,True,-25.0,72.5199966430664,,,,44.36600112915039,210.0019989013672,44.72600173950195,144.0,36.0,
2021-08-06 04:00:00,,,,,37.040000915527344,0.0,71.70800018310547,True,True,100.0,0.0,74.24600219726562,True,True,55.9900016784668,0.0,75.00199890136719,True,True,38.77000045776367,0.0,84.66799926757812,True,True,44.0,0.0,73.3280029296875,True,True,40.189998626708984,0.0,67.6760025024414,True,True,44.04999923706055,0.0,66.81199645996094,True,True,49.75,0.0,75.03800201416016,True,True,39.2599983215332,0.0,74.4260025024414,True,True,44.400001525878906,0.0,76.0459976196289,True,True,40.400001525878906,0.0,65.4260025024414,True,True,-25.0,72.79000091552734,,,,44.41999816894531,210.0019989013672,44.99599838256836,152.0,38.0,
2021-08-06 04:15:00,,,,,37.5099983215332,0.0,70.9520034790039,True,True,98.20999908447266,0.0,74.28199768066406,True,True,56.02000045776367,0.0,74.98400115966797,True,True,41.599998474121094,0.0,85.76599884033203,True,True,39.959999084472656,0.0,73.18399810791016,True,True,40.369998931884766,0.0,67.1719970703125,True,True,44.43000030517578,0.0,66.75800323486328,True,True,45.31999969482422,0.0,75.0199966430664,True,True,42.0,0.0,74.4800033569336,True,True,44.59000015258789,0.0,75.95600128173828,True,True,42.81999969482422,0.0,65.24600219726562,True,True,-25.0,72.80000305175781,,,,44.4379997253418,210.0019989013672,44.85200119018555,144.0,36.0,
2021-08-06 04:30:00,,,,,41.880001068115234,0.0,72.10399627685547,True,True,100.0,0.0,74.31800079345703,True,True,56.77000045776367,0.0,74.98400115966797,True,True,42.619998931884766,0.0,85.49600219726562,True,True,40.27000045776367,0.0,73.3280029296875,True,True,43.279998779296875,0.0,66.41600036621094,True,True,44.88999938964844,0.0,66.7040023803711,True,True,51.43000030517578,0.0,74.91200256347656,True,True,43.59000015258789,0.0,74.46199798583984,True,True,42.810001373291016,0.0,75.88400268554688,True,True,38.75,0.0,65.31800079345703,True,True,-25.0,72.37000274658203,,,,44.33000183105469,210.0019989013672,44.672000885009766,144.0,36.0,
2021-08-06 04:45:00,,,,,38.06999969482422,0.0,71.29399871826172,True,True,100.0,0.0,74.37200164794922,True,True,57.599998474121094,0.0,75.00199890136719,True,True,39.13999938964844,0.0,85.96399688720703,True,True,40.68000030517578,0.0,73.38200378417969,True,True,42.63999938964844,0.0,66.48799896240234,True,True,44.650001525878906,0.0,66.79399871826172,True,True,48.58000183105469,0.0,74.89399719238281,True,True,43.779998779296875,0.0,74.4260025024414,True,True,43.869998931884766,0.0,75.86599731445312,True,True,44.95000076293945,0.0,65.26399993896484,True,True,-25.0,73.31999969482422,,,,44.18600082397461,210.0019989013672,44.70800018310547,144.0,36.0,
2021-08-06 05:00:00,,,,,39.5099983215332,0.0,70.66400146484375,True,True,100.0,0.0,74.38999938964844,True,True,55.81999969482422,0.0,74.98400115966797,True,True,39.939998626708984,0.0,87.4219970703125,True,True,46.720001220703125,0.0,73.25599670410156,True,True,43.310001373291016,0.0,67.65799713134766,True,True,45.790000915527344,0.0,66.79399871826172,True,True,46.630001068115234,0.0,74.96600341796875,True,True,38.02000045776367,0.0,74.46199798583984,True,True,43.5099983215332,0.0,75.8479995727539,True,True,43.66999816894531,0.0,65.31800079345703,True,True,-25.0,74.3499984741211,,,,44.13199996948242,210.0019989013672,44.54600143432617,144.0,36.0,
2021-08-06 05:15:00,,,,,38.58000183105469,0.0,70.64600372314453,True,True,100.0,0.0,74.37200164794922,True,True,55.959999084472656,0.0,74.947998046875,True,True,39.72999954223633,0.0,89.74400329589844,True,True,41.72999954223633,0.0,73.18399810791016,True,True,42.18000030517578,0.0,67.69400024414062,True,True,43.84000015258789,0.0,67.27999877929688,True,True,51.41999816894531,0.0,74.73200225830078,True,True,38.09000015258789,0.0,74.31800079345703,True,True,42.95000076293945,0.0,75.8479995727539,True,True,43.27000045776367,0.0,65.20999908447266,True,True,-25.0,73.30999755859375,,,,43.933998107910156,210.0019989013672,44.36600112915039,144.0,36.0,
2021-08-06 05:30:00,,,,,43.59000015258789,0.0,71.38400268554688,True,True,100.0,0.0,74.35399627685547,True,True,55.119998931884766,0.0,74.98400115966797,True,True,39.90999984741211,0.0,89.83399963378906,True,True,38.93000030517578,0.0,73.09400177001953,True,True,37.86000061035156,0.0,67.62200164794922,True,True,43.119998931884766,0.0,66.7040023803711,True,True,49.310001373291016,0.0,74.98400115966797,True,True,37.9900016784668,0.0,74.37200164794922,True,True,41.18000030517578,0.0,75.8479995727539,True,True,43.470001220703125,0.0,65.31800079345703,True,True,-25.0,73.56999969482422,,,,44.11399841308594,210.0019989013672,44.347999572753906,152.0,38.0,
2021-08-06 05:45:00,,,,,32.650001525878906,0.0,71.5459976196289,True,True,100.0,0.0,74.26399993896484,True,True,56.04999923706055,0.0,74.98400115966797,True,True,40.220001220703125,0.0,90.3740005493164,True,True,38.66999816894531,0.0,73.14800262451172,True,True,35.97999954223633,0.0,67.60399627685547,True,True,41.779998779296875,0.0,66.68599700927734,True,True,47.720001220703125,0.0,74.85800170898438,True,True,36.91999816894531,0.0,74.31800079345703,True,True,42.58000183105469,0.0,75.86599731445312,True,True,43.459999084472656,0.0,65.26399993896484,True,True,-25.0,72.94999694824219,,,,43.75400161743164,210.0019989013672,44.22200012207031,144.0,36.0,
2021-08-06 06:00:00,,,,,40.7400016784668,0.0,71.45600128173828,True,True,100.0,0.0,74.26399993896484,True,True,55.0,0.0,75.0199966430664,True,True,40.66999816894531,0.0,88.35800170898438,True,True,41.16999816894531,0.0,73.23799896240234,True,True,36.619998931884766,0.0,66.23600006103516,True,True,41.52000045776367,0.0,66.4520034790039,True,True,50.790000915527344,0.0,74.89399719238281,True,True,37.279998779296875,0.0,74.31800079345703,True,True,44.279998779296875,0.0,75.8479995727539,True,True,43.09000015258789,0.0,65.26399993896484,True,True,-25.0,72.83999633789062,,,,43.2859992980957,210.0019989013672,43.86199951171875,152.0,38.0,
2021-08-06 06:15:00,,,,,35.630001068115234,0.0,71.4020004272461,True,True,100.0,0.0,74.26399993896484,True,True,55.279998779296875,0.0,74.96600341796875,True,True,38.41999816894531,0.0,85.2979965209961,True,True,40.22999954223633,0.0,73.14800262451172,True,True,35.970001220703125,0.0,65.8759994506836,True,True,41.880001068115234,0.0,66.54199981689453,True,True,49.560001373291016,0.0,75.0199966430664,True,True,39.4900016784668,0.0,74.26399993896484,True,True,40.5099983215332,0.0,75.79399871826172,True,True,43.630001068115234,0.0,65.08399963378906,True,True,-25.0,72.5999984741211,,,,44.13199996948242,210.0019989013672,44.70800018310547,144.0,36.0,
2021-08-06 06:30:00,,,,,34.54999923706055,0.0,70.53800201416016,True,True,100.0,0.0,74.20999908447266,True,True,57.02000045776367,0.0,74.96600341796875,True,True,35.779998779296875,0.0,84.7040023803711,True,True,40.189998626708984,0.0,73.16600036621094,True,True,34.459999084472656,0.0,65.44400024414062,True,True,41.470001220703125,0.0,66.91999816894531,True,True,50.619998931884766,0.0,74.66000366210938,True,True,36.720001220703125,0.0,74.31800079345703,True,True,38.11000061035156,0.0,75.75800323486328,True,True,43.689998626708984,0.0,65.31800079345703,True,True,-25.0,71.88999938964844,,,,44.36600112915039,210.0019989013672,44.72600173950195,144.0,36.0,
2021-08-06 06:45:00,,,,,42.209999084472656,0.0,70.68199920654297,True,True,100.0,0.0,74.20999908447266,True,True,57.16999816894531,0.0,74.91200256347656,True,True,39.75,0.0,83.49800109863281,True,True,39.79999923706055,0.0,73.14800262451172,True,True,39.61000061035156,0.0,66.54199981689453,True,True,41.45000076293945,0.0,66.86599731445312,True,True,50.61000061035156,0.0,74.8219985961914,True,True,36.45000076293945,0.0,74.26399993896484,True,True,42.5099983215332,0.0,75.7760009765625,True,True,40.45000076293945,0.0,65.4260025024414,True,True,-25.0,70.61000061035156,,,,44.492000579833984,210.0019989013672,44.97800064086914,144.0,36.0,
2021-08-06 07:00:00,,,,,43.72999954223633,0.0,71.02400207519531,True,True,90.4000015258789,0.0,74.31800079345703,True,True,57.380001068115234,0.0,74.91200256347656,True,True,47.25,0.0,85.40599822998047,True,True,38.189998626708984,0.0,73.14800262451172,True,True,36.04999923706055,0.0,65.8759994506836,True,True,42.70000076293945,0.0,66.7040023803711,True,True,47.9900016784668,0.0,74.75,True,True,39.15999984741211,0.0,74.28199768066406,True,True,41.130001068115234,0.0,75.75800323486328,True,True,40.59000015258789,0.0,65.4260025024414,True,True,-25.0,65.80999755859375,,,,44.582000732421875,210.0019989013672,45.24800109863281,152.0,38.0,
2021-08-06 07:15:00,,,,,40.220001220703125,0.0,71.36599731445312,True,True,91.47000122070312,0.0,74.37200164794922,True,True,56.849998474121094,0.0,74.93000030517578,True,True,50.38999938964844,0.0,89.45600128173828,True,True,39.34000015258789,0.0,73.12999725341797,True,True,36.0,0.0,65.8219985961914,True,True,42.939998626708984,0.0,66.32599639892578,True,True,46.15999984741211,0.0,74.60600280761719,True,True,40.040000915527344,0.0,74.30000305175781,True,True,44.41999816894531,0.0,75.7040023803711,True,True,42.7400016784668,0.0,64.7239990234375,True,True,-25.0,69.13999938964844,,,,41.215999603271484,210.0019989013672,41.737998962402344,144.0,36.0,
2021-08-06 07:30:00,,,,,38.209999084472656,0.0,66.95600128173828,True,True,88.05999755859375,0.0,74.33599853515625,True,True,52.470001220703125,0.0,74.93000030517578,True,True,49.220001220703125,0.0,90.24800109863281,True,True,37.5099983215332,0.0,72.96800231933594,True,True,32.88999938964844,0.0,65.91200256347656,True,True,43.7400016784668,0.0,66.50599670410156,True,True,51.380001068115234,0.0,74.49800109863281,True,True,40.709999084472656,0.0,74.37200164794922,True,True,40.72999954223633,0.0,75.7040023803711,True,True,41.70000076293945,0.0,64.95800018310547,True,True,-25.0,67.30000305175781,,,,41.14400100708008,210.0019989013672,41.683998107910156,144.0,36.0,
2021-08-06 07:45:00,,,,,39.099998474121094,0.0,66.00199890136719,True,True,87.19000244140625,0.0,74.19200134277344,True,True,47.040000915527344,0.0,74.89399719238281,True,True,50.63999938964844,0.0,90.1760025024414,True,True,39.29999923706055,0.0,73.04000091552734,True,True,31.290000915527344,0.0,65.60600280761719,True,True,44.38999938964844,0.0,66.73999786376953,True,True,48.91999816894531,0.0,74.76799774169922,True,True,41.16999816894531,0.0,74.31800079345703,True,True,45.18000030517578,0.0,75.7040023803711,True,True,41.70000076293945,0.0,65.08399963378906,True,True,-25.0,67.7300033569336,,,,40.85599899291992,210.0019989013672,41.305999755859375,152.0,38.0,
2021-08-06 08:00:00,,,,,40.150001525878906,0.0,65.6780014038086,True,True,87.30999755859375,0.0,74.01200103759766,True,True,51.02000045776367,0.0,74.91200256347656,True,True,48.43000030517578,0.0,76.71199798583984,True,True,37.5099983215332,0.0,73.04000091552734,True,True,29.479999542236328,0.0,65.6240005493164,True,True,40.220001220703125,0.0,66.43399810791016,True,True,48.22999954223633,0.0,74.64199829101562,True,True,38.0099983215332,0.0,74.22799682617188,True,True,46.58000183105469,0.0,75.68599700927734,True,True,39.65999984741211,0.0,64.95800018310547,True,True,-25.0,65.80000305175781,,,,41.23400115966797,210.0019989013672,41.683998107910156,152.0,38.0,
2021-08-06 08:15:00,,,,,40.880001068115234,0.0,66.0199966430664,True,True,83.62999725341797,0.0,73.99400329589844,True,True,50.70000076293945,0.0,74.91200256347656,True,True,46.91999816894531,0.0,81.05000305175781,True,True,40.56999969482422,0.0,72.98600006103516,True,True,27.75,0.0,65.01200103759766,True,True,42.380001068115234,0.0,66.54199981689453,True,True,47.18000030517578,0.0,74.51599884033203,True,True,36.4900016784668,0.0,74.22799682617188,True,True,32.650001525878906,0.0,75.5780029296875,True,True,46.20000076293945,0.0,65.01200103759766,True,True,-25.0,65.36000061035156,,,,41.32400131225586,210.0019989013672,41.75600051879883,160.0,40.0,
2021-08-06 08:30:00,,,,,36.310001373291016,0.0,65.83999633789062,True,True,83.69000244140625,0.0,74.0479965209961,True,True,46.29999923706055,0.0,74.80400085449219,True,True,47.59000015258789,0.0,81.98600006103516,True,True,35.04999923706055,0.0,72.96800231933594,True,True,30.540000915527344,0.0,65.64199829101562,True,True,41.400001525878906,0.0,66.41600036621094,True,True,46.150001525878906,0.0,74.6240005493164,True,True,35.380001068115234,0.0,74.24600219726562,True,True,39.529998779296875,0.0,75.54199981689453,True,True,39.31999969482422,0.0,64.90399932861328,True,True,-25.0,65.80999755859375,,,,41.34199905395508,210.0019989013672,41.79199981689453,152.0,38.0,
2021-08-06 08:45:00,,,,,37.7400016784668,0.0,66.00199890136719,True,True,83.5999984741211,0.0,74.13800048828125,True,True,53.5099983215332,0.0,74.85800170898438,True,True,47.86000061035156,0.0,82.66999816894531,True,True,39.83000183105469,0.0,73.04000091552734,True,True,29.3700008392334,0.0,65.552001953125,True,True,42.130001068115234,0.0,66.32599639892578,True,True,44.720001220703125,0.0,74.4800033569336,True,True,36.869998931884766,0.0,74.20999908447266,True,True,37.779998779296875,0.0,75.50599670410156,True,True,38.25,0.0,64.7239990234375,True,True,-25.0,59.84000015258789,,,,41.32400131225586,210.0019989013672,41.75600051879883,152.0,38.0,
2021-08-06 09:00:00,,,,,33.560001373291016,0.0,65.98400115966797,True,True,87.7699966430664,0.0,74.08399963378906,True,True,50.25,0.0,74.91200256347656,True,True,51.130001068115234,0.0,81.78800201416016,True,True,38.18000030517578,0.0,73.09400177001953,True,True,32.11000061035156,0.0,65.44400024414062,True,True,42.099998474121094,0.0,66.25399780273438,True,True,47.869998931884766,0.0,74.58799743652344,True,True,36.540000915527344,0.0,74.26399993896484,True,True,40.189998626708984,0.0,75.59600067138672,True,True,39.11000061035156,0.0,64.86799621582031,True,True,-25.0,78.87000274658203,,,,41.23400115966797,210.0019989013672,41.70199966430664,160.0,40.0,
2021-08-06 09:15:00,,,,,33.18000030517578,0.0,66.54199981689453,True,True,81.98999786376953,0.0,74.06600189208984,True,True,46.56999969482422,0.0,74.8759994506836,True,True,48.75,0.0,82.41799926757812,True,True,40.08000183105469,0.0,73.07599639892578,True,True,32.06999969482422,0.0,66.21800231933594,True,True,41.720001220703125,0.0,66.27200317382812,True,True,45.83000183105469,0.0,74.33599853515625,True,True,37.290000915527344,0.0,74.19200134277344,True,True,42.0,0.0,75.5780029296875,True,True,39.58000183105469,0.0,65.08399963378906,True,True,-25.0,68.3499984741211,,,,41.55799865722656,210.0019989013672,42.04399871826172,160.0,40.0,
2021-08-06 09:30:00,,,,,33.93000030517578,0.0,67.53199768066406,True,True,88.47000122070312,0.0,74.13800048828125,True,True,52.849998474121094,0.0,74.93000030517578,True,True,50.040000915527344,0.0,81.31999969482422,True,True,37.029998779296875,0.0,73.11199951171875,True,True,33.119998931884766,0.0,66.25399780273438,True,True,41.959999084472656,0.0,66.23600006103516,True,True,43.70000076293945,0.0,74.58799743652344,True,True,40.66999816894531,0.0,74.19200134277344,True,True,41.38999938964844,0.0,75.55999755859375,True,True,39.029998779296875,0.0,65.02999877929688,True,True,-25.0,65.86000061035156,,,,40.74800109863281,210.0019989013672,41.23400115966797,160.0,40.0,
2021-08-06 09:45:00,,,,,38.61000061035156,0.0,67.44200134277344,True,True,83.70999908447266,0.0,74.10199737548828,True,True,45.279998779296875,0.0,74.89399719238281,True,True,49.470001220703125,0.0,82.16600036621094,True,True,38.5,0.0,73.14800262451172,True,True,31.209999084472656,0.0,66.43399810791016,True,True,41.63999938964844,0.0,66.50599670410156,True,True,45.959999084472656,0.0,74.53399658203125,True,True,36.5,0.0,74.22799682617188,True,True,39.599998474121094,0.0,75.5780029296875,True,True,42.27000045776367,0.0,65.13800048828125,True,True,-25.0,67.30999755859375,,,,41.720001220703125,210.0019989013672,42.152000427246094,152.0,38.0,
2021-08-06 10:00:00,,,,,40.68000030517578,0.0,68.34200286865234,True,True,88.0,0.0,74.10199737548828,True,True,50.02000045776367,0.0,74.91200256347656,True,True,55.0099983215332,0.0,83.24600219726562,True,True,39.56999969482422,0.0,73.18399810791016,True,True,31.579999923706055,0.0,66.8479995727539,True,True,41.63999938964844,0.0,66.43399810791016,True,True,43.54999923706055,0.0,74.66000366210938,True,True,37.41999816894531,0.0,74.19200134277344,True,True,40.720001220703125,0.0,75.5780029296875,True,True,41.880001068115234,0.0,65.20999908447266,True,True,-25.0,67.80000305175781,,,,41.70199966430664,210.0019989013672,42.13399887084961,160.0,40.0,
2021-08-06 10:15:00,,,,,40.119998931884766,0.0,68.86399841308594,True,True,82.75,0.0,74.06600189208984,True,True,49.689998626708984,0.0,74.947998046875,True,True,51.29999923706055,0.0,84.32599639892578,True,True,41.130001068115234,0.0,73.27400207519531,True,True,32.279998779296875,0.0,67.2979965209961,True,True,40.41999816894531,0.0,66.9020004272461,True,True,44.59000015258789,0.0,74.71399688720703,True,True,39.630001068115234,0.0,74.20999908447266,True,True,36.310001373291016,0.0,75.52400207519531,True,True,39.7400016784668,0.0,66.14600372314453,True,True,-25.0,64.81999969482422,,,,42.27799987792969,210.0019989013672,42.47600173950195,160.0,40.0,
2021-08-06 10:30:00,,,,,44.18000030517578,0.0,69.60199737548828,True,True,84.83000183105469,0.0,74.13800048828125,True,True,51.45000076293945,0.0,74.947998046875,True,True,52.95000076293945,0.0,86.1259994506836,True,True,40.0,0.0,73.5260009765625,True,True,34.810001373291016,0.0,68.57599639892578,True,True,41.900001525878906,0.0,67.19000244140625,True,True,43.90999984741211,0.0,74.51599884033203,True,True,37.529998779296875,0.0,74.19200134277344,True,True,41.310001373291016,0.0,75.50599670410156,True,True,40.22999954223633,0.0,66.61399841308594,True,True,-25.0,66.31999969482422,,,,43.124000549316406,210.0019989013672,43.321998596191406,160.0,40.0,
2021-08-06 10:45:00,,,,,41.439998626708984,0.0,69.99800109863281,True,True,91.19999694824219,0.0,74.10199737548828,True,True,53.150001525878906,0.0,74.96600341796875,True,True,47.130001068115234,0.0,86.91799926757812,True,True,42.75,0.0,73.5260009765625,True,True,37.06999969482422,0.0,69.47599792480469,True,True,41.7400016784668,0.0,67.6760025024414,True,True,46.81999969482422,0.0,74.8759994506836,True,True,37.22999954223633,0.0,74.22799682617188,True,True,36.29999923706055,0.0,75.50599670410156,True,True,40.310001373291016,0.0,67.0999984741211,True,True,-25.0,64.29000091552734,,,,44.18600082397461,210.0019989013672,44.41999816894531,160.0,40.0,
2021-08-06 11:00:00,,,,,44.130001068115234,0.0,70.3219985961914,True,True,93.63999938964844,0.0,74.02999877929688,True,True,60.619998931884766,0.0,75.0199966430664,True,True,47.38999938964844,0.0,88.01599884033203,True,True,44.900001525878906,0.0,73.68800354003906,True,True,39.25,0.0,70.62799835205078,True,True,42.58000183105469,0.0,68.3239974975586,True,True,46.93000030517578,0.0,74.83999633789062,True,True,37.130001068115234,0.0,74.22799682617188,True,True,40.4900016784668,0.0,75.5780029296875,True,True,42.38999938964844,0.0,68.10800170898438,True,True,-25.0,65.16000366210938,,,,45.15800094604492,210.0019989013672,45.6619987487793,160.0,40.0,
2021-08-06 11:15:00,,,,,46.84000015258789,0.0,71.3479995727539,True,True,91.0999984741211,0.0,74.0479965209961,True,True,54.45000076293945,0.0,74.947998046875,True,True,48.060001373291016,0.0,88.46600341796875,True,True,41.16999816894531,0.0,73.70600128173828,True,True,36.349998474121094,0.0,70.55599975585938,True,True,43.29999923706055,0.0,68.59400177001953,True,True,44.41999816894531,0.0,75.03800201416016,True,True,39.45000076293945,0.0,74.33599853515625,True,True,38.349998474121094,0.0,75.59600067138672,True,True,43.45000076293945,0.0,68.34200286865234,True,True,-25.0,68.95999908447266,,,,45.15800094604492,210.0019989013672,45.75199890136719,160.0,40.0,
2021-08-06 11:30:00,,,,,47.380001068115234,0.0,72.24800109863281,True,True,97.16000366210938,0.0,74.06600189208984,True,True,55.369998931884766,0.0,75.0199966430664,True,True,48.25,0.0,84.86599731445312,True,True,40.310001373291016,0.0,73.77799987792969,True,True,32.560001373291016,0.0,71.70800018310547,True,True,44.720001220703125,0.0,69.0979995727539,True,True,47.04999923706055,0.0,75.18199920654297,True,True,39.66999816894531,0.0,74.35399627685547,True,True,42.380001068115234,0.0,75.63200378417969,True,True,47.02000045776367,0.0,69.31400299072266,True,True,-25.0,68.44000244140625,,,,45.6619987487793,210.0019989013672,46.02199935913086,160.0,40.0,
2021-08-06 11:45:00,,,,,46.61000061035156,0.0,71.61799621582031,True,True,99.23999786376953,0.0,74.13800048828125,True,True,59.08000183105469,0.0,74.98400115966797,True,True,48.77000045776367,0.0,84.68599700927734,True,True,58.369998931884766,0.0,73.76000213623047,True,True,41.34000015258789,0.0,72.64399719238281,True,True,44.68000030517578,0.0,69.4219970703125,True,True,47.66999816894531,0.0,75.14600372314453,True,True,44.150001525878906,0.0,74.4260025024414,True,True,42.75,0.0,75.63200378417969,True,True,46.2400016784668,0.0,69.63800048828125,True,True,-25.0,71.43000030517578,,,,45.374000549316406,210.0019989013672,45.87799835205078,168.0,42.0,
2021-08-06 12:00:00,,,,,42.2599983215332,0.0,72.64399719238281,True,True,100.0,0.0,74.19200134277344,True,True,56.09000015258789,0.0,75.03800201416016,True,True,48.65999984741211,0.0,85.11799621582031,True,True,40.189998626708984,0.0,73.8499984741211,True,True,44.150001525878906,0.0,73.7239990234375,True,True,45.439998626708984,0.0,69.65599822998047,True,True,48.880001068115234,0.0,75.21800231933594,True,True,40.349998474121094,0.0,74.40799713134766,True,True,44.560001373291016,0.0,75.7760009765625,True,True,41.02000045776367,0.0,69.90799713134766,True,True,-25.0,69.7699966430664,,,,44.97800064086914,210.0019989013672,45.391998291015625,152.0,38.0,
2021-08-06 12:15:00,,,,,46.560001373291016,0.0,73.14800262451172,True,True,100.0,0.0,74.19200134277344,True,True,56.060001373291016,0.0,75.12799835205078,True,True,47.86000061035156,0.0,85.76599884033203,True,True,39.869998931884766,0.0,73.8499984741211,True,True,44.47999954223633,0.0,75.05599975585938,True,True,46.150001525878906,0.0,70.1780014038086,True,True,46.84000015258789,0.0,75.18199920654297,True,True,44.540000915527344,0.0,74.44400024414062,True,True,41.08000183105469,0.0,75.83000183105469,True,True,48.31999969482422,0.0,70.5739974975586,True,True,-25.0,68.75,,,,44.72600173950195,210.0019989013672,45.35599899291992,160.0,40.0,
2021-08-06 12:30:00,,,,,52.04999923706055,0.0,74.6780014038086,True,True,100.0,0.0,74.19200134277344,True,True,59.619998931884766,0.0,75.09200286865234,True,True,46.41999816894531,0.0,87.20600128173828,True,True,44.310001373291016,0.0,73.90399932861328,True,True,45.959999084472656,0.0,75.4520034790039,True,True,46.779998779296875,0.0,70.89800262451172,True,True,46.77000045776367,0.0,75.27200317382812,True,True,39.38999938964844,0.0,74.4800033569336,True,True,40.849998474121094,0.0,75.7760009765625,True,True,43.59000015258789,0.0,71.16799926757812,True,True,-25.0,69.31999969482422,,,,44.88800048828125,210.0019989013672,45.301998138427734,160.0,40.0,
2021-08-06 12:45:00,,,,,48.79999923706055,0.0,75.7040023803711,True,True,100.0,0.0,74.20999908447266,True,True,57.400001525878906,0.0,75.05599975585938,True,True,47.91999816894531,0.0,91.77799987792969,True,True,40.470001220703125,0.0,73.94000244140625,True,True,43.61000061035156,0.0,75.43399810791016,True,True,44.16999816894531,0.0,71.52799987792969,True,True,48.790000915527344,0.0,75.48799896240234,True,True,42.18000030517578,0.0,74.44400024414062,True,True,42.900001525878906,0.0,75.7040023803711,True,True,46.13999938964844,0.0,72.35600280761719,True,True,-25.0,69.80999755859375,,,,44.5099983215332,210.0019989013672,45.22999954223633,152.0,38.0,
2021-08-06 13:00:00,,,,,47.22999954223633,0.0,75.83000183105469,True,True,100.0,0.0,74.19200134277344,True,True,56.2400016784668,0.0,75.12799835205078,True,True,46.959999084472656,0.0,92.80400085449219,True,True,43.959999084472656,0.0,73.90399932861328,True,True,44.95000076293945,0.0,76.60399627685547,True,True,44.5099983215332,0.0,72.46399688720703,True,True,50.29999923706055,0.0,75.23600006103516,True,True,38.7400016784668,0.0,74.44400024414062,True,True,44.369998931884766,0.0,75.75800323486328,True,True,48.0099983215332,0.0,73.29199981689453,True,True,-25.0,68.31999969482422,,,,45.06800079345703,210.0019989013672,45.4640007019043,160.0,40.0,
2021-08-06 13:15:00,,,,,50.02000045776367,0.0,77.66600036621094,True,True,100.0,0.0,74.20999908447266,True,True,63.939998626708984,0.0,75.11000061035156,True,True,47.70000076293945,0.0,93.95600128173828,True,True,40.66999816894531,0.0,73.97599792480469,True,True,44.15999984741211,0.0,76.69400024414062,True,True,44.72999954223633,0.0,73.09400177001953,True,True,51.310001373291016,0.0,75.36199951171875,True,True,38.54999923706055,0.0,74.40799713134766,True,True,41.810001373291016,0.0,75.81199645996094,True,True,42.630001068115234,0.0,73.94000244140625,True,True,-25.0,69.54000091552734,,,,44.959999084472656,210.0019989013672,45.35599899291992,168.0,42.0,
2021-08-06 13:30:00,,,,,51.220001220703125,0.0,77.66600036621094,True,True,89.30999755859375,0.0,74.19200134277344,True,True,57.7400016784668,0.0,75.14600372314453,True,True,47.52000045776367,0.0,95.57599639892578,True,True,40.25,0.0,74.0479965209961,True,True,46.09000015258789,0.0,76.96399688720703,True,True,44.13999938964844,0.0,73.61599731445312,True,True,51.150001525878906,0.0,75.34400177001953,True,True,40.0,0.0,74.4800033569336,True,True,43.709999084472656,0.0,75.81199645996094,True,True,43.650001525878906,0.0,74.4800033569336,True,True,-25.0,70.05999755859375,,,,45.12200164794922,210.0019989013672,45.4640007019043,160.0,40.0,
2021-08-06 13:45:00,,,,,49.439998626708984,0.0,77.48600006103516,True,True,91.7300033569336,0.0,74.26399993896484,True,True,57.150001525878906,0.0,75.18199920654297,True,True,47.33000183105469,0.0,96.40399932861328,True,True,43.52000045776367,0.0,74.0479965209961,True,True,47.29999923706055,0.0,77.03600311279297,True,True,45.45000076293945,0.0,74.08399963378906,True,True,52.439998626708984,0.0,75.37999725341797,True,True,40.02000045776367,0.0,74.4800033569336,True,True,45.939998626708984,0.0,75.81199645996094,True,True,52.13999938964844,0.0,75.63200378417969,True,True,-25.0,71.16000366210938,,,,45.374000549316406,210.0019989013672,45.78799819946289,168.0,42.0,
2021-08-06 14:00:00,,,,,50.599998474121094,0.0,76.76599884033203,True,True,94.06999969482422,0.0,74.33599853515625,True,True,60.290000915527344,0.0,75.14600372314453,True,True,47.4900016784668,0.0,96.3499984741211,True,True,39.7599983215332,0.0,74.08399963378906,True,True,48.189998626708984,0.0,77.68399810791016,True,True,45.97999954223633,0.0,74.10199737548828,True,True,54.38999938964844,0.0,75.4520034790039,True,True,40.65999984741211,0.0,74.51599884033203,True,True,44.68000030517578,0.0,75.9739990234375,True,True,49.84000015258789,0.0,75.4520034790039,True,True,-25.0,69.66000366210938,,,,45.518001556396484,210.0019989013672,45.96799850463867,160.0,40.0,
2021-08-06 14:15:00,,,,,49.18000030517578,0.0,78.1520004272461,True,True,100.0,0.0,74.37200164794922,True,True,62.380001068115234,0.0,75.18199920654297,True,True,47.5099983215332,0.0,97.14199829101562,True,True,44.540000915527344,0.0,74.12000274658203,True,True,49.09000015258789,0.0,75.88400268554688,True,True,46.040000915527344,0.0,74.38999938964844,True,True,50.5,0.0,75.21800231933594,True,True,41.9900016784668,0.0,74.56999969482422,True,True,45.650001525878906,0.0,75.99199676513672,True,True,59.52000045776367,0.0,75.19999694824219,True,True,-25.0,69.81999969482422,,,,45.104000091552734,210.0019989013672,45.715999603271484,160.0,40.0,
2021-08-06 14:30:00,,,,,48.27000045776367,0.0,77.16200256347656,True,True,100.0,0.0,74.35399627685547,True,True,59.279998779296875,0.0,75.12799835205078,True,True,47.45000076293945,0.0,98.04199981689453,True,True,39.77000045776367,0.0,74.17400360107422,True,True,47.08000183105469,0.0,75.63200378417969,True,True,46.279998779296875,0.0,74.30000305175781,True,True,50.709999084472656,0.0,75.21800231933594,True,True,38.900001525878906,0.0,74.6240005493164,True,True,46.040000915527344,0.0,75.99199676513672,True,True,50.43000030517578,0.0,74.93000030517578,True,True,-25.0,69.06999969482422,,,,45.12200164794922,210.0019989013672,45.6619987487793,168.0,42.0,
2021-08-06 14:45:00,,,,,47.599998474121094,0.0,78.20600128173828,True,True,95.58999633789062,0.0,74.35399627685547,True,True,61.349998474121094,0.0,75.12799835205078,True,True,47.45000076293945,0.0,96.67400360107422,True,True,39.5,0.0,74.19200134277344,True,True,49.56999969482422,0.0,77.43199920654297,True,True,46.869998931884766,0.0,74.73200225830078,True,True,51.060001373291016,0.0,75.48799896240234,True,True,41.310001373291016,0.0,74.66000366210938,True,True,42.58000183105469,0.0,76.11799621582031,True,True,52.72999954223633,0.0,75.29000091552734,True,True,-25.0,69.44999694824219,,,,45.44599914550781,210.0019989013672,45.68000030517578,160.0,40.0,
2021-08-06 15:00:00,,,,,47.81999969482422,0.0,77.86399841308594,True,True,94.22000122070312,0.0,74.31800079345703,True,True,62.029998779296875,0.0,75.12799835205078,True,True,47.560001373291016,0.0,97.86199951171875,True,True,43.619998931884766,0.0,74.19200134277344,True,True,47.79999923706055,0.0,74.6780014038086,True,True,47.02000045776367,0.0,75.18199920654297,True,True,51.369998931884766,0.0,75.50599670410156,True,True,40.86000061035156,0.0,74.73200225830078,True,True,44.58000183105469,0.0,76.1719970703125,True,True,51.54999923706055,0.0,75.72200012207031,True,True,-25.0,70.5,,,,45.104000091552734,210.0019989013672,45.73400115966797,168.0,42.0,
2021-08-06 15:15:00,,,,,46.15999984741211,0.0,76.6760025024414,True,True,91.83999633789062,0.0,74.35399627685547,True,True,58.369998931884766,0.0,75.12799835205078,True,True,46.7400016784668,0.0,95.86399841308594,True,True,44.08000183105469,0.0,74.24600219726562,True,True,44.5,0.0,75.93800354003906,True,True,46.540000915527344,0.0,74.66000366210938,True,True,54.2599983215332,0.0,75.39800262451172,True,True,42.0,0.0,74.73200225830078,True,True,38.61000061035156,0.0,76.2979965209961,True,True,50.849998474121094,0.0,74.83999633789062,True,True,-25.0,72.31999969482422,,,,45.17599868774414,210.0019989013672,45.44599914550781,160.0,40.0,
2021-08-06 15:30:00,,,,,45.97999954223633,0.0,75.41600036621094,True,True,98.01000213623047,0.0,74.33599853515625,True,True,61.150001525878906,0.0,75.12799835205078,True,True,46.27000045776367,0.0,96.96199798583984,True,True,44.79999923706055,0.0,74.26399993896484,True,True,45.4900016784668,0.0,77.1259994506836,True,True,46.900001525878906,0.0,74.89399719238281,True,True,51.20000076293945,0.0,75.61399841308594,True,True,42.380001068115234,0.0,74.76799774169922,True,True,44.709999084472656,0.0,76.35199737548828,True,True,49.869998931884766,0.0,75.19999694824219,True,True,-25.0,71.9800033569336,,,,44.88800048828125,210.0019989013672,45.391998291015625,168.0,42.0,
2021-08-06 15:45:00,,,,,38.650001525878906,0.0,75.21800231933594,True,True,100.0,0.0,74.35399627685547,True,True,61.689998626708984,0.0,75.0739974975586,True,True,46.38999938964844,0.0,93.4520034790039,True,True,44.29999923706055,0.0,74.28199768066406,True,True,48.540000915527344,0.0,74.69599914550781,True,True,47.31999969482422,0.0,75.05599975585938,True,True,51.54999923706055,0.0,75.61399841308594,True,True,44.2599983215332,0.0,74.80400085449219,True,True,39.619998931884766,0.0,76.35199737548828,True,True,57.04999923706055,0.0,75.09200286865234,True,True,-25.0,71.83999633789062,,,,44.762001037597656,210.0019989013672,45.24800109863281,160.0,40.0,
2021-08-06 16:00:00,,,,,42.88999938964844,0.0,75.18199920654297,True,True,98.6500015258789,0.0,74.37200164794922,True,True,57.90999984741211,0.0,75.12799835205078,True,True,45.77000045776367,0.0,90.1760025024414,True,True,43.68000030517578,0.0,74.37200164794922,True,True,51.279998779296875,0.0,77.34200286865234,True,True,46.38999938964844,0.0,74.75,True,True,50.619998931884766,0.0,75.7040023803711,True,True,44.619998931884766,0.0,74.80400085449219,True,True,38.349998474121094,0.0,76.44200134277344,True,True,52.0099983215332,0.0,75.34400177001953,True,True,-25.0,70.30999755859375,,,,45.194000244140625,210.0019989013672,45.428001403808594,160.0,40.0,
2021-08-06 16:15:00,,,,,42.33000183105469,0.0,75.18199920654297,True,True,98.23999786376953,0.0,74.37200164794922,True,True,56.04999923706055,0.0,75.12799835205078,True,True,45.220001220703125,0.0,89.83399963378906,True,True,39.970001220703125,0.0,74.37200164794922,True,True,48.7599983215332,0.0,74.46199798583984,True,True,46.83000183105469,0.0,74.96600341796875,True,True,51.060001373291016,0.0,75.61399841308594,True,True,40.709999084472656,0.0,74.83999633789062,True,True,43.400001525878906,0.0,76.47799682617188,True,True,53.349998474121094,0.0,75.4520034790039,True,True,-25.0,70.81999969482422,,,,45.284000396728516,210.0019989013672,45.64400100708008,152.0,38.0,
2021-08-06 16:30:00,,,,,42.16999816894531,0.0,75.21800231933594,True,True,100.0,0.0,74.37200164794922,True,True,59.56999969482422,0.0,75.09200286865234,True,True,44.91999816894531,0.0,93.03800201416016,True,True,41.599998474121094,0.0,74.35399627685547,True,True,49.779998779296875,0.0,76.44200134277344,True,True,46.630001068115234,0.0,75.25399780273438,True,True,50.34000015258789,0.0,75.63200378417969,True,True,40.470001220703125,0.0,74.91200256347656,True,True,42.83000183105469,0.0,76.51399993896484,True,True,49.470001220703125,0.0,76.0999984741211,True,True,-25.0,72.54000091552734,,,,45.013999938964844,210.0019989013672,45.5359992980957,160.0,40.0,
2021-08-06 16:45:00,,,,,41.68000030517578,0.0,75.29000091552734,True,True,100.0,0.0,74.37200164794922,True,True,57.220001220703125,0.0,75.14600372314453,True,True,41.20000076293945,0.0,96.16999816894531,True,True,40.380001068115234,0.0,74.30000305175781,True,True,49.439998626708984,0.0,76.02799987792969,True,True,46.900001525878906,0.0,75.11000061035156,True,True,50.84000015258789,0.0,75.61399841308594,True,True,39.209999084472656,0.0,74.96600341796875,True,True,40.400001525878906,0.0,76.53199768066406,True,True,56.40999984741211,0.0,76.0999984741211,True,True,-25.0,57.310001373291016,,,,43.62799835205078,210.0019989013672,44.18600082397461,152.0,38.0,
2021-08-06 17:00:00,,,,,34.939998626708984,0.0,75.34400177001953,True,True,100.0,0.0,74.35399627685547,True,True,50.33000183105469,0.0,75.0199966430664,True,True,45.0099983215332,0.0,95.86399841308594,True,True,42.279998779296875,0.0,74.26399993896484,True,True,45.099998474121094,0.0,75.12799835205078,True,True,47.11000061035156,0.0,75.72200012207031,True,True,50.09000015258789,0.0,75.61399841308594,True,True,43.15999984741211,0.0,74.91200256347656,True,True,44.400001525878906,0.0,76.55000305175781,True,True,50.72999954223633,0.0,76.85600280761719,True,True,-25.0,63.099998474121094,,,,40.981998443603516,210.0019989013672,41.50400161743164,152.0,38.0,
2021-08-06 17:15:00,,,,,37.83000183105469,0.0,75.30799865722656,True,True,93.43000030517578,0.0,74.30000305175781,True,True,47.380001068115234,0.0,75.0199966430664,True,True,34.58000183105469,0.0,96.24199676513672,True,True,40.810001373291016,0.0,74.26399993896484,True,True,41.58000183105469,0.0,73.95800018310547,True,True,46.33000183105469,0.0,74.76799774169922,True,True,49.97999954223633,0.0,75.72200012207031,True,True,42.77000045776367,0.0,74.91200256347656,True,True,42.9900016784668,0.0,76.56800079345703,True,True,53.119998931884766,0.0,76.1719970703125,True,True,-25.0,58.310001373291016,,,,41.071998596191406,210.0019989013672,41.486000061035156,160.0,40.0,
2021-08-06 17:30:00,,,,,38.33000183105469,0.0,75.36199951171875,True,True,90.30999755859375,0.0,74.20999908447266,True,True,47.0,0.0,75.00199890136719,True,True,40.599998474121094,0.0,95.79199981689453,True,True,37.970001220703125,0.0,74.26399993896484,True,True,42.31999969482422,0.0,74.26399993896484,True,True,43.70000076293945,0.0,74.76799774169922,True,True,51.7599983215332,0.0,75.61399841308594,True,True,44.310001373291016,0.0,74.93000030517578,True,True,49.2400016784668,0.0,76.58599853515625,True,True,49.66999816894531,0.0,75.37999725341797,True,True,-25.0,63.9900016784668,,,,41.1619987487793,210.0019989013672,41.50400161743164,152.0,38.0,
2021-08-06 17:45:00,,,,,40.0099983215332,0.0,75.34400177001953,True,True,95.86000061035156,0.0,74.19200134277344,True,True,56.31999969482422,0.0,75.09200286865234,True,True,47.619998931884766,0.0,95.93599700927734,True,True,44.439998626708984,0.0,74.30000305175781,True,True,49.06999969482422,0.0,72.78800201416016,True,True,40.619998931884766,0.0,74.6780014038086,True,True,46.45000076293945,0.0,75.5780029296875,True,True,42.630001068115234,0.0,74.93000030517578,True,True,48.619998931884766,0.0,76.60399627685547,True,True,55.06999969482422,0.0,75.37999725341797,True,True,-25.0,68.19000244140625,,,,42.242000579833984,210.0019989013672,42.88999938964844,152.0,38.0,
2021-08-06 18:00:00,,,,,38.54999923706055,0.0,75.54199981689453,True,True,97.97000122070312,0.0,74.19200134277344,True,True,47.84000015258789,0.0,75.0199966430664,True,True,41.33000183105469,0.0,96.11599731445312,True,True,37.61000061035156,0.0,74.31800079345703,True,True,42.130001068115234,0.0,72.84200286865234,True,True,42.15999984741211,0.0,74.44400024414062,True,True,52.16999816894531,0.0,75.63200378417969,True,True,39.849998474121094,0.0,74.89399719238281,True,True,43.06999969482422,0.0,76.60399627685547,True,True,45.33000183105469,0.0,75.0199966430664,True,True,-25.0,65.75,,,,41.827999114990234,210.0019989013672,42.38600158691406,152.0,38.0,
2021-08-06 18:15:00,,,,,44.75,0.0,75.54199981689453,True,True,87.5,0.0,74.13800048828125,True,True,46.709999084472656,0.0,75.05599975585938,True,True,41.540000915527344,0.0,88.93399810791016,True,True,41.31999969482422,0.0,74.22799682617188,True,True,40.02000045776367,0.0,71.94200134277344,True,True,46.27000045776367,0.0,73.9219970703125,True,True,47.2400016784668,0.0,75.61399841308594,True,True,43.9900016784668,0.0,74.89399719238281,True,True,41.709999084472656,0.0,76.60399627685547,True,True,50.16999816894531,0.0,73.86799621582031,True,True,-25.0,66.36000061035156,,,,44.61800003051758,210.0019989013672,45.194000244140625,152.0,38.0,
2021-08-06 18:30:00,,,,,36.849998474121094,0.0,75.5780029296875,True,True,84.73999786376953,0.0,74.13800048828125,True,True,49.84000015258789,0.0,75.0199966430664,True,True,45.52000045776367,0.0,88.16000366210938,True,True,37.2599983215332,0.0,74.19200134277344,True,True,40.9900016784668,0.0,72.03199768066406,True,True,40.369998931884766,0.0,73.56199645996094,True,True,49.0099983215332,0.0,75.7040023803711,True,True,40.290000915527344,0.0,74.76799774169922,True,True,45.4900016784668,0.0,76.60399627685547,True,True,49.560001373291016,0.0,73.04000091552734,True,True,-25.0,65.83999633789062,,,,41.683998107910156,210.0019989013672,42.2239990234375,144.0,36.0,
2021-08-06 18:45:00,,,,,36.09000015258789,0.0,75.54199981689453,True,True,85.43000030517578,0.0,74.13800048828125,True,True,44.90999984741211,0.0,75.0199966430664,True,True,42.529998779296875,0.0,87.40399932861328,True,True,38.040000915527344,0.0,74.10199737548828,True,True,36.81999969482422,0.0,70.28600311279297,True,True,40.709999084472656,0.0,72.80599975585938,True,True,46.130001068115234,0.0,75.29000091552734,True,True,39.47999954223633,0.0,74.76799774169922,True,True,42.02000045776367,0.0,76.49600219726562,True,True,49.9900016784668,0.0,72.1760025024414,True,True,-25.0,65.80999755859375,,,,41.683998107910156,210.0019989013672,42.0620002746582,144.0,36.0,
2021-08-06 19:00:00,,,,,34.70000076293945,0.0,75.54199981689453,True,True,85.88999938964844,0.0,74.17400360107422,True,True,44.77000045776367,0.0,75.00199890136719,True,True,38.779998779296875,0.0,91.43599700927734,True,True,36.7400016784668,0.0,73.90399932861328,True,True,38.130001068115234,0.0,70.9520034790039,True,True,43.650001525878906,0.0,72.21199798583984,True,True,48.83000183105469,0.0,75.50599670410156,True,True,40.16999816894531,0.0,74.76799774169922,True,True,42.16999816894531,0.0,76.44200134277344,True,True,47.290000915527344,0.0,71.2040023803711,True,True,-25.0,65.2699966430664,,,,41.305999755859375,210.0019989013672,41.77399826049805,144.0,36.0,
2021-08-06 19:15:00,,,,,39.599998474121094,0.0,75.30799865722656,True,True,81.41999816894531,0.0,74.13800048828125,True,True,49.66999816894531,0.0,74.947998046875,True,True,38.18000030517578,0.0,91.99400329589844,True,True,37.95000076293945,0.0,73.94000244140625,True,True,37.189998626708984,0.0,70.14199829101562,True,True,39.900001525878906,0.0,71.61799621582031,True,True,47.130001068115234,0.0,75.27200317382812,True,True,40.0099983215332,0.0,74.75,True,True,41.25,0.0,76.40599822998047,True,True,43.43000030517578,0.0,70.46600341796875,True,True,-25.0,65.94999694824219,,,,41.34199905395508,210.0019989013672,41.75600051879883,144.0,36.0,
2021-08-06 19:30:00,,,,,37.7400016784668,0.0,75.4520034790039,True,True,85.31999969482422,0.0,74.0479965209961,True,True,52.86000061035156,0.0,75.0739974975586,True,True,35.9900016784668,0.0,93.03800201416016,True,True,38.400001525878906,0.0,73.86799621582031,True,True,33.47999954223633,0.0,69.0260009765625,True,True,39.25,0.0,70.55599975585938,True,True,43.06999969482422,0.0,75.30799865722656,True,True,36.5099983215332,0.0,74.6780014038086,True,True,40.380001068115234,0.0,76.24400329589844,True,True,43.63999938964844,0.0,69.04399871826172,True,True,-25.0,65.83999633789062,,,,41.45000076293945,210.0019989013672,41.88199996948242,144.0,36.0,
2021-08-06 19:45:00,,,,,33.290000915527344,0.0,75.12799835205078,True,True,80.31999969482422,0.0,73.97599792480469,True,True,49.880001068115234,0.0,74.98400115966797,True,True,35.2599983215332,0.0,91.97599792480469,True,True,37.13999938964844,0.0,73.81400299072266,True,True,37.369998931884766,0.0,68.50399780273438,True,True,39.72999954223633,0.0,70.30400085449219,True,True,43.290000915527344,0.0,75.09200286865234,True,True,36.209999084472656,0.0,74.64199829101562,True,True,36.91999816894531,0.0,76.20800018310547,True,True,42.38999938964844,0.0,69.2239990234375,True,True,-25.0,64.30999755859375,,,,41.57600021362305,210.0019989013672,41.93600082397461,152.0,38.0,
2021-08-06 20:00:00,,,,,36.540000915527344,0.0,73.58000183105469,True,True,79.2699966430664,0.0,73.99400329589844,True,True,49.25,0.0,74.93000030517578,True,True,34.68000030517578,0.0,82.2020034790039,True,True,41.15999984741211,0.0,73.76000213623047,True,True,47.08000183105469,0.0,67.56800079345703,True,True,38.849998474121094,0.0,69.9260025024414,True,True,48.25,0.0,75.09200286865234,True,True,35.779998779296875,0.0,74.46199798583984,True,True,41.88999938964844,0.0,76.06400299072266,True,True,57.45000076293945,0.0,68.05400085449219,True,True,-25.0,63.29999923706055,,,,41.57600021362305,210.0019989013672,42.04399871826172,144.0,36.0,
2021-08-06 20:15:00,,,,,33.61000061035156,0.0,74.06600189208984,True,True,78.08999633789062,0.0,73.99400329589844,True,True,49.869998931884766,0.0,74.98400115966797,True,True,38.09000015258789,0.0,85.96399688720703,True,True,35.75,0.0,73.74199676513672,True,True,36.310001373291016,0.0,67.60399627685547,True,True,38.540000915527344,0.0,69.44000244140625,True,True,48.290000915527344,0.0,75.23600006103516,True,True,36.650001525878906,0.0,74.552001953125,True,True,36.689998626708984,0.0,76.06400299072266,True,True,44.040000915527344,0.0,67.20800018310547,True,True,-25.0,67.3499984741211,,,,41.57600021362305,210.0019989013672,42.0260009765625,144.0,36.0,
2021-08-06 20:30:00,,,,,35.36000061035156,0.0,72.71600341796875,True,True,78.44000244140625,0.0,73.97599792480469,True,True,48.72999954223633,0.0,75.05599975585938,True,True,38.16999816894531,0.0,85.65799713134766,True,True,37.709999084472656,0.0,73.61599731445312,True,True,35.29999923706055,0.0,67.15399932861328,True,True,39.709999084472656,0.0,68.9540023803711,True,True,48.970001220703125,0.0,75.16400146484375,True,True,36.2400016784668,0.0,74.552001953125,True,True,42.20000076293945,0.0,76.06400299072266,True,True,43.16999816894531,0.0,66.68599700927734,True,True,-25.0,64.18000030517578,,,,41.32400131225586,210.0019989013672,41.827999114990234,144.0,36.0,
2021-08-06 20:45:00,,,,,34.869998931884766,0.0,73.61599731445312,True,True,79.0199966430664,0.0,73.99400329589844,True,True,48.790000915527344,0.0,74.947998046875,True,True,34.099998474121094,0.0,85.42400360107422,True,True,30.65999984741211,0.0,73.43599700927734,True,True,36.29999923706055,0.0,66.9020004272461,True,True,39.630001068115234,0.0,68.50399780273438,True,True,42.34000015258789,0.0,74.96600341796875,True,True,35.45000076293945,0.0,74.552001953125,True,True,33.47999954223633,0.0,76.06400299072266,True,True,41.099998474121094,0.0,66.32599639892578,True,True,-25.0,68.06999969482422,,,,41.32400131225586,210.0019989013672,41.75600051879883,136.0,34.0,
2021-08-06 21:00:00,,,,,38.95000076293945,0.0,73.36399841308594,True,True,79.26000213623047,0.0,74.01200103759766,True,True,49.86000061035156,0.0,74.93000030517578,True,True,33.52000045776367,0.0,84.88400268554688,True,True,36.310001373291016,0.0,73.50800323486328,True,True,35.959999084472656,0.0,67.22599792480469,True,True,39.08000183105469,0.0,68.0719985961914,True,True,48.04999923706055,0.0,75.00199890136719,True,True,36.97999954223633,0.0,74.46199798583984,True,True,40.65999984741211,0.0,75.93800354003906,True,True,42.130001068115234,0.0,65.96600341796875,True,True,-25.0,65.37000274658203,,,,41.305999755859375,210.0019989013672,41.737998962402344,144.0,36.0,
2021-08-06 21:15:00,,,,,35.060001373291016,0.0,71.97799682617188,True,True,81.97000122070312,0.0,73.97599792480469,True,True,48.40999984741211,0.0,75.0199966430664,True,True,34.689998626708984,0.0,85.37000274658203,True,True,38.81999969482422,0.0,73.48999786376953,True,True,35.75,0.0,66.75800323486328,True,True,38.58000183105469,0.0,68.05400085449219,True,True,49.38999938964844,0.0,75.12799835205078,True,True,37.380001068115234,0.0,74.51599884033203,True,True,42.95000076293945,0.0,75.88400268554688,True,True,37.970001220703125,0.0,65.8219985961914,True,True,-25.0,65.29000091552734,,,,41.28799819946289,210.0019989013672,41.75600051879883,136.0,34.0,
2021-08-06 21:30:00,,,,,38.56999969482422,0.0,71.76200103759766,True,True,77.55000305175781,0.0,73.99400329589844,True,True,47.560001373291016,0.0,74.91200256347656,True,True,33.290000915527344,0.0,89.65399932861328,True,True,40.7599983215332,0.0,73.5260009765625,True,True,31.950000762939453,0.0,67.13600158691406,True,True,38.22999954223633,0.0,67.94599914550781,True,True,43.40999984741211,0.0,75.11000061035156,True,True,35.4900016784668,0.0,74.51599884033203,True,True,41.34000015258789,0.0,75.88400268554688,True,True,42.25,0.0,65.78600311279297,True,True,-25.0,64.80000305175781,,,,41.25199890136719,210.0019989013672,41.683998107910156,144.0,36.0,
2021-08-06 21:45:00,,,,,38.13999938964844,0.0,72.71600341796875,True,True,81.86000061035156,0.0,73.97599792480469,True,True,47.38999938964844,0.0,74.947998046875,True,True,32.72999954223633,0.0,90.71600341796875,True,True,35.970001220703125,0.0,73.50800323486328,True,True,32.29999923706055,0.0,67.8740005493164,True,True,37.369998931884766,0.0,67.71199798583984,True,True,43.81999969482422,0.0,74.8759994506836,True,True,34.86000061035156,0.0,74.60600280761719,True,True,42.84000015258789,0.0,75.88400268554688,True,True,37.5,0.4099999964237213,65.4260025024414,True,True,-25.0,65.31999969482422,,,,41.215999603271484,210.0019989013672,41.66600036621094,144.0,36.0,
2021-08-06 22:00:00,,,,,37.29999923706055,0.0,72.44599914550781,True,True,80.66999816894531,0.0,73.94000244140625,True,True,46.83000183105469,0.0,74.947998046875,True,True,36.68000030517578,0.0,90.53600311279297,True,True,40.130001068115234,0.0,73.36399841308594,True,True,31.149999618530273,0.0,66.9739990234375,True,True,37.040000915527344,0.0,67.51399993896484,True,True,42.43000030517578,0.0,74.58799743652344,True,True,35.41999816894531,0.0,74.4260025024414,True,True,33.529998779296875,0.0,75.8479995727539,True,True,40.150001525878906,0.0,65.4260025024414,True,True,-25.0,65.2699966430664,,,,41.23400115966797,210.0019989013672,41.683998107910156,144.0,36.0,
2021-08-06 22:15:00,,,,,32.88999938964844,0.0,73.14800262451172,True,True,73.31999969482422,0.0,73.81400299072266,True,True,43.380001068115234,0.0,74.947998046875,True,True,34.709999084472656,0.0,91.30999755859375,True,True,36.38999938964844,0.0,73.43599700927734,True,True,29.520000457763672,0.0,66.54199981689453,True,True,39.02000045776367,0.0,67.62200164794922,True,True,48.02000045776367,0.0,74.8219985961914,True,True,35.130001068115234,0.0,74.46199798583984,True,True,34.470001220703125,0.0,75.81199645996094,True,True,39.900001525878906,0.0,65.6780014038086,True,True,-25.0,67.37000274658203,,,,41.32400131225586,210.0019989013672,41.737998962402344,144.0,36.0,
2021-08-06 22:30:00,,,,,37.90999984741211,0.0,72.4280014038086,True,True,75.77999877929688,0.0,73.9219970703125,True,True,50.5,0.0,74.93000030517578,True,True,35.34000015258789,0.0,85.37000274658203,True,True,40.45000076293945,0.0,73.43599700927734,True,True,30.670000076293945,0.0,66.8479995727539,True,True,39.2400016784668,0.0,67.47799682617188,True,True,41.599998474121094,0.0,75.12799835205078,True,True,37.81999969482422,0.0,74.40799713134766,True,True,41.5,0.0,75.81199645996094,True,True,39.40999984741211,0.0,65.71399688720703,True,True,-25.0,64.88999938964844,,,,41.32400131225586,210.0019989013672,41.75600051879883,144.0,36.0,
2021-08-06 22:45:00,,,,,55.06999969482422,0.0,71.45600128173828,True,True,80.2300033569336,0.0,73.97599792480469,True,True,47.119998931884766,0.0,74.91200256347656,True,True,37.5,0.0,85.35199737548828,True,True,60.77000045776367,0.0,73.14800262451172,True,True,30.520000457763672,0.0,67.26200103759766,True,True,39.33000183105469,0.0,67.62200164794922,True,True,46.939998626708984,0.0,74.947998046875,True,True,36.310001373291016,0.0,74.44400024414062,True,True,40.790000915527344,0.0,75.81199645996094,True,True,39.25,0.0,65.6780014038086,True,True,-25.0,49.36000061035156,,,,41.32400131225586,210.0019989013672,41.737998962402344,136.0,34.0,
2021-08-06 23:00:00,,,,,33.93000030517578,0.0,72.44599914550781,True,True,74.2300033569336,0.0,73.95800018310547,True,True,47.790000915527344,0.0,74.947998046875,True,True,35.369998931884766,0.0,84.50599670410156,True,True,38.02000045776367,0.0,73.27400207519531,True,True,31.540000915527344,0.0,67.802001953125,True,True,39.630001068115234,0.0,67.802001953125,True,True,42.43000030517578,0.0,74.8219985961914,True,True,36.400001525878906,0.0,74.37200164794922,True,True,39.400001525878906,0.0,75.75800323486328,True,True,40.849998474121094,0.0,65.80400085449219,True,True,-25.0,71.8499984741211,,,,41.25199890136719,210.0019989013672,41.683998107910156,144.0,36.0,
2021-08-06 23:15:00,,,,,32.81999969482422,0.0,73.00399780273438,True,True,73.58999633789062,0.0,73.95800018310547,True,True,46.869998931884766,0.0,74.91200256347656,True,True,34.61000061035156,0.0,84.4520034790039,True,True,36.95000076293945,0.0,73.25599670410156,True,True,33.709999084472656,0.0,67.31600189208984,True,True,38.869998931884766,0.0,67.38800048828125,True,True,46.310001373291016,0.0,74.78600311279297,True,True,35.939998626708984,0.0,74.51599884033203,True,True,43.63999938964844,0.0,75.75800323486328,True,True,31.110000610351562,0.5799999833106995,65.96600341796875,True,True,-25.0,65.30000305175781,,,,41.14400100708008,210.0019989013672,41.57600021362305,136.0,34.0,
2021-08-06 23:30:00,,,,,34.869998931884766,0.0,71.74400329589844,True,True,73.44999694824219,0.0,73.95800018310547,True,True,48.95000076293945,0.0,74.91200256347656,True,True,35.11000061035156,0.0,83.69599914550781,True,True,35.459999084472656,0.0,73.3280029296875,True,True,35.560001373291016,0.0,67.49600219726562,True,True,40.18000030517578,0.0,67.51399993896484,True,True,45.83000183105469,0.0,74.78600311279297,True,True,36.779998779296875,0.0,74.4800033569336,True,True,35.529998779296875,0.0,75.7040023803711,True,True,36.400001525878906,0.0,65.6780014038086,True,True,-25.0,74.81999969482422,,,,44.70800018310547,210.0019989013672,44.94200134277344,136.0,34.0,
2021-08-06 23:45:00,,,,,38.790000915527344,0.0,71.81600189208984,True,True,81.94000244140625,0.0,73.99400329589844,True,True,56.75,0.0,74.98400115966797,True,True,41.970001220703125,0.0,85.49600219726562,True,True,43.77000045776367,0.0,73.43599700927734,True,True,34.58000183105469,0.0,66.72200012207031,True,True,39.599998474121094,0.0,67.56800079345703,True,True,45.040000915527344,0.0,74.80400085449219,True,True,36.93000030517578,0.0,74.37200164794922,True,True,34.189998626708984,0.0,75.7040023803711,True,True,41.29999923706055,0.0,66.21800231933594,True,True,-25.0,78.33999633789062,,,,47.641998291015625,210.0019989013672,48.39799880981445,144.0,36.0,
2021-08-07 00:00:00,,,,,40.279998779296875,0.0,71.5459976196289,True,True,87.02999877929688,0.0,73.99400329589844,True,True,54.849998474121094,0.0,75.00199890136719,True,True,43.029998779296875,0.0,89.51000213623047,True,True,37.790000915527344,0.0,73.38200378417969,True,True,35.81999969482422,0.0,66.05599975585938,True,True,39.439998626708984,0.0,67.44200134277344,True,True,44.95000076293945,0.0,74.8759994506836,True,True,36.29999923706055,0.0,74.37200164794922,True,True,37.2400016784668,0.0,75.7040023803711,True,True,40.0,0.0,65.78600311279297,True,True,-25.0,71.38999938964844,,,,44.88800048828125,210.0019989013672,45.55400085449219,136.0,34.0,
2021-08-07 00:15:00,,,,,33.56999969482422,0.0,71.18599700927734,True,True,85.9000015258789,0.0,73.99400329589844,True,True,50.63999938964844,0.0,75.00199890136719,True,True,37.470001220703125,0.0,89.83399963378906,True,True,42.189998626708984,0.0,73.16600036621094,True,True,37.29999923706055,0.0,67.51399993896484,True,True,43.20000076293945,0.0,67.38800048828125,True,True,47.59000015258789,0.0,74.69599914550781,True,True,39.650001525878906,0.0,74.37200164794922,True,True,37.29999923706055,0.0,75.7040023803711,True,True,43.060001373291016,0.0,65.6780014038086,True,True,-25.0,70.04000091552734,,,,44.72600173950195,210.0019989013672,44.99599838256836,144.0,36.0,
2021-08-07 00:30:00,,,,,40.279998779296875,0.0,70.53800201416016,True,True,87.1500015258789,0.0,74.02999877929688,True,True,49.90999984741211,0.0,74.96600341796875,True,True,39.439998626708984,0.0,90.75199890136719,True,True,37.79999923706055,0.0,73.16600036621094,True,True,35.56999969482422,0.0,66.36199951171875,True,True,42.08000183105469,0.0,67.38800048828125,True,True,48.540000915527344,0.0,74.76799774169922,True,True,40.779998779296875,0.0,74.40799713134766,True,True,44.70000076293945,0.0,75.68599700927734,True,True,44.779998779296875,0.0,65.31800079345703,True,True,-25.0,69.88999938964844,,,,44.4739990234375,210.0019989013672,45.04999923706055,144.0,36.0,
2021-08-07 00:45:00,,,,,33.22999954223633,0.0,70.447998046875,True,True,87.05999755859375,0.0,74.0479965209961,True,True,51.33000183105469,0.0,74.93000030517578,True,True,37.209999084472656,0.0,83.552001953125,True,True,38.040000915527344,0.0,73.3280029296875,True,True,33.29999923706055,0.0,67.47799682617188,True,True,40.689998626708984,0.0,66.99199676513672,True,True,49.619998931884766,0.0,74.80400085449219,True,True,37.290000915527344,0.0,74.31800079345703,True,True,45.06999969482422,0.0,75.68599700927734,True,True,40.689998626708984,0.0,65.26399993896484,True,True,-25.0,69.76000213623047,,,,42.40399932861328,210.0019989013672,43.051998138427734,144.0,36.0,
2021-08-07 01:00:00,,,,,34.06999969482422,0.0,71.85199737548828,True,True,86.04000091552734,0.0,74.06600189208984,True,True,47.689998626708984,0.0,74.93000030517578,True,True,39.86000061035156,0.0,84.00199890136719,True,True,35.84000015258789,0.0,73.29199981689453,True,True,31.299999237060547,0.0,66.95600128173828,True,True,40.2599983215332,0.0,67.01000213623047,True,True,47.77000045776367,0.0,74.58799743652344,True,True,36.5,0.0,74.30000305175781,True,True,39.31999969482422,0.0,75.68599700927734,True,True,47.630001068115234,0.0,65.40799713134766,True,True,-25.0,68.76000213623047,,,,42.45800018310547,210.0019989013672,42.90800094604492,144.0,36.0,
2021-08-07 01:15:00,,,,,35.400001525878906,0.0,71.56400299072266,True,True,82.55999755859375,0.0,74.02999877929688,True,True,47.65999984741211,0.0,74.89399719238281,True,True,33.130001068115234,0.0,83.91200256347656,True,True,40.54999923706055,0.0,73.16600036621094,True,True,35.779998779296875,0.0,66.7760009765625,True,True,39.619998931884766,0.0,66.91999816894531,True,True,45.0,0.0,75.05599975585938,True,True,38.29999923706055,0.0,74.33599853515625,True,True,41.810001373291016,0.0,75.68599700927734,True,True,41.84000015258789,0.0,65.4260025024414,True,True,-25.0,68.79000091552734,,,,42.763999938964844,210.0019989013672,43.25,136.0,34.0,
2021-08-07 01:30:00,,,,,37.970001220703125,0.0,70.71800231933594,True,True,86.80000305175781,0.0,74.02999877929688,True,True,49.779998779296875,0.0,74.83999633789062,True,True,41.47999954223633,0.0,83.6780014038086,True,True,39.70000076293945,0.0,73.12999725341797,True,True,31.889999389648438,0.0,66.88400268554688,True,True,38.099998474121094,0.0,66.6500015258789,True,True,47.79999923706055,0.0,74.83999633789062,True,True,36.93000030517578,0.0,74.28199768066406,True,True,37.880001068115234,0.0,75.66799926757812,True,True,41.66999816894531,0.0,65.31800079345703,True,True,-25.0,68.83999633789062,,,,43.465999603271484,210.0019989013672,43.880001068115234,144.0,36.0,
2021-08-07 01:45:00,,,,,34.630001068115234,0.0,71.0780029296875,True,True,82.5199966430664,0.0,74.02999877929688,True,True,49.93000030517578,0.0,74.89399719238281,True,True,43.93000030517578,0.0,83.8759994506836,True,True,43.27000045776367,0.0,73.07599639892578,True,True,29.3700008392334,0.0,66.21800231933594,True,True,39.619998931884766,0.0,66.86599731445312,True,True,47.38999938964844,0.0,74.91200256347656,True,True,36.33000183105469,0.0,74.19200134277344,True,True,41.810001373291016,0.0,75.66799926757812,True,True,40.72999954223633,0.0,65.15599822998047,True,True,-25.0,68.95999908447266,,,,44.90599822998047,210.0019989013672,45.24800109863281,136.0,34.0,
2021-08-07 02:00:00,,,,,40.86000061035156,0.0,71.65399932861328,True,True,86.08999633789062,0.0,74.10199737548828,True,True,51.72999954223633,0.0,74.947998046875,True,True,41.5099983215332,0.0,83.15599822998047,True,True,34.56999969482422,0.0,73.14800262451172,True,True,31.040000915527344,0.0,66.83000183105469,True,True,40.040000915527344,0.0,66.9020004272461,True,True,46.220001220703125,0.0,74.76799774169922,True,True,36.369998931884766,0.0,74.28199768066406,True,True,43.220001220703125,0.0,75.66799926757812,True,True,40.63999938964844,0.0,65.26399993896484,True,True,-25.0,69.38999938964844,,,,45.06800079345703,210.0019989013672,45.5359992980957,144.0,36.0,
2021-08-07 02:15:00,,,,,37.709999084472656,0.0,71.38400268554688,True,True,90.12000274658203,0.0,74.06600189208984,True,True,54.599998474121094,0.0,74.8759994506836,True,True,41.95000076293945,0.0,88.39399719238281,True,True,64.12999725341797,0.0,73.09400177001953,True,True,34.150001525878906,0.0,66.30799865722656,True,True,37.650001525878906,0.0,66.54199981689453,True,True,46.16999816894531,0.0,74.64199829101562,True,True,38.7400016784668,0.0,74.24600219726562,True,True,38.970001220703125,0.0,75.5780029296875,True,True,46.68000030517578,0.0,64.7959976196289,True,True,-25.0,74.37000274658203,,,,45.104000091552734,210.0019989013672,45.5359992980957,136.0,34.0,
2021-08-07 02:30:00,,,,,37.790000915527344,0.0,71.38400268554688,True,True,92.31999969482422,0.0,74.0479965209961,True,True,53.040000915527344,0.0,74.89399719238281,True,True,45.52000045776367,0.0,89.5459976196289,True,True,40.220001220703125,0.0,72.80599975585938,True,True,36.7599983215332,0.0,67.2979965209961,True,True,39.68000030517578,0.0,66.79399871826172,True,True,49.36000061035156,0.0,74.64199829101562,True,True,39.38999938964844,0.0,74.24600219726562,True,True,43.0099983215332,0.0,75.52400207519531,True,True,39.38999938964844,0.0,64.95800018310547,True,True,-25.0,68.86000061035156,,,,45.06800079345703,210.0019989013672,45.44599914550781,144.0,36.0,
2021-08-07 02:45:00,,,,,35.189998626708984,0.0,68.75599670410156,True,True,93.80999755859375,0.0,74.06600189208984,True,True,53.40999984741211,0.0,74.91200256347656,True,True,42.560001373291016,0.0,89.99600219726562,True,True,39.4900016784668,0.0,73.02200317382812,True,True,36.029998779296875,0.0,66.88400268554688,True,True,42.45000076293945,0.0,66.16400146484375,True,True,46.310001373291016,0.0,74.71399688720703,True,True,43.369998931884766,0.0,74.19200134277344,True,True,33.75,0.0,75.50599670410156,True,True,43.29999923706055,0.0,64.95800018310547,True,True,-25.0,70.55000305175781,,,,44.599998474121094,210.0019989013672,45.194000244140625,144.0,36.0,
2021-08-07 03:00:00,,,,,29.860000610351562,0.0,65.8219985961914,True,True,94.2699966430664,0.0,74.01200103759766,True,True,53.060001373291016,0.0,74.93000030517578,True,True,43.56999969482422,0.0,86.197998046875,True,True,43.56999969482422,0.0,72.96800231933594,True,True,35.4900016784668,0.0,66.83000183105469,True,True,42.95000076293945,0.0,66.14600372314453,True,True,50.45000076293945,0.0,75.05599975585938,True,True,39.9900016784668,0.0,74.22799682617188,True,True,33.900001525878906,0.0,75.50599670410156,True,True,43.560001373291016,0.0,64.36399841308594,True,True,-25.0,69.8499984741211,,,,44.4379997253418,210.0019989013672,44.762001037597656,144.0,36.0,
2021-08-07 03:15:00,,,,,30.729999542236328,0.0,66.18199920654297,True,True,95.61000061035156,0.0,74.01200103759766,True,True,53.15999984741211,0.0,74.91200256347656,True,True,39.34000015258789,0.0,84.55999755859375,True,True,38.529998779296875,0.0,72.98600006103516,True,True,34.59000015258789,0.0,66.25399780273438,True,True,39.65999984741211,0.0,65.85800170898438,True,True,45.0,0.0,74.83999633789062,True,True,42.68000030517578,0.0,74.28199768066406,True,True,40.119998931884766,0.0,75.50599670410156,True,True,43.619998931884766,0.0,64.25599670410156,True,True,-25.0,69.30000305175781,,,,44.18600082397461,210.0019989013672,44.492000579833984,144.0,36.0,
2021-08-07 03:30:00,,,,,29.56999969482422,0.0,65.96600341796875,True,True,95.83999633789062,0.0,74.0479965209961,True,True,52.93000030517578,0.0,74.85800170898438,True,True,35.470001220703125,0.0,83.56999969482422,True,True,39.31999969482422,0.0,72.98600006103516,True,True,32.31999969482422,0.0,67.35199737548828,True,True,38.65999984741211,0.0,65.6780014038086,True,True,48.52000045776367,0.0,74.73200225830078,True,True,39.560001373291016,0.0,74.20999908447266,True,True,41.75,0.0,75.50599670410156,True,True,45.689998626708984,0.0,64.18399810791016,True,True,-25.0,70.7300033569336,,,,44.00600051879883,210.0019989013672,44.347999572753906,144.0,36.0,
2021-08-07 03:45:00,,,,,30.889999389648438,0.0,66.55999755859375,True,True,92.93000030517578,0.0,74.0479965209961,True,True,53.08000183105469,0.0,74.947998046875,True,True,38.630001068115234,0.0,83.80400085449219,True,True,43.459999084472656,0.0,72.75199890136719,True,True,30.420000076293945,0.0,66.9739990234375,True,True,41.59000015258789,0.0,65.60600280761719,True,True,44.849998474121094,0.0,74.71399688720703,True,True,39.77000045776367,0.0,74.12000274658203,True,True,40.970001220703125,0.0,75.50599670410156,True,True,38.90999984741211,0.0,64.18399810791016,True,True,-25.0,69.2699966430664,,,,44.060001373291016,210.0019989013672,44.54600143432617,144.0,36.0,
2021-08-07 04:00:00,,,,,30.729999542236328,0.0,66.54199981689453,True,True,90.16999816894531,0.0,74.0479965209961,True,True,52.9900016784668,0.0,74.8759994506836,True,True,41.81999969482422,0.0,83.6240005493164,True,True,38.65999984741211,0.0,72.86000061035156,True,True,30.520000457763672,0.0,66.95600128173828,True,True,41.529998779296875,0.0,66.05599975585938,True,True,47.06999969482422,0.0,74.60600280761719,True,True,36.4900016784668,0.0,74.12000274658203,True,True,40.369998931884766,0.0,75.47000122070312,True,True,40.25,0.0,64.36399841308594,True,True,-25.0,69.29000091552734,,,,43.84400177001953,210.0019989013672,44.20399856567383,136.0,34.0,
2021-08-07 04:15:00,,,,,30.700000762939453,0.0,66.18199920654297,True,True,91.47000122070312,0.0,74.0479965209961,True,True,53.04999923706055,0.0,74.89399719238281,True,True,37.529998779296875,0.0,83.51599884033203,True,True,38.40999984741211,0.0,72.96800231933594,True,True,30.139999389648438,0.0,66.79399871826172,True,True,41.560001373291016,0.0,65.89399719238281,True,True,47.0,0.0,74.89399719238281,True,True,38.709999084472656,0.0,74.0479965209961,True,True,40.90999984741211,0.0,75.36199951171875,True,True,37.58000183105469,0.0,64.25599670410156,True,True,-25.0,69.63999938964844,,,,44.11399841308594,210.0019989013672,44.72600173950195,144.0,36.0,
2021-08-07 04:30:00,,,,,33.060001373291016,0.0,66.36199951171875,True,True,92.23999786376953,0.0,74.02999877929688,True,True,53.189998626708984,0.0,74.91200256347656,True,True,40.619998931884766,0.0,87.72799682617188,True,True,38.369998931884766,0.0,72.78800201416016,True,True,30.59000015258789,0.0,67.13600158691406,True,True,41.75,0.0,66.16400146484375,True,True,47.95000076293945,0.0,74.80400085449219,True,True,39.119998931884766,0.0,74.17400360107422,True,True,39.849998474121094,0.0,75.34400177001953,True,True,40.970001220703125,0.0,64.43599700927734,True,True,-25.0,69.56999969482422,,,,44.13199996948242,210.0019989013672,44.74399948120117,144.0,36.0,
2021-08-07 04:45:00,,,,,32.810001373291016,0.0,66.54199981689453,True,True,93.13999938964844,0.0,73.99400329589844,True,True,57.099998474121094,0.0,74.89399719238281,True,True,38.119998931884766,0.0,89.31199645996094,True,True,42.720001220703125,0.0,72.94999694824219,True,True,30.270000457763672,0.0,67.20800018310547,True,True,38.209999084472656,0.0,66.23600006103516,True,True,50.0099983215332,0.0,74.552001953125,True,True,39.20000076293945,0.0,74.06600189208984,True,True,40.72999954223633,0.0,75.36199951171875,True,True,42.790000915527344,0.0,64.68800354003906,True,True,-25.0,70.13999938964844,,,,44.13199996948242,210.0019989013672,44.582000732421875,144.0,36.0,
2021-08-07 05:00:00,,,,,31.530000686645508,0.0,65.6780014038086,True,True,93.98999786376953,0.0,73.99400329589844,True,True,57.63999938964844,0.0,74.83999633789062,True,True,38.04999923706055,0.0,89.6719970703125,True,True,38.970001220703125,0.0,73.02200317382812,True,True,35.13999938964844,0.0,67.35199737548828,True,True,40.18000030517578,0.0,65.89399719238281,True,True,45.0,0.0,74.80400085449219,True,True,39.529998779296875,0.0,74.06600189208984,True,True,35.599998474121094,0.0,75.34400177001953,True,True,35.880001068115234,0.0,64.07599639892578,True,True,-25.0,70.29000091552734,,,,44.36600112915039,210.0019989013672,44.72600173950195,152.0,38.0,
2021-08-07 05:15:00,,,,,30.93000030517578,0.0,65.6780014038086,True,True,94.94000244140625,0.0,73.99400329589844,True,True,54.869998931884766,0.0,74.8219985961914,True,True,38.0099983215332,0.0,90.03199768066406,True,True,44.59000015258789,0.0,72.87799835205078,True,True,34.88999938964844,0.0,66.54199981689453,True,True,37.90999984741211,0.0,66.21800231933594,True,True,50.400001525878906,0.0,74.64199829101562,True,True,39.81999969482422,0.0,74.06600189208984,True,True,40.220001220703125,0.0,75.34400177001953,True,True,42.72999954223633,0.0,64.36399841308594,True,True,-25.0,69.80000305175781,,,,44.2400016784668,210.0019989013672,44.689998626708984,144.0,36.0,
2021-08-07 05:30:00,,,,,31.31999969482422,0.0,66.16400146484375,True,True,96.47000122070312,0.0,73.99400329589844,True,True,54.9900016784668,0.0,74.83999633789062,True,True,37.90999984741211,0.0,84.27200317382812,True,True,39.61000061035156,0.0,72.89600372314453,True,True,34.650001525878906,0.0,66.48799896240234,True,True,40.20000076293945,0.0,66.09200286865234,True,True,48.380001068115234,0.0,74.8759994506836,True,True,40.2400016784668,0.0,74.0479965209961,True,True,37.86000061035156,0.0,75.34400177001953,True,True,42.220001220703125,0.0,64.47200012207031,True,True,-25.0,70.0199966430664,,,,44.13199996948242,210.0019989013672,44.70800018310547,144.0,36.0,
2021-08-07 05:45:00,,,,,28.010000228881836,0.0,66.36199951171875,True,True,100.0,0.0,73.99400329589844,True,True,57.880001068115234,0.0,74.78600311279297,True,True,37.95000076293945,0.0,84.30799865722656,True,True,38.79999923706055,0.0,72.87799835205078,True,True,36.56999969482422,0.0,66.95600128173828,True,True,42.06999969482422,0.0,65.78600311279297,True,True,49.869998931884766,0.0,74.76799774169922,True,True,40.2400016784668,0.0,73.99400329589844,True,True,37.43000030517578,0.0,75.34400177001953,True,True,37.349998474121094,0.0,64.36399841308594,True,True,-25.0,69.81999969482422,,,,44.56399917602539,210.0019989013672,44.97800064086914,144.0,36.0,
2021-08-07 06:00:00,,,,,27.68000030517578,0.0,66.54199981689453,True,True,89.80999755859375,0.0,73.99400329589844,True,True,55.529998779296875,0.0,74.8219985961914,True,True,38.220001220703125,0.0,84.18199920654297,True,True,38.779998779296875,0.0,72.80599975585938,True,True,32.16999816894531,0.0,66.41600036621094,True,True,41.79999923706055,0.0,65.89399719238281,True,True,48.369998931884766,0.0,74.73200225830078,True,True,40.5099983215332,0.0,74.06600189208984,True,True,35.459999084472656,0.0,75.27200317382812,True,True,41.599998474121094,0.0,64.4540023803711,True,True,-25.0,70.30000305175781,,,,44.582000732421875,210.0019989013672,44.94200134277344,144.0,36.0,
2021-08-07 06:15:00,,,,,31.290000915527344,0.0,66.75800323486328,True,True,90.97000122070312,0.0,73.99400329589844,True,True,55.470001220703125,0.0,74.76799774169922,True,True,38.58000183105469,0.0,83.85800170898438,True,True,38.630001068115234,0.0,72.84200286865234,True,True,29.709999084472656,0.0,66.61399841308594,True,True,41.869998931884766,0.0,66.18199920654297,True,True,45.849998474121094,0.0,74.28199768066406,True,True,40.59000015258789,0.0,73.99400329589844,True,True,42.34000015258789,0.0,75.27200317382812,True,True,42.810001373291016,0.0,64.7239990234375,True,True,-25.0,70.25,,,,44.54600143432617,210.0019989013672,45.24800109863281,144.0,36.0,
2021-08-07 06:30:00,,,,,32.959999084472656,0.0,66.72200012207031,True,True,92.1500015258789,0.0,73.99400329589844,True,True,55.70000076293945,0.0,74.85800170898438,True,True,41.0,0.0,83.64199829101562,True,True,38.560001373291016,0.0,72.78800201416016,True,True,29.309999465942383,0.0,66.59600067138672,True,True,42.209999084472656,0.0,66.39800262451172,True,True,49.41999816894531,0.0,74.4260025024414,True,True,39.63999938964844,0.0,73.97599792480469,True,True,36.689998626708984,0.0,75.27200317382812,True,True,43.470001220703125,0.0,64.95800018310547,True,True,-25.0,70.31999969482422,,,,44.29399871826172,210.0019989013672,44.88800048828125,144.0,36.0,
2021-08-07 06:45:00,,,,,32.84000015258789,0.0,66.55999755859375,True,True,89.66000366210938,0.0,74.06600189208984,True,True,56.720001220703125,0.0,74.8219985961914,True,True,38.900001525878906,0.0,86.0,True,True,39.33000183105469,0.0,73.00399780273438,True,True,29.479999542236328,0.0,66.79399871826172,True,True,39.119998931884766,0.0,66.43399810791016,True,True,45.36000061035156,0.0,74.31800079345703,True,True,39.779998779296875,0.0,74.01200103759766,True,True,41.060001373291016,0.0,75.19999694824219,True,True,42.08000183105469,0.0,64.90399932861328,True,True,-25.0,71.94999694824219,,,,44.36600112915039,210.0019989013672,44.88800048828125,136.0,34.0,
2021-08-07 07:00:00,,,,,33.970001220703125,0.0,67.24400329589844,True,True,90.22000122070312,0.0,73.99400329589844,True,True,55.63999938964844,0.0,74.78600311279297,True,True,38.849998474121094,0.0,89.09600067138672,True,True,39.810001373291016,0.0,72.96800231933594,True,True,30.530000686645508,0.0,67.0459976196289,True,True,39.060001373291016,0.0,66.41600036621094,True,True,47.459999084472656,0.0,74.73200225830078,True,True,39.68000030517578,0.0,73.97599792480469,True,True,37.34000015258789,0.0,75.18199920654297,True,True,42.720001220703125,0.0,64.7959976196289,True,True,-25.0,65.2300033569336,,,,44.36600112915039,210.0019989013672,44.72600173950195,152.0,38.0,
2021-08-07 07:15:00,,,,,31.459999084472656,0.0,67.44200134277344,True,True,90.5999984741211,0.0,73.99400329589844,True,True,52.84000015258789,0.0,74.80400085449219,True,True,38.209999084472656,0.0,89.29399871826172,True,True,38.20000076293945,0.0,73.02200317382812,True,True,31.520000457763672,0.0,67.15399932861328,True,True,38.349998474121094,0.0,66.41600036621094,True,True,44.40999984741211,0.0,74.40799713134766,True,True,39.2400016784668,0.0,73.90399932861328,True,True,38.790000915527344,0.0,75.16400146484375,True,True,38.97999954223633,0.0,64.7959976196289,True,True,-25.0,65.81999969482422,,,,41.37799835205078,210.0019989013672,41.86399841308594,144.0,36.0,
2021-08-07 07:30:00,,,,,36.9900016784668,0.0,66.83000183105469,True,True,87.95999908447266,0.0,73.99400329589844,True,True,48.099998474121094,0.0,74.80400085449219,True,True,31.479999542236328,0.0,89.87000274658203,True,True,38.720001220703125,0.0,72.91400146484375,True,True,30.600000381469727,0.0,67.89199829101562,True,True,37.939998626708984,0.0,66.43399810791016,True,True,50.43000030517578,0.0,74.4260025024414,True,True,39.27000045776367,0.0,73.97599792480469,True,True,39.540000915527344,0.0,75.16400146484375,True,True,49.970001220703125,0.0,64.97599792480469,True,True,-25.0,63.220001220703125,,,,45.26599884033203,210.0019989013672,45.31999969482422,144.0,36.0,
2021-08-07 07:45:00,,,,,31.200000762939453,0.0,66.91999816894531,True,True,86.5,0.0,73.97599792480469,True,True,52.380001068115234,0.0,74.8219985961914,True,True,45.599998474121094,0.0,82.90399932861328,True,True,37.439998626708984,0.0,73.07599639892578,True,True,36.7599983215332,0.0,68.34200286865234,True,True,38.20000076293945,0.0,66.6500015258789,True,True,45.630001068115234,0.0,74.66000366210938,True,True,39.970001220703125,0.0,73.99400329589844,True,True,44.220001220703125,0.0,75.14600372314453,True,True,41.91999816894531,0.0,65.60600280761719,True,True,-25.0,65.2300033569336,,,,41.34199905395508,210.0019989013672,42.04399871826172,144.0,36.0,
2021-08-07 08:00:00,,,,,27.25,0.0,67.44200134277344,True,True,88.6500015258789,0.0,73.95800018310547,True,True,47.9900016784668,0.0,74.83999633789062,True,True,35.83000183105469,0.0,84.50599670410156,True,True,41.599998474121094,0.0,73.22000122070312,True,True,36.11000061035156,0.0,68.86399841308594,True,True,36.310001373291016,0.0,67.1719970703125,True,True,51.2599983215332,0.0,74.73200225830078,True,True,36.77000045776367,0.0,73.99400329589844,True,True,41.02000045776367,0.0,75.14600372314453,True,True,39.52000045776367,0.0,65.78600311279297,True,True,-25.0,65.30999755859375,,,,41.34199905395508,210.0019989013672,41.75600051879883,144.0,36.0,
2021-08-07 08:15:00,,,,,36.470001220703125,0.0,68.25199890136719,True,True,88.70999908447266,0.0,73.95800018310547,True,True,51.029998779296875,0.0,74.78600311279297,True,True,31.780000686645508,0.0,83.947998046875,True,True,38.9900016784668,0.0,73.27400207519531,True,True,34.619998931884766,0.0,68.73799896240234,True,True,39.38999938964844,0.0,66.61399841308594,True,True,47.15999984741211,0.0,74.85800170898438,True,True,37.90999984741211,0.0,74.0479965209961,True,True,40.31999969482422,0.0,75.14600372314453,True,True,40.70000076293945,0.0,65.51599884033203,True,True,-25.0,64.13999938964844,,,,41.395999908447266,210.0019989013672,41.827999114990234,144.0,36.0,
2021-08-07 08:30:00,,,,,34.97999954223633,0.0,70.26799774169922,True,True,88.05999755859375,0.0,73.99400329589844,True,True,51.029998779296875,0.0,74.80400085449219,True,True,38.83000183105469,0.0,84.48799896240234,True,True,41.97999954223633,0.0,73.36399841308594,True,True,42.18000030517578,0.0,69.33200073242188,True,True,35.779998779296875,0.0,67.13600158691406,True,True,42.91999816894531,0.0,74.947998046875,True,True,32.27000045776367,0.0,74.01200103759766,True,True,39.4900016784668,0.0,75.23600006103516,True,True,33.380001068115234,0.0,66.30799865722656,True,True,-25.0,64.86000061035156,,,,41.32400131225586,210.0019989013672,41.720001220703125,144.0,36.0,
2021-08-07 08:45:00,,,,,34.279998779296875,0.0,69.11599731445312,True,True,83.11000061035156,0.0,73.95800018310547,True,True,51.18000030517578,0.0,74.8219985961914,True,True,38.18000030517578,0.0,84.32599639892578,True,True,37.060001373291016,0.0,73.36399841308594,True,True,37.689998626708984,0.0,70.5739974975586,True,True,38.099998474121094,0.0,67.2979965209961,True,True,42.7400016784668,0.0,74.85800170898438,True,True,32.58000183105469,0.0,74.06600189208984,True,True,38.029998779296875,0.0,75.27200317382812,True,True,47.79999923706055,0.0,66.39800262451172,True,True,-25.0,63.63999938964844,,,,41.36000061035156,210.0019989013672,41.84600067138672,136.0,34.0,
2021-08-07 09:00:00,,,,,35.209999084472656,0.0,69.38600158691406,True,True,87.7699966430664,0.0,73.97599792480469,True,True,54.56999969482422,0.0,74.80400085449219,True,True,40.959999084472656,0.0,89.31199645996094,True,True,38.02000045776367,0.0,73.5260009765625,True,True,37.029998779296875,0.0,70.87999725341797,True,True,38.529998779296875,0.0,67.802001953125,True,True,45.91999816894531,0.0,75.00199890136719,True,True,40.31999969482422,0.0,74.15599822998047,True,True,39.86000061035156,0.0,75.4520034790039,True,True,40.560001373291016,0.0,67.11799621582031,True,True,-25.0,60.689998626708984,,,,41.305999755859375,210.0019989013672,41.70199966430664,144.0,36.0,
2021-08-07 09:15:00,,,,,35.400001525878906,0.0,70.61000061035156,True,True,87.83000183105469,0.0,73.94000244140625,True,True,50.90999984741211,0.0,74.80400085449219,True,True,34.72999954223633,0.0,90.71600341796875,True,True,37.599998474121094,0.0,73.54399871826172,True,True,35.08000183105469,0.0,72.10399627685547,True,True,43.7599983215332,0.0,68.39600372314453,True,True,46.18000030517578,0.0,75.18199920654297,True,True,39.04999923706055,0.0,74.30000305175781,True,True,37.54999923706055,0.0,75.4520034790039,True,True,39.25,0.0,67.74800109863281,True,True,-25.0,66.70999908447266,,,,41.50400161743164,210.0019989013672,42.007999420166016,144.0,36.0,
2021-08-07 09:30:00,,,,,30.920000076293945,0.0,71.87000274658203,True,True,81.61000061035156,0.0,73.86799621582031,True,True,50.66999816894531,0.0,74.78600311279297,True,True,35.81999969482422,0.0,92.53399658203125,True,True,37.279998779296875,0.0,73.68800354003906,True,True,38.15999984741211,0.0,73.36399841308594,True,True,40.709999084472656,0.0,68.72000122070312,True,True,48.150001525878906,0.0,75.09200286865234,True,True,38.90999984741211,0.0,74.35399627685547,True,True,39.81999969482422,0.0,75.59600067138672,True,True,38.209999084472656,0.0,68.48600006103516,True,True,-25.0,66.26000213623047,,,,41.486000061035156,210.0019989013672,41.88199996948242,152.0,38.0,
2021-08-07 09:45:00,,,,,34.59000015258789,0.0,73.63400268554688,True,True,82.97000122070312,0.0,73.97599792480469,True,True,54.84000015258789,0.0,74.83999633789062,True,True,34.86000061035156,0.0,93.16400146484375,True,True,38.900001525878906,0.0,73.7239990234375,True,True,37.61000061035156,0.0,73.7959976196289,True,True,40.709999084472656,0.0,69.33200073242188,True,True,45.88999938964844,0.0,75.18199920654297,True,True,43.150001525878906,0.0,74.44400024414062,True,True,41.439998626708984,0.0,75.61399841308594,True,True,40.560001373291016,0.0,69.04399871826172,True,True,-25.0,66.08999633789062,,,,41.64799880981445,210.0019989013672,42.2239990234375,144.0,36.0,
2021-08-07 10:00:00,,,,,33.81999969482422,0.0,73.3280029296875,True,True,86.9000015258789,0.0,73.94000244140625,True,True,49.04999923706055,0.0,74.8219985961914,True,True,34.779998779296875,0.0,87.04399871826172,True,True,39.790000915527344,0.0,73.7959976196289,True,True,39.86000061035156,0.0,74.73200225830078,True,True,41.56999969482422,0.0,69.9260025024414,True,True,43.70000076293945,0.0,75.23600006103516,True,True,38.400001525878906,0.0,74.40799713134766,True,True,35.189998626708984,0.0,75.63200378417969,True,True,45.36000061035156,0.0,69.76399993896484,True,True,-25.0,67.06999969482422,,,,40.81999969482422,210.0019989013672,41.28799819946289,144.0,36.0,
2021-08-07 10:15:00,,,,,38.88999938964844,0.0,75.34400177001953,True,True,82.55000305175781,0.0,73.97599792480469,True,True,46.5,0.0,74.80400085449219,True,True,35.66999816894531,0.0,88.75399780273438,True,True,37.900001525878906,0.0,73.76000213623047,True,True,45.13999938964844,0.0,77.16200256347656,True,True,42.06999969482422,0.0,70.98799896240234,True,True,44.91999816894531,0.0,75.18199920654297,True,True,37.75,0.0,74.44400024414062,True,True,32.45000076293945,0.0,75.63200378417969,True,True,29.6299991607666,0.8499999642372131,71.11399841308594,True,True,-25.0,66.83999633789062,,,,41.57600021362305,210.0019989013672,42.0260009765625,144.0,36.0,
2021-08-07 10:30:00,,,,,38.90999984741211,0.0,75.86599731445312,True,True,83.66999816894531,0.0,73.99400329589844,True,True,54.709999084472656,0.0,74.8219985961914,True,True,36.119998931884766,0.0,88.03399658203125,True,True,43.02000045776367,0.0,73.83200073242188,True,True,43.689998626708984,0.0,77.41400146484375,True,True,40.470001220703125,0.0,72.01399993896484,True,True,44.52000045776367,0.0,75.23600006103516,True,True,38.84000015258789,0.0,74.44400024414062,True,True,45.380001068115234,0.0,75.6500015258789,True,True,39.36000061035156,0.0,72.3740005493164,True,True,-25.0,66.44999694824219,,,,43.62799835205078,210.0019989013672,44.167999267578125,144.0,36.0,
2021-08-07 10:45:00,,,,,42.2400016784668,0.0,77.52200317382812,True,True,86.62999725341797,0.0,73.99400329589844,True,True,54.0099983215332,0.0,74.91200256347656,True,True,39.84000015258789,0.0,90.89600372314453,True,True,39.90999984741211,0.0,73.86799621582031,True,True,63.2400016784668,0.0,78.51200103759766,True,True,39.2400016784668,0.0,72.64399719238281,True,True,42.790000915527344,0.0,75.16400146484375,True,True,37.13999938964844,0.0,74.44400024414062,True,True,40.369998931884766,0.0,75.66799926757812,True,True,42.95000076293945,0.0,73.09400177001953,True,True,-25.0,68.06999969482422,,,,44.61800003051758,210.0019989013672,45.08599853515625,136.0,34.0,
2021-08-07 11:00:00,,,,,38.150001525878906,0.0,75.81199645996094,True,True,92.97000122070312,0.0,74.13800048828125,True,True,58.09000015258789,0.0,74.91200256347656,True,True,42.0099983215332,0.0,91.16600036621094,True,True,43.5099983215332,0.0,73.9219970703125,True,True,40.939998626708984,0.0,77.28800201416016,True,True,41.560001373291016,0.0,73.70600128173828,True,True,42.91999816894531,0.0,75.27200317382812,True,True,37.43000030517578,0.0,74.44400024414062,True,True,36.880001068115234,0.0,75.66799926757812,True,True,46.04999923706055,0.0,74.19200134277344,True,True,-25.0,65.11000061035156,,,,45.301998138427734,210.0019989013672,45.78799819946289,144.0,36.0,
2021-08-07 11:15:00,,,,,38.58000183105469,0.0,76.53199768066406,True,True,89.80000305175781,0.0,74.15599822998047,True,True,59.619998931884766,0.0,74.93000030517578,True,True,41.93000030517578,0.0,92.49800109863281,True,True,39.970001220703125,0.0,73.88600158691406,True,True,42.45000076293945,0.0,77.7020034790039,True,True,44.720001220703125,0.0,74.46199798583984,True,True,45.15999984741211,0.0,75.27200317382812,True,True,39.58000183105469,0.0,74.44400024414062,True,True,41.119998931884766,0.0,75.7040023803711,True,True,43.22999954223633,0.0,75.30799865722656,True,True,-25.0,65.13999938964844,,,,46.38199996948242,210.0019989013672,46.86800003051758,152.0,38.0,
2021-08-07 11:30:00,,,,,39.34000015258789,0.0,76.56800079345703,True,True,93.20999908447266,0.0,74.17400360107422,True,True,61.0099983215332,0.0,75.00199890136719,True,True,46.25,0.0,92.02999877929688,True,True,40.2400016784668,0.0,73.94000244140625,True,True,39.63999938964844,0.0,77.57599639892578,True,True,45.150001525878906,0.0,74.6780014038086,True,True,45.439998626708984,0.0,75.30799865722656,True,True,41.38999938964844,0.0,74.53399658203125,True,True,36.13999938964844,0.0,75.7040023803711,True,True,44.81999969482422,0.0,76.15399932861328,True,True,-25.0,68.6500015258789,,,,45.374000549316406,210.0019989013672,46.14799880981445,152.0,38.0,
2021-08-07 11:45:00,,,,,38.970001220703125,0.0,76.40599822998047,True,True,93.2699966430664,0.0,74.20999908447266,True,True,57.7400016784668,0.0,75.00199890136719,True,True,44.790000915527344,0.0,92.85800170898438,True,True,41.09000015258789,0.0,73.94000244140625,True,True,42.31999969482422,0.0,78.13400268554688,True,True,44.209999084472656,0.0,73.7959976196289,True,True,48.099998474121094,0.0,75.34400177001953,True,True,41.63999938964844,0.0,74.49800109863281,True,True,36.04999923706055,0.0,75.7040023803711,True,True,46.029998779296875,0.0,75.5780029296875,True,True,-25.0,68.0999984741211,,,,43.051998138427734,210.0019989013672,43.62799835205078,144.0,36.0,
2021-08-07 12:00:00,,,,,38.06999969482422,0.0,77.34200286865234,True,True,88.77999877929688,0.0,74.19200134277344,True,True,56.0099983215332,0.0,74.947998046875,True,True,38.70000076293945,0.0,93.52400207519531,True,True,40.189998626708984,0.0,73.94000244140625,True,True,38.7400016784668,0.0,77.8280029296875,True,True,44.9900016784668,0.0,73.63400268554688,True,True,46.2599983215332,0.0,75.36199951171875,True,True,41.70000076293945,0.0,74.4800033569336,True,True,40.2400016784668,0.0,75.7040023803711,True,True,43.4900016784668,0.0,74.12000274658203,True,True,-25.0,66.86000061035156,,,,41.486000061035156,210.0019989013672,42.097999572753906,144.0,36.0,
2021-08-07 12:15:00,,,,,47.66999816894531,0.0,76.85600280761719,True,True,87.30999755859375,0.0,74.19200134277344,True,True,50.56999969482422,0.0,74.96600341796875,True,True,32.540000915527344,0.0,92.13800048828125,True,True,40.459999084472656,0.0,73.94000244140625,True,True,36.459999084472656,0.0,78.5479965209961,True,True,44.540000915527344,0.0,73.95800018310547,True,True,47.150001525878906,0.0,75.34400177001953,True,True,40.720001220703125,0.0,74.44400024414062,True,True,46.970001220703125,0.0,75.7040023803711,True,True,41.93000030517578,0.0,74.91200256347656,True,True,-25.0,66.33999633789062,,,,41.88199996948242,210.0019989013672,42.242000579833984,144.0,36.0,
2021-08-07 12:30:00,,,,,42.439998626708984,0.0,77.3239974975586,True,True,87.31999969482422,0.0,74.17400360107422,True,True,49.0,0.0,75.00199890136719,True,True,39.7599983215332,0.0,92.46199798583984,True,True,43.599998474121094,0.0,73.7959976196289,True,True,37.540000915527344,0.0,78.5479965209961,True,True,40.630001068115234,0.0,74.19200134277344,True,True,48.290000915527344,0.0,75.29000091552734,True,True,36.9900016784668,0.0,74.44400024414062,True,True,40.56999969482422,0.0,75.68599700927734,True,True,40.849998474121094,0.0,75.09200286865234,True,True,-25.0,66.62000274658203,,,,42.74599838256836,210.0019989013672,43.231998443603516,152.0,38.0,
2021-08-07 12:45:00,,,,,42.27000045776367,0.0,78.45800018310547,True,True,89.37000274658203,0.0,74.17400360107422,True,True,54.25,0.0,75.00199890136719,True,True,40.810001373291016,0.0,92.49800109863281,True,True,42.880001068115234,0.0,73.95800018310547,True,True,38.279998779296875,0.0,78.18800354003906,True,True,39.84000015258789,0.0,74.53399658203125,True,True,51.54999923706055,0.0,75.25399780273438,True,True,33.41999816894531,0.0,74.40799713134766,True,True,41.290000915527344,0.0,75.7040023803711,True,True,40.22999954223633,0.0,75.50599670410156,True,True,-25.0,67.3499984741211,,,,41.28799819946289,210.0019989013672,41.827999114990234,144.0,36.0,
2021-08-07 13:00:00,,,,,35.7400016784668,0.0,76.15399932861328,True,True,88.0199966430664,0.0,74.15599822998047,True,True,49.650001525878906,0.0,75.0739974975586,True,True,38.9900016784668,0.0,91.43599700927734,True,True,42.650001525878906,0.0,73.97599792480469,True,True,37.380001068115234,0.0,78.65599822998047,True,True,41.77000045776367,0.0,74.80400085449219,True,True,46.56999969482422,0.0,75.37999725341797,True,True,39.209999084472656,0.0,74.46199798583984,True,True,41.27000045776367,0.0,75.68599700927734,True,True,40.279998779296875,0.0,75.63200378417969,True,True,-25.0,67.44999694824219,,,,58.20800018310547,210.0019989013672,56.49800109863281,152.0,38.0,
2021-08-07 13:15:00,,,,,48.29999923706055,0.0,75.61399841308594,True,True,100.0,0.0,74.13800048828125,True,True,68.6500015258789,0.0,75.18199920654297,True,True,56.810001373291016,0.0,93.99199676513672,True,True,49.459999084472656,0.0,73.99400329589844,True,True,52.310001373291016,0.0,77.86399841308594,True,True,43.34000015258789,0.0,74.8759994506836,True,True,49.61000061035156,0.0,75.37999725341797,True,True,39.68000030517578,0.0,74.44400024414062,True,True,40.02000045776367,0.0,75.68599700927734,True,True,41.5,0.0,75.93800354003906,True,True,-25.0,77.4800033569336,,,,51.763999938964844,210.0019989013672,52.48400115966797,144.0,36.0,
2021-08-07 13:30:00,,,,,38.630001068115234,0.0,75.4520034790039,True,True,100.0,0.0,74.22799682617188,True,True,60.779998779296875,0.0,75.09200286865234,True,True,41.0,0.0,94.83799743652344,True,True,43.470001220703125,0.0,74.12000274658203,True,True,42.11000061035156,0.0,78.67400360107422,True,True,41.16999816894531,0.0,75.0199966430664,True,True,48.61000061035156,0.0,75.41600036621094,True,True,37.04999923706055,0.0,74.49800109863281,True,True,43.7400016784668,0.0,75.7760009765625,True,True,44.47999954223633,0.0,75.37999725341797,True,True,-25.0,82.0999984741211,,,,45.715999603271484,210.0019989013672,46.00400161743164,144.0,36.0,
2021-08-07 13:45:00,,,,,37.779998779296875,0.0,75.37999725341797,True,True,99.9000015258789,0.0,74.31800079345703,True,True,60.119998931884766,0.0,75.16400146484375,True,True,39.619998931884766,0.0,90.44599914550781,True,True,44.56999969482422,0.0,74.06600189208984,True,True,40.31999969482422,0.0,78.63800048828125,True,True,61.150001525878906,0.0,74.8219985961914,True,True,50.08000183105469,0.0,75.30799865722656,True,True,50.08000183105469,0.0,74.56999969482422,True,True,38.880001068115234,0.0,75.81199645996094,True,True,55.619998931884766,0.0,75.37999725341797,True,True,-25.0,69.30000305175781,,,,45.805999755859375,210.0019989013672,46.14799880981445,152.0,38.0,
2021-08-07 14:00:00,,,,,41.630001068115234,0.0,75.37999725341797,True,True,100.0,0.0,74.33599853515625,True,True,57.56999969482422,0.0,75.09200286865234,True,True,43.029998779296875,0.0,92.06600189208984,True,True,45.16999816894531,0.0,74.12000274658203,True,True,41.95000076293945,0.0,78.13400268554688,True,True,46.58000183105469,0.0,74.78600311279297,True,True,56.83000183105469,0.0,75.54199981689453,True,True,40.72999954223633,0.0,74.6240005493164,True,True,44.0099983215332,0.0,75.88400268554688,True,True,46.52000045776367,0.0,76.11799621582031,True,True,-25.0,68.80999755859375,,,,45.78799819946289,210.0019989013672,46.36399841308594,144.0,36.0,
2021-08-07 14:15:00,,,,,36.77000045776367,0.0,75.37999725341797,True,True,100.0,0.0,74.33599853515625,True,True,56.97999954223633,0.0,75.09200286865234,True,True,43.709999084472656,0.0,92.4260025024414,True,True,41.939998626708984,0.0,74.17400360107422,True,True,42.029998779296875,0.0,78.9260025024414,True,True,42.65999984741211,0.0,74.71399688720703,True,True,50.65999984741211,0.0,75.41600036621094,True,True,39.11000061035156,0.0,74.58799743652344,True,True,41.09000015258789,0.0,75.93800354003906,True,True,42.72999954223633,0.0,74.85800170898438,True,True,-25.0,70.0199966430664,,,,45.194000244140625,210.0019989013672,45.571998596191406,152.0,38.0,
2021-08-07 14:30:00,,,,,38.220001220703125,0.0,75.21800231933594,True,True,100.0,0.0,74.35399627685547,True,True,59.52000045776367,0.0,75.12799835205078,True,True,42.040000915527344,0.0,93.88400268554688,True,True,42.150001525878906,0.0,74.13800048828125,True,True,40.93000030517578,0.0,78.58399963378906,True,True,44.13999938964844,0.0,74.89399719238281,True,True,50.27000045776367,0.0,75.54199981689453,True,True,42.27000045776367,0.0,74.64199829101562,True,True,41.119998931884766,0.0,75.99199676513672,True,True,43.470001220703125,0.0,75.37999725341797,True,True,-25.0,69.94999694824219,,,,44.00600051879883,210.0019989013672,44.762001037597656,144.0,36.0,
2021-08-07 14:45:00,,,,,35.310001373291016,0.0,75.23600006103516,True,True,100.0,0.0,74.35399627685547,True,True,53.08000183105469,0.0,75.03800201416016,True,True,37.45000076293945,0.0,93.54199981689453,True,True,40.29999923706055,0.0,74.15599822998047,True,True,39.130001068115234,0.0,77.48600006103516,True,True,44.61000061035156,0.0,74.8219985961914,True,True,50.189998626708984,0.0,75.4520034790039,True,True,40.91999816894531,0.0,74.66000366210938,True,True,36.20000076293945,0.0,76.0999984741211,True,True,47.7400016784668,0.0,75.21800231933594,True,True,-25.0,69.70999908447266,,,,41.59400177001953,210.0019989013672,42.1879997253418,152.0,38.0,
2021-08-07 15:00:00,,,,,40.45000076293945,0.0,75.23600006103516,True,True,100.0,0.0,74.28199768066406,True,True,49.93000030517578,0.0,75.05599975585938,True,True,36.040000915527344,0.0,96.40399932861328,True,True,40.27000045776367,0.0,74.19200134277344,True,True,39.09000015258789,0.0,77.10800170898438,True,True,42.81999969482422,0.0,75.00199890136719,True,True,49.209999084472656,0.0,75.5780029296875,True,True,40.540000915527344,0.0,74.78600311279297,True,True,39.61000061035156,0.0,76.1719970703125,True,True,43.63999938964844,0.0,75.0739974975586,True,True,-25.0,67.63999938964844,,,,42.69200134277344,210.0019989013672,42.854000091552734,144.0,36.0,
2021-08-07 15:15:00,,,,,42.029998779296875,0.0,75.36199951171875,True,True,100.0,0.0,74.22799682617188,True,True,59.189998626708984,0.0,75.09200286865234,True,True,40.040000915527344,0.0,96.04399871826172,True,True,42.27000045776367,0.0,74.20999908447266,True,True,36.52000045776367,0.0,78.0260009765625,True,True,41.54999923706055,0.0,75.18199920654297,True,True,44.90999984741211,0.0,75.54199981689453,True,True,44.81999969482422,0.0,74.75,True,True,43.83000183105469,0.0,76.1719970703125,True,True,52.400001525878906,0.0,75.19999694824219,True,True,-25.0,68.36000061035156,,,,45.24800109863281,210.0019989013672,46.09400177001953,152.0,38.0,
2021-08-07 15:30:00,,,,,35.47999954223633,0.0,75.36199951171875,True,True,100.0,0.0,74.20999908447266,True,True,56.720001220703125,0.0,75.12799835205078,True,True,43.2599983215332,0.0,93.88400268554688,True,True,44.0099983215332,0.0,74.17400360107422,True,True,40.27000045776367,0.0,79.25,True,True,41.310001373291016,0.0,75.50599670410156,True,True,48.95000076293945,0.0,75.55999755859375,True,True,31.610000610351562,0.0,74.78600311279297,True,True,44.16999816894531,0.0,76.31600189208984,True,True,45.65999984741211,0.0,75.81199645996094,True,True,-25.0,69.80999755859375,,,,44.762001037597656,210.0019989013672,45.15800094604492,152.0,38.0,
2021-08-07 15:45:00,,,,,34.9900016784668,0.0,75.52400207519531,True,True,100.0,0.0,74.22799682617188,True,True,56.91999816894531,0.0,75.18199920654297,True,True,41.04999923706055,0.0,95.16200256347656,True,True,46.08000183105469,0.0,74.22799682617188,True,True,44.70000076293945,0.0,79.28600311279297,True,True,43.040000915527344,0.0,75.47000122070312,True,True,48.529998779296875,0.0,75.61399841308594,True,True,46.9900016784668,0.0,74.80400085449219,True,True,42.02000045776367,0.0,76.37000274658203,True,True,49.7599983215332,0.0,75.75800323486328,True,True,-25.0,70.33999633789062,,,,43.52000045776367,210.0019989013672,43.84400177001953,144.0,36.0,
2021-08-07 16:00:00,,,,,39.11000061035156,0.0,75.54199981689453,True,True,100.0,0.0,74.26399993896484,True,True,59.869998931884766,0.0,75.16400146484375,True,True,39.279998779296875,0.0,96.04399871826172,True,True,41.029998779296875,0.0,74.26399993896484,True,True,42.22999954223633,0.0,79.50199890136719,True,True,44.47999954223633,0.0,75.54199981689453,True,True,51.58000183105469,0.0,75.72200012207031,True,True,42.540000915527344,0.0,74.83999633789062,True,True,44.45000076293945,0.0,76.37000274658203,True,True,49.7400016784668,0.0,76.1719970703125,True,True,-25.0,69.30000305175781,,,,44.88800048828125,210.0019989013672,45.21200180053711,144.0,36.0,
2021-08-07 16:15:00,,,,,36.970001220703125,0.0,75.54199981689453,True,True,100.0,0.0,74.28199768066406,True,True,54.970001220703125,0.0,75.12799835205078,True,True,41.040000915527344,0.0,96.58399963378906,True,True,44.959999084472656,0.0,74.31800079345703,True,True,42.54999923706055,0.0,78.38600158691406,True,True,44.619998931884766,0.0,75.39800262451172,True,True,50.16999816894531,0.0,75.75800323486328,True,True,37.119998931884766,0.0,74.89399719238281,True,True,44.040000915527344,0.0,76.47799682617188,True,True,49.25,0.0,75.9739990234375,True,True,-25.0,69.2699966430664,,,,42.31399917602539,210.0019989013672,42.92599868774414,152.0,38.0,
2021-08-07 16:30:00,,,,,34.349998474121094,0.0,75.59600067138672,True,True,91.88999938964844,0.0,74.20999908447266,True,True,51.18000030517578,0.0,75.16400146484375,True,True,36.5099983215332,0.0,93.83000183105469,True,True,39.97999954223633,0.0,74.28199768066406,True,True,40.099998474121094,0.0,80.00599670410156,True,True,43.470001220703125,0.0,76.62200164794922,True,True,47.720001220703125,0.0,75.72200012207031,True,True,45.75,0.0,74.96600341796875,True,True,51.83000183105469,0.0,76.53199768066406,True,True,51.599998474121094,0.0,77.61199951171875,True,True,-25.0,70.23999786376953,,,,42.1879997253418,210.0019989013672,42.45800018310547,144.0,36.0,
2021-08-07 16:45:00,,,,,38.869998931884766,0.0,75.8479995727539,True,True,95.05000305175781,0.0,74.22799682617188,True,True,55.68000030517578,0.0,75.12799835205078,True,True,34.310001373291016,0.0,89.72599792480469,True,True,51.16999816894531,0.0,74.28199768066406,True,True,41.31999969482422,0.0,79.82599639892578,True,True,44.599998474121094,0.0,76.8740005493164,True,True,48.970001220703125,0.0,75.68599700927734,True,True,42.54999923706055,0.0,74.96600341796875,True,True,45.4900016784668,0.0,76.65799713134766,True,True,50.79999923706055,0.0,78.2239990234375,True,True,-25.0,66.68000030517578,,,,42.349998474121094,210.0019989013672,42.763999938964844,152.0,38.0,
2021-08-07 17:00:00,,,,,32.54999923706055,0.0,75.7040023803711,True,True,95.25,0.0,74.20999908447266,True,True,49.65999984741211,0.0,75.09200286865234,True,True,38.97999954223633,0.0,89.69000244140625,True,True,43.25,0.0,74.22799682617188,True,True,42.79999923706055,0.0,79.14199829101562,True,True,40.25,0.0,77.30599975585938,True,True,47.310001373291016,0.0,75.72200012207031,True,True,39.470001220703125,0.0,74.98400115966797,True,True,33.22999954223633,0.0,76.60399627685547,True,True,51.83000183105469,0.0,78.1520004272461,True,True,-25.0,67.36000061035156,,,,41.25199890136719,210.0019989013672,41.28799819946289,144.0,36.0,
2021-08-07 17:15:00,,,,,31.90999984741211,0.0,75.7040023803711,True,True,96.7300033569336,0.0,74.26399993896484,True,True,51.04999923706055,0.0,75.09200286865234,True,True,36.47999954223633,0.0,92.6780014038086,True,True,40.02000045776367,0.0,74.30000305175781,True,True,42.43000030517578,0.0,78.31400299072266,True,True,42.31999969482422,0.0,77.30599975585938,True,True,46.13999938964844,0.0,75.72200012207031,True,True,36.970001220703125,0.0,74.89399719238281,True,True,41.36000061035156,0.0,76.65799713134766,True,True,47.150001525878906,0.0,78.4219970703125,True,True,-25.0,65.5,,,,42.27799987792969,210.0019989013672,42.63800048828125,144.0,36.0,
2021-08-07 17:30:00,,,,,39.810001373291016,0.0,75.72200012207031,True,True,100.0,0.0,74.24600219726562,True,True,57.43000030517578,0.0,75.19999694824219,True,True,42.349998474121094,0.0,97.66400146484375,True,True,43.2599983215332,0.0,74.26399993896484,True,True,43.540000915527344,0.0,78.13400268554688,True,True,41.29999923706055,0.0,76.6760025024414,True,True,48.25,0.0,75.75800323486328,True,True,40.130001068115234,0.0,74.91200256347656,True,True,41.849998474121094,0.0,76.7300033569336,True,True,47.779998779296875,0.0,77.73799896240234,True,True,-25.0,65.38999938964844,,,,44.02399826049805,210.0019989013672,44.257999420166016,144.0,36.0,
2021-08-07 17:45:00,,,,,39.470001220703125,0.0,76.58599853515625,True,True,95.56999969482422,0.0,74.31800079345703,True,True,60.13999938964844,0.0,75.16400146484375,True,True,51.310001373291016,0.0,97.21399688720703,True,True,47.369998931884766,0.0,74.31800079345703,True,True,46.36000061035156,0.0,78.36799621582031,True,True,41.040000915527344,0.0,76.51399993896484,True,True,48.33000183105469,0.0,75.68599700927734,True,True,41.119998931884766,0.0,75.00199890136719,True,True,47.63999938964844,0.0,76.7300033569336,True,True,51.349998474121094,0.0,77.34200286865234,True,True,-25.0,69.30000305175781,,,,42.58399963378906,210.0019989013672,43.2859992980957,144.0,36.0,
2021-08-07 18:00:00,,,,,34.279998779296875,0.0,76.65799713134766,True,True,95.37000274658203,0.0,74.35399627685547,True,True,49.7400016784668,0.0,75.25399780273438,True,True,46.619998931884766,0.0,96.13400268554688,True,True,38.150001525878906,0.0,74.30000305175781,True,True,41.290000915527344,0.0,77.37799835205078,True,True,42.720001220703125,0.0,74.64199829101562,True,True,43.95000076293945,0.0,75.75800323486328,True,True,44.33000183105469,0.0,74.89399719238281,True,True,41.2400016784668,0.0,76.71199798583984,True,True,46.04999923706055,0.0,74.30000305175781,True,True,-25.0,65.83999633789062,,,,41.75600051879883,210.0019989013672,42.1879997253418,144.0,36.0,
2021-08-07 18:15:00,,,,,37.11000061035156,0.0,76.15399932861328,True,True,96.05000305175781,0.0,74.37200164794922,True,True,51.279998779296875,0.0,75.12799835205078,True,True,46.4900016784668,0.0,94.62200164794922,True,True,41.90999984741211,0.0,74.15599822998047,True,True,40.84000015258789,0.0,76.56800079345703,True,True,43.560001373291016,0.0,74.40799713134766,True,True,49.970001220703125,0.0,75.8479995727539,True,True,36.709999084472656,0.0,74.91200256347656,True,True,45.06999969482422,0.0,76.71199798583984,True,True,47.88999938964844,0.0,74.37200164794922,True,True,-25.0,65.26000213623047,,,,41.88199996948242,210.0019989013672,42.529998779296875,152.0,38.0,
2021-08-07 18:30:00,,,,,36.83000183105469,0.0,74.89399719238281,True,True,97.38999938964844,0.0,74.37200164794922,True,True,54.29999923706055,0.0,75.0739974975586,True,True,47.97999954223633,0.0,93.7040023803711,True,True,41.75,0.0,74.17400360107422,True,True,39.81999969482422,0.0,75.54199981689453,True,True,40.79999923706055,0.0,73.12999725341797,True,True,49.220001220703125,0.0,75.86599731445312,True,True,36.65999984741211,0.0,74.98400115966797,True,True,48.06999969482422,0.0,76.71199798583984,True,True,49.43000030517578,0.0,72.35600280761719,True,True,-25.0,65.06999969482422,,,,41.52199935913086,210.0019989013672,41.88199996948242,152.0,38.0,
2021-08-07 18:45:00,,,,,36.22999954223633,0.0,74.60600280761719,True,True,98.05000305175781,0.0,74.26399993896484,True,True,50.7400016784668,0.0,75.05599975585938,True,True,47.68000030517578,0.0,94.1719970703125,True,True,43.66999816894531,0.0,74.08399963378906,True,True,39.65999984741211,0.0,75.19999694824219,True,True,39.459999084472656,0.0,72.39199829101562,True,True,46.56999969482422,0.0,75.8479995727539,True,True,42.959999084472656,0.0,74.91200256347656,True,True,44.220001220703125,0.0,76.56800079345703,True,True,50.529998779296875,0.0,71.18599700927734,True,True,-25.0,66.38999938964844,,,,41.70199966430664,210.0019989013672,42.11600112915039,144.0,36.0,
2021-08-07 19:00:00,,,,,32.650001525878906,0.0,74.02999877929688,True,True,100.0,0.0,74.20999908447266,True,True,53.540000915527344,0.0,74.98400115966797,True,True,44.40999984741211,0.0,85.63999938964844,True,True,41.689998626708984,0.0,74.06600189208984,True,True,35.810001373291016,0.0,74.49800109863281,True,True,40.63999938964844,0.0,72.35600280761719,True,True,48.52000045776367,0.0,75.75800323486328,True,True,44.63999938964844,0.0,74.83999633789062,True,True,39.91999816894531,0.0,76.56800079345703,True,True,49.68000030517578,0.0,71.52799987792969,True,True,-25.0,66.2300033569336,,,,41.77399826049805,210.0019989013672,42.11600112915039,152.0,38.0,
2021-08-07 19:15:00,,,,,31.43000030517578,0.0,73.38200378417969,True,True,89.80999755859375,0.0,74.22799682617188,True,True,50.279998779296875,0.0,75.00199890136719,True,True,45.41999816894531,0.0,85.2979965209961,True,True,40.36000061035156,0.0,74.08399963378906,True,True,41.529998779296875,0.0,73.94000244140625,True,True,39.54999923706055,0.0,71.56400299072266,True,True,45.81999969482422,0.0,75.61399841308594,True,True,38.540000915527344,0.0,74.75,True,True,40.0099983215332,0.0,76.47799682617188,True,True,49.83000183105469,0.0,70.55599975585938,True,True,-25.0,67.94000244140625,,,,41.79199981689453,210.0019989013672,42.20600128173828,144.0,36.0,
2021-08-07 19:30:00,,,,,31.079999923706055,0.0,72.35600280761719,True,True,88.0,0.0,74.26399993896484,True,True,49.56999969482422,0.0,74.98400115966797,True,True,44.77000045776367,0.0,85.40599822998047,True,True,37.709999084472656,0.0,73.90399932861328,True,True,41.29999923706055,0.0,73.30999755859375,True,True,41.33000183105469,0.0,71.09600067138672,True,True,48.709999084472656,0.0,75.55999755859375,True,True,38.22999954223633,0.0,74.75,True,True,41.970001220703125,0.0,76.42400360107422,True,True,41.959999084472656,0.0,70.01599884033203,True,True,-25.0,65.91000366210938,,,,41.79199981689453,210.0019989013672,42.20600128173828,144.0,36.0,
2021-08-07 19:45:00,,,,,35.61000061035156,0.0,71.76200103759766,True,True,88.37999725341797,0.0,74.22799682617188,True,True,49.81999969482422,0.0,75.00199890136719,True,True,44.810001373291016,0.0,84.9020004272461,True,True,43.0,0.0,73.81400299072266,True,True,41.54999923706055,0.0,72.55400085449219,True,True,38.560001373291016,0.0,70.62799835205078,True,True,48.0,0.0,75.50599670410156,True,True,37.41999816894531,0.0,74.73200225830078,True,True,43.75,0.0,76.38800048828125,True,True,41.459999084472656,0.0,69.87200164794922,True,True,-25.0,65.5199966430664,,,,44.33000183105469,210.0019989013672,44.402000427246094,144.0,36.0,
2021-08-07 20:00:00,,,,,32.88999938964844,0.0,71.7979965209961,True,True,85.83999633789062,0.0,74.19200134277344,True,True,50.95000076293945,0.0,75.0199966430664,True,True,47.470001220703125,0.0,84.34400177001953,True,True,40.0099983215332,0.0,73.77799987792969,True,True,43.08000183105469,0.0,72.46399688720703,True,True,39.130001068115234,0.0,70.03399658203125,True,True,46.61000061035156,0.0,75.54199981689453,True,True,37.5099983215332,0.0,74.71399688720703,True,True,38.439998626708984,0.0,76.35199737548828,True,True,39.79999923706055,0.0,68.77400207519531,True,True,-25.0,67.8499984741211,,,,42.0260009765625,210.0019989013672,42.529998779296875,144.0,36.0,
2021-08-07 20:15:00,,,,,34.459999084472656,0.0,71.88800048828125,True,True,89.2699966430664,0.0,74.19200134277344,True,True,48.79999923706055,0.0,74.947998046875,True,True,45.2400016784668,0.0,83.69599914550781,True,True,37.61000061035156,0.0,73.63400268554688,True,True,41.58000183105469,0.0,71.43800354003906,True,True,38.52000045776367,0.0,69.47599792480469,True,True,44.93000030517578,0.0,75.37999725341797,True,True,40.08000183105469,0.0,74.69599914550781,True,True,45.31999969482422,0.0,76.35199737548828,True,True,42.2400016784668,0.0,67.8740005493164,True,True,-25.0,66.36000061035156,,,,41.59400177001953,210.0019989013672,42.04399871826172,144.0,36.0,
2021-08-07 20:30:00,,,,,34.650001525878906,0.0,71.88800048828125,True,True,84.4800033569336,0.0,74.17400360107422,True,True,45.72999954223633,0.0,75.14600372314453,True,True,44.33000183105469,0.0,83.58799743652344,True,True,36.27000045776367,0.0,73.5979995727539,True,True,41.11000061035156,0.0,71.11399841308594,True,True,40.54999923706055,0.0,68.97200012207031,True,True,50.2400016784668,0.0,75.37999725341797,True,True,37.81999969482422,0.0,74.6780014038086,True,True,40.72999954223633,0.0,76.2979965209961,True,True,44.709999084472656,0.0,67.31600189208984,True,True,-25.0,65.86000061035156,,,,41.50400161743164,210.0019989013672,42.007999420166016,144.0,36.0,
2021-08-07 20:45:00,,,,,30.100000381469727,0.0,71.63600158691406,True,True,84.29000091552734,0.0,74.15599822998047,True,True,48.65999984741211,0.0,74.8759994506836,True,True,47.720001220703125,0.0,90.4280014038086,True,True,38.599998474121094,0.0,73.63400268554688,True,True,36.709999084472656,0.0,70.97000122070312,True,True,38.31999969482422,0.0,68.46800231933594,True,True,48.029998779296875,0.0,75.16400146484375,True,True,35.720001220703125,0.0,74.64199829101562,True,True,38.220001220703125,0.0,76.2979965209961,True,True,38.70000076293945,0.0,66.81199645996094,True,True,-25.0,67.36000061035156,,,,41.45000076293945,210.0019989013672,41.88199996948242,152.0,38.0,
2021-08-07 21:00:00,,,,,34.84000015258789,0.0,70.98799896240234,True,True,88.2300033569336,0.0,74.06600189208984,True,True,47.68000030517578,0.0,74.947998046875,True,True,48.5,0.0,91.41799926757812,True,True,36.970001220703125,0.0,73.50800323486328,True,True,35.52000045776367,0.0,70.75399780273438,True,True,38.040000915527344,0.0,67.96399688720703,True,True,46.86000061035156,0.0,74.89399719238281,True,True,37.720001220703125,0.0,74.66000366210938,True,True,39.880001068115234,0.0,76.24400329589844,True,True,42.45000076293945,0.0,66.32599639892578,True,True,-25.0,67.19000244140625,,,,41.37799835205078,210.0019989013672,41.827999114990234,144.0,36.0,
2021-08-07 21:15:00,,,,,30.170000076293945,0.0,70.59200286865234,True,True,83.06999969482422,0.0,73.99400329589844,True,True,47.91999816894531,0.0,74.947998046875,True,True,48.81999969482422,0.0,90.78800201416016,True,True,37.310001373291016,0.0,73.41799926757812,True,True,35.11000061035156,0.0,70.50199890136719,True,True,37.349998474121094,0.0,67.69400024414062,True,True,46.97999954223633,0.0,75.18199920654297,True,True,37.34000015258789,0.0,74.64199829101562,True,True,37.650001525878906,0.0,76.20800018310547,True,True,53.619998931884766,0.0,65.96600341796875,True,True,-25.0,66.9800033569336,,,,41.52199935913086,210.0019989013672,41.88199996948242,144.0,36.0,
2021-08-07 21:30:00,,,,,30.68000030517578,0.0,70.73600006103516,True,True,87.94000244140625,0.0,73.99400329589844,True,True,47.95000076293945,0.0,74.91200256347656,True,True,43.45000076293945,0.0,82.70600128173828,True,True,38.47999954223633,0.0,73.47200012207031,True,True,34.77000045776367,0.0,70.48400115966797,True,True,38.04999923706055,0.0,67.44200134277344,True,True,46.7599983215332,0.0,75.00199890136719,True,True,36.869998931884766,0.0,74.66000366210938,True,True,44.93000030517578,0.0,76.13600158691406,True,True,40.810001373291016,0.0,65.78600311279297,True,True,-25.0,66.2699966430664,,,,41.395999908447266,210.0019989013672,41.84600067138672,152.0,38.0,
2021-08-07 21:45:00,,,,,37.56999969482422,0.0,71.4739990234375,True,True,82.6500015258789,0.0,74.0479965209961,True,True,47.209999084472656,0.0,74.947998046875,True,True,43.790000915527344,0.0,82.11199951171875,True,True,37.349998474121094,0.0,73.36399841308594,True,True,34.560001373291016,0.0,70.1780014038086,True,True,38.52000045776367,0.0,67.2979965209961,True,True,45.95000076293945,0.0,75.0199966430664,True,True,37.189998626708984,0.0,74.58799743652344,True,True,33.22999954223633,0.0,76.0999984741211,True,True,40.060001373291016,0.0,65.6780014038086,True,True,-25.0,64.62000274658203,,,,41.395999908447266,210.0019989013672,41.827999114990234,144.0,36.0,
2021-08-07 22:00:00,,,,,30.40999984741211,0.0,71.61799621582031,True,True,87.58000183105469,0.0,73.99400329589844,True,True,47.689998626708984,0.0,74.8219985961914,True,True,43.90999984741211,0.0,83.01200103759766,True,True,38.31999969482422,0.0,73.36399841308594,True,True,34.540000915527344,0.0,69.13400268554688,True,True,38.619998931884766,0.0,67.02799987792969,True,True,47.220001220703125,0.0,74.96600341796875,True,True,37.290000915527344,0.0,74.552001953125,True,True,34.7400016784668,0.0,76.06400299072266,True,True,41.790000915527344,0.0,65.49800109863281,True,True,-25.0,66.81999969482422,,,,41.34199905395508,210.0019989013672,41.827999114990234,136.0,34.0,
2021-08-07 22:15:00,,,,,33.36000061035156,0.0,71.70800018310547,True,True,86.63999938964844,0.0,73.99400329589844,True,True,47.619998931884766,0.0,75.05599975585938,True,True,43.47999954223633,0.0,83.4800033569336,True,True,39.029998779296875,0.0,73.38200378417969,True,True,34.31999969482422,0.0,68.91799926757812,True,True,38.5099983215332,0.0,67.02799987792969,True,True,42.84000015258789,0.0,74.947998046875,True,True,36.83000183105469,0.0,74.60600280761719,True,True,41.41999816894531,0.0,76.0999984741211,True,True,52.7400016784668,0.0,65.4260025024414,True,True,-25.0,67.06999969482422,,,,41.37799835205078,210.0019989013672,41.86399841308594,144.0,36.0,
2021-08-07 22:30:00,,,,,36.90999984741211,0.0,70.41200256347656,True,True,86.62999725341797,0.0,74.01200103759766,True,True,50.349998474121094,0.0,74.91200256347656,True,True,42.68000030517578,0.0,82.7959976196289,True,True,36.52000045776367,0.0,73.3280029296875,True,True,32.97999954223633,0.0,68.3239974975586,True,True,38.2400016784668,0.0,66.86599731445312,True,True,48.43000030517578,0.0,75.16400146484375,True,True,36.650001525878906,0.0,74.552001953125,True,True,35.439998626708984,0.0,76.06400299072266,True,True,40.7599983215332,0.0,65.4260025024414,True,True,-25.0,66.79000091552734,,,,41.52199935913086,210.0019989013672,41.93600082397461,144.0,36.0,
2021-08-07 22:45:00,,,,,28.700000762939453,0.0,67.26200103759766,True,True,81.80999755859375,0.0,74.0479965209961,True,True,46.58000183105469,0.0,74.93000030517578,True,True,43.209999084472656,0.0,82.5979995727539,True,True,37.279998779296875,0.0,73.22000122070312,True,True,31.739999771118164,0.0,68.37799835205078,True,True,38.189998626708984,0.0,66.8479995727539,True,True,45.68000030517578,0.0,75.21800231933594,True,True,39.11000061035156,0.0,74.4800033569336,True,True,40.61000061035156,0.0,76.11799621582031,True,True,40.29999923706055,0.0,65.4260025024414,True,True,-25.0,48.279998779296875,,,,41.50400161743164,210.0019989013672,41.88199996948242,144.0,36.0,
2021-08-07 23:00:00,,,,,33.54999923706055,0.0,66.72200012207031,True,True,82.12000274658203,0.0,73.99400329589844,True,True,48.2400016784668,0.0,74.93000030517578,True,True,43.75,0.0,82.34600067138672,True,True,37.06999969482422,0.0,73.16600036621094,True,True,31.25,0.0,68.23400115966797,True,True,37.099998474121094,0.0,66.91999816894531,True,True,47.88999938964844,0.0,75.14600372314453,True,True,37.11000061035156,0.0,74.44400024414062,True,True,36.79999923706055,0.0,76.06400299072266,True,True,40.34000015258789,0.0,65.4800033569336,True,True,-25.0,73.1500015258789,,,,41.28799819946289,210.0019989013672,41.827999114990234,144.0,36.0,
2021-08-07 23:15:00,,,,,28.809999465942383,0.0,66.52400207519531,True,True,86.44000244140625,0.0,73.99400329589844,True,True,46.689998626708984,0.0,74.91200256347656,True,True,43.0,0.0,81.93199920654297,True,True,35.88999938964844,0.0,73.07599639892578,True,True,44.58000183105469,0.0,68.197998046875,True,True,40.45000076293945,0.0,66.95600128173828,True,True,47.34000015258789,0.0,75.19999694824219,True,True,36.95000076293945,0.0,74.37200164794922,True,True,39.25,0.0,76.0459976196289,True,True,38.58000183105469,0.0,65.51599884033203,True,True,-25.0,67.36000061035156,,,,40.94599914550781,210.0019989013672,41.41400146484375,144.0,36.0,
2021-08-07 23:30:00,,,,,30.520000457763672,0.0,66.36199951171875,True,True,85.5999984741211,0.0,73.97599792480469,True,True,48.81999969482422,0.0,75.0199966430664,True,True,42.7400016784668,0.0,81.8239974975586,True,True,39.41999816894531,0.0,73.16600036621094,True,True,33.54999923706055,0.0,67.65799713134766,True,True,39.81999969482422,0.0,66.59600067138672,True,True,48.13999938964844,0.0,75.03800201416016,True,True,36.02000045776367,0.0,74.40799713134766,True,True,43.47999954223633,0.0,75.93800354003906,True,True,39.43000030517578,0.0,65.4260025024414,True,True,-25.0,76.11000061035156,,,,46.54399871826172,210.0019989013672,46.7239990234375,152.0,38.0,
2021-08-07 23:45:00,,,,,33.79999923706055,0.0,66.12799835205078,True,True,94.58999633789062,0.0,73.99400329589844,True,True,57.9900016784668,0.0,74.85800170898438,True,True,52.459999084472656,0.0,81.60800170898438,True,True,40.560001373291016,0.0,73.14800262451172,True,True,38.209999084472656,0.0,67.6760025024414,True,True,39.34000015258789,0.0,66.7040023803711,True,True,48.0,0.0,75.0199966430664,True,True,34.900001525878906,0.0,74.33599853515625,True,True,42.20000076293945,0.0,75.91999816894531,True,True,38.150001525878906,0.0,65.26399993896484,True,True,-25.0,78.87000274658203,,,,47.31800079345703,210.0019989013672,48.09199905395508,144.0,36.0,
2021-08-08 00:00:00,,,,,36.47999954223633,0.0,66.36199951171875,True,True,100.0,0.0,74.13800048828125,True,True,53.75,0.0,74.96600341796875,True,True,53.2599983215332,0.0,82.16600036621094,True,True,41.27000045776367,0.0,73.07599639892578,True,True,37.779998779296875,0.0,67.58599853515625,True,True,39.11000061035156,0.0,66.79399871826172,True,True,48.439998626708984,0.0,75.00199890136719,True,True,36.70000076293945,0.0,74.26399993896484,True,True,36.88999938964844,0.0,75.88400268554688,True,True,37.0099983215332,0.0,65.26399993896484,True,True,-25.0,71.29000091552734,,,,44.72600173950195,210.0019989013672,45.24800109863281,144.0,36.0,
2021-08-08 00:15:00,,,,,35.779998779296875,0.0,66.55999755859375,True,True,100.0,0.0,74.15599822998047,True,True,51.189998626708984,0.0,74.91200256347656,True,True,50.599998474121094,0.0,82.11199951171875,True,True,37.279998779296875,0.0,73.09400177001953,True,True,36.150001525878906,0.0,67.6760025024414,True,True,42.529998779296875,0.0,66.61399841308594,True,True,48.15999984741211,0.0,75.09200286865234,True,True,40.650001525878906,0.0,74.30000305175781,True,True,40.619998931884766,0.0,75.86599731445312,True,True,42.619998931884766,0.0,65.12000274658203,True,True,-25.0,71.30999755859375,,,,44.816001892089844,210.0019989013672,45.08599853515625,144.0,36.0,
2021-08-08 00:30:00,,,,,36.310001373291016,0.0,66.39800262451172,True,True,100.0,0.0,74.17400360107422,True,True,55.33000183105469,0.0,75.05599975585938,True,True,50.650001525878906,0.0,81.93199920654297,True,True,39.65999984741211,0.0,73.16600036621094,True,True,34.279998779296875,0.0,67.35199737548828,True,True,43.560001373291016,0.0,66.95600128173828,True,True,53.34000015258789,0.0,74.76799774169922,True,True,39.380001068115234,0.0,74.28199768066406,True,True,37.880001068115234,0.0,75.88400268554688,True,True,43.560001373291016,0.0,65.31800079345703,True,True,-25.0,70.73999786376953,,,,44.167999267578125,210.0019989013672,44.816001892089844,152.0,38.0,
2021-08-08 00:45:00,,,,,34.20000076293945,0.0,66.0199966430664,True,True,100.0,0.0,74.15599822998047,True,True,49.34000015258789,0.0,74.93000030517578,True,True,48.86000061035156,0.0,81.86000061035156,True,True,39.25,0.0,73.11199951171875,True,True,34.88999938964844,0.0,67.44200134277344,True,True,39.779998779296875,0.0,66.73999786376953,True,True,50.7400016784668,0.0,75.09200286865234,True,True,41.11000061035156,0.0,74.26399993896484,True,True,38.09000015258789,0.0,75.95600128173828,True,True,39.83000183105469,0.0,65.26399993896484,True,True,-25.0,69.31999969482422,,,,42.16999816894531,210.0019989013672,42.58399963378906,144.0,36.0,
2021-08-08 01:00:00,,,,,33.88999938964844,0.0,65.85800170898438,True,True,100.0,0.0,74.15599822998047,True,True,48.18000030517578,0.0,74.91200256347656,True,True,46.060001373291016,0.0,82.00399780273438,True,True,38.22999954223633,0.0,73.07599639892578,True,True,30.6200008392334,0.0,67.33399963378906,True,True,38.189998626708984,0.0,66.36199951171875,True,True,49.27000045776367,0.0,74.8759994506836,True,True,41.97999954223633,0.0,74.30000305175781,True,True,40.54999923706055,0.0,75.9020004272461,True,True,38.66999816894531,0.0,65.08399963378906,True,True,-25.0,69.7699966430664,,,,42.242000579833984,210.0019989013672,42.619998931884766,144.0,36.0,
2021-08-08 01:15:00,,,,,29.389999389648438,0.0,65.4800033569336,True,True,100.0,0.0,74.12000274658203,True,True,46.20000076293945,0.0,74.83999633789062,True,True,45.970001220703125,0.0,81.28399658203125,True,True,41.04999923706055,0.0,72.96800231933594,True,True,30.3700008392334,0.0,66.95600128173828,True,True,39.09000015258789,0.0,66.14600372314453,True,True,49.77000045776367,0.0,74.98400115966797,True,True,37.529998779296875,0.0,74.30000305175781,True,True,43.43000030517578,0.0,75.88400268554688,True,True,41.119998931884766,0.0,64.90399932861328,True,True,-25.0,69.5,,,,42.58399963378906,210.0019989013672,42.99800109863281,152.0,38.0,
2021-08-08 01:30:00,,,,,32.40999984741211,0.0,65.4800033569336,True,True,100.0,0.0,74.10199737548828,True,True,48.779998779296875,0.0,74.89399719238281,True,True,45.79999923706055,0.0,81.28399658203125,True,True,36.290000915527344,0.0,72.98600006103516,True,True,29.8799991607666,0.0,66.95600128173828,True,True,38.9900016784668,0.0,66.14600372314453,True,True,47.9900016784668,0.0,74.73200225830078,True,True,35.88999938964844,0.0,74.28199768066406,True,True,39.09000015258789,0.0,75.88400268554688,True,True,40.33000183105469,0.0,64.95800018310547,True,True,-25.0,68.61000061035156,,,,43.0880012512207,210.0019989013672,43.53799819946289,144.0,36.0,
2021-08-08 01:45:00,,,,,37.130001068115234,0.0,65.13800048828125,True,True,100.0,0.0,74.0479965209961,True,True,50.7400016784668,0.0,74.85800170898438,True,True,43.959999084472656,0.0,80.76200103759766,True,True,38.95000076293945,0.0,73.09400177001953,True,True,29.549999237060547,0.0,66.36199951171875,True,True,41.97999954223633,0.0,66.0739974975586,True,True,47.66999816894531,0.0,74.8219985961914,True,True,36.38999938964844,0.0,74.15599822998047,True,True,43.08000183105469,0.0,75.7760009765625,True,True,40.279998779296875,0.0,64.88600158691406,True,True,-25.0,68.30000305175781,,,,44.54600143432617,210.0019989013672,44.762001037597656,144.0,36.0,
2021-08-08 02:00:00,,,,,33.52000045776367,0.0,64.95800018310547,True,True,100.0,0.0,73.99400329589844,True,True,55.83000183105469,0.0,74.89399719238281,True,True,46.33000183105469,0.0,81.21199798583984,True,True,37.7400016784668,0.0,73.04000091552734,True,True,30.219999313354492,0.0,66.43399810791016,True,True,40.13999938964844,0.0,66.0739974975586,True,True,47.59000015258789,0.0,74.78600311279297,True,True,36.43000030517578,0.0,74.19200134277344,True,True,38.09000015258789,0.0,75.75800323486328,True,True,40.18000030517578,0.0,64.5979995727539,True,True,-25.0,68.5,,,,44.816001892089844,210.0019989013672,45.12200164794922,144.0,36.0,
2021-08-08 02:15:00,,,,,28.829999923706055,0.0,64.95800018310547,True,True,100.0,0.0,74.01200103759766,True,True,53.27000045776367,0.0,74.93000030517578,True,True,46.2599983215332,0.0,80.72599792480469,True,True,37.459999084472656,0.0,72.84200286865234,True,True,32.7599983215332,0.0,66.00199890136719,True,True,37.86000061035156,0.0,66.00199890136719,True,True,46.529998779296875,0.0,74.24600219726562,True,True,36.810001373291016,0.0,74.13800048828125,True,True,42.11000061035156,0.0,75.7760009765625,True,True,40.779998779296875,0.0,64.38200378417969,True,True,-25.0,70.87000274658203,,,,44.762001037597656,210.0019989013672,45.13999938964844,152.0,38.0,
2021-08-08 02:30:00,,,,,28.68000030517578,0.0,65.12000274658203,True,True,100.0,0.0,74.08399963378906,True,True,54.15999984741211,0.0,74.8219985961914,True,True,47.16999816894531,0.0,80.83399963378906,True,True,41.08000183105469,0.0,72.75199890136719,True,True,33.150001525878906,0.0,66.00199890136719,True,True,39.86000061035156,0.0,66.0739974975586,True,True,50.08000183105469,0.0,74.69599914550781,True,True,38.95000076293945,0.0,74.13800048828125,True,True,38.630001068115234,0.0,75.75800323486328,True,True,40.25,0.0,64.27400207519531,True,True,-25.0,69.30000305175781,,,,44.689998626708984,210.0019989013672,45.24800109863281,144.0,36.0,
2021-08-08 02:45:00,,,,,28.360000610351562,0.0,65.15599822998047,True,True,100.0,0.0,74.0479965209961,True,True,56.58000183105469,0.0,74.91200256347656,True,True,46.939998626708984,0.0,80.43800354003906,True,True,37.459999084472656,0.0,72.84200286865234,True,True,29.579999923706055,0.0,65.8759994506836,True,True,42.02000045776367,0.0,65.78600311279297,True,True,54.20000076293945,0.0,74.44400024414062,True,True,39.90999984741211,0.0,74.13800048828125,True,True,44.61000061035156,0.0,75.7760009765625,True,True,38.529998779296875,0.0,64.14800262451172,True,True,-25.0,67.75,,,,44.582000732421875,210.0019989013672,45.013999938964844,144.0,36.0,
2021-08-08 03:00:00,,,,,31.68000030517578,0.0,64.81400299072266,True,True,100.0,0.0,74.0479965209961,True,True,52.61000061035156,0.0,74.83999633789062,True,True,46.470001220703125,0.0,80.65399932861328,True,True,41.90999984741211,0.0,72.5,True,True,28.6200008392334,0.0,66.0739974975586,True,True,40.88999938964844,0.0,65.35399627685547,True,True,48.380001068115234,0.0,74.66000366210938,True,True,40.04999923706055,0.0,74.19200134277344,True,True,33.90999984741211,0.0,75.72200012207031,True,True,41.09000015258789,0.0,64.00399780273438,True,True,-25.0,68.38999938964844,,,,44.13199996948242,210.0019989013672,44.599998474121094,152.0,38.0,
2021-08-08 03:15:00,,,,,28.530000686645508,0.0,65.33599853515625,True,True,100.0,0.0,74.0479965209961,True,True,50.70000076293945,0.0,74.8759994506836,True,True,45.91999816894531,0.0,81.06800079345703,True,True,37.9900016784668,0.0,72.64399719238281,True,True,27.729999542236328,0.0,66.32599639892578,True,True,39.400001525878906,0.0,65.73200225830078,True,True,48.560001373291016,0.0,74.33599853515625,True,True,40.45000076293945,0.0,74.13800048828125,True,True,38.209999084472656,0.0,75.7040023803711,True,True,41.689998626708984,0.0,64.00399780273438,True,True,-25.0,69.0199966430664,,,,43.59199905395508,210.0019989013672,44.04199981689453,144.0,36.0,
2021-08-08 03:30:00,,,,,30.93000030517578,0.0,64.5979995727539,True,True,94.22000122070312,0.0,74.0479965209961,True,True,53.369998931884766,0.0,74.83999633789062,True,True,45.16999816894531,0.0,80.74400329589844,True,True,41.34000015258789,0.0,72.84200286865234,True,True,27.510000228881836,0.0,65.91200256347656,True,True,38.09000015258789,0.0,65.46199798583984,True,True,48.11000061035156,0.0,74.58799743652344,True,True,37.88999938964844,0.0,74.10199737548828,True,True,40.459999084472656,0.0,75.68599700927734,True,True,48.63999938964844,0.0,63.82400131225586,True,True,-25.0,70.0,,,,43.2859992980957,210.0019989013672,43.77199935913086,144.0,36.0,
2021-08-08 03:45:00,,,,,32.290000915527344,0.0,65.49800109863281,True,True,94.68000030517578,0.0,74.02999877929688,True,True,47.09000015258789,0.0,74.78600311279297,True,True,44.41999816894531,0.0,81.80599975585938,True,True,40.97999954223633,0.0,72.73400115966797,True,True,26.809999465942383,0.0,66.48799896240234,True,True,37.83000183105469,0.0,65.20999908447266,True,True,47.36000061035156,0.0,74.76799774169922,True,True,38.06999969482422,0.0,74.06600189208984,True,True,40.06999969482422,0.0,75.68599700927734,True,True,41.290000915527344,0.0,63.82400131225586,True,True,-25.0,68.30999755859375,,,,43.84400177001953,210.0019989013672,44.060001373291016,144.0,36.0,
2021-08-08 04:00:00,,,,,32.20000076293945,0.0,65.0479965209961,True,True,96.66999816894531,0.0,74.01200103759766,True,True,50.400001525878906,0.0,74.8219985961914,True,True,44.560001373291016,0.0,81.28399658203125,True,True,38.709999084472656,0.0,72.71600341796875,True,True,30.450000762939453,0.0,66.41600036621094,True,True,37.5099983215332,0.0,65.35399627685547,True,True,46.38999938964844,0.0,74.56999969482422,True,True,37.279998779296875,0.0,74.10199737548828,True,True,40.290000915527344,0.0,75.5780029296875,True,True,39.470001220703125,0.0,63.91400146484375,True,True,-25.0,71.05000305175781,,,,43.2859992980957,210.0019989013672,43.80799865722656,152.0,38.0,
2021-08-08 04:15:00,,,,,28.559999465942383,0.0,65.19200134277344,True,True,98.30999755859375,0.0,74.0479965209961,True,True,54.36000061035156,0.0,74.76799774169922,True,True,44.83000183105469,0.0,82.48999786376953,True,True,39.060001373291016,0.0,72.78800201416016,True,True,30.670000076293945,0.0,66.41600036621094,True,True,38.34000015258789,0.0,65.40799713134766,True,True,46.72999954223633,0.0,74.66000366210938,True,True,37.029998779296875,0.0,73.99400329589844,True,True,36.70000076293945,0.0,75.55999755859375,True,True,49.65999984741211,0.0,64.07599639892578,True,True,-25.0,68.81999969482422,,,,44.02399826049805,210.0019989013672,44.3120002746582,144.0,36.0,
2021-08-08 04:30:00,,,,,33.060001373291016,0.0,65.31800079345703,True,True,95.7699966430664,0.0,74.0479965209961,True,True,52.36000061035156,0.0,74.80400085449219,True,True,45.459999084472656,0.0,80.58200073242188,True,True,38.36000061035156,0.0,72.71600341796875,True,True,29.350000381469727,0.0,65.51599884033203,True,True,38.77000045776367,0.0,65.4260025024414,True,True,46.13999938964844,0.0,74.49800109863281,True,True,36.79999923706055,0.0,74.06600189208984,True,True,37.58000183105469,0.0,75.52400207519531,True,True,42.650001525878906,0.0,64.00399780273438,True,True,-25.0,69.4800033569336,,,,44.74399948120117,210.0019989013672,45.013999938964844,144.0,36.0,
2021-08-08 04:45:00,,,,,33.040000915527344,0.0,65.13800048828125,True,True,95.61000061035156,0.0,74.0479965209961,True,True,56.18000030517578,0.0,74.83999633789062,True,True,45.689998626708984,0.0,80.56400299072266,True,True,39.52000045776367,0.0,72.697998046875,True,True,29.670000076293945,0.0,65.8219985961914,True,True,38.880001068115234,0.0,65.22799682617188,True,True,47.22999954223633,0.0,74.76799774169922,True,True,34.70000076293945,0.0,74.02999877929688,True,True,43.4900016784668,0.0,75.50599670410156,True,True,41.70000076293945,0.0,63.96799850463867,True,True,-25.0,71.0999984741211,,,,44.52799987792969,210.0019989013672,45.06800079345703,144.0,36.0,
2021-08-08 05:00:00,,,,,33.779998779296875,0.0,65.30000305175781,True,True,96.11000061035156,0.0,74.02999877929688,True,True,56.68000030517578,0.0,74.8219985961914,True,True,46.56999969482422,0.0,80.38400268554688,True,True,42.58000183105469,0.0,72.75199890136719,True,True,27.709999084472656,0.0,65.51599884033203,True,True,39.59000015258789,0.0,65.28199768066406,True,True,47.2599983215332,0.0,74.66000366210938,True,True,37.31999969482422,0.0,74.10199737548828,True,True,35.81999969482422,0.0,75.50599670410156,True,True,42.529998779296875,0.0,63.91400146484375,True,True,-25.0,71.19000244140625,,,,44.4379997253418,210.0019989013672,44.97800064086914,152.0,38.0,
2021-08-08 05:15:00,,,,,31.579999923706055,0.0,65.75,True,True,98.13999938964844,0.0,74.02999877929688,True,True,53.02000045776367,0.0,74.83999633789062,True,True,46.779998779296875,0.0,80.65399932861328,True,True,39.18000030517578,0.0,72.84200286865234,True,True,26.479999542236328,0.0,65.83999633789062,True,True,40.810001373291016,0.0,65.89399719238281,True,True,47.439998626708984,0.0,74.30000305175781,True,True,37.939998626708984,0.0,74.06600189208984,True,True,39.18000030517578,0.0,75.50599670410156,True,True,47.869998931884766,0.0,64.23799896240234,True,True,-25.0,70.29000091552734,,,,44.20399856567383,210.0019989013672,44.70800018310547,144.0,36.0,
2021-08-08 05:30:00,,,,,31.6299991607666,0.0,65.8219985961914,True,True,95.4000015258789,0.0,73.99400329589844,True,True,53.029998779296875,0.0,74.76799774169922,True,True,46.68000030517578,0.0,81.06800079345703,True,True,42.849998474121094,0.0,72.87799835205078,True,True,28.100000381469727,0.0,65.80400085449219,True,True,42.08000183105469,0.0,65.26399993896484,True,True,48.61000061035156,0.0,74.31800079345703,True,True,38.540000915527344,0.0,74.12000274658203,True,True,40.380001068115234,0.0,75.50599670410156,True,True,41.029998779296875,0.0,63.82400131225586,True,True,-25.0,71.19999694824219,,,,44.41999816894531,210.0019989013672,44.90599822998047,152.0,38.0,
2021-08-08 05:45:00,,,,,35.59000015258789,0.0,66.0199966430664,True,True,97.19999694824219,0.0,74.02999877929688,True,True,56.650001525878906,0.0,74.76799774169922,True,True,46.77000045776367,0.0,80.87000274658203,True,True,42.75,0.0,72.75199890136719,True,True,27.479999542236328,0.0,65.6780014038086,True,True,42.18000030517578,0.0,66.0739974975586,True,True,48.939998626708984,0.0,74.4800033569336,True,True,38.939998626708984,0.0,73.99400329589844,True,True,41.2400016784668,0.0,75.50599670410156,True,True,38.5,0.0,64.3280029296875,True,True,-25.0,72.13999938964844,,,,44.347999572753906,210.0019989013672,44.79800033569336,144.0,36.0,
2021-08-08 06:00:00,,,,,32.630001068115234,0.0,66.6500015258789,True,True,99.2300033569336,0.0,73.99400329589844,True,True,53.88999938964844,0.0,74.78600311279297,True,True,46.34000015258789,0.0,79.46600341796875,True,True,38.36000061035156,0.0,72.697998046875,True,True,26.510000228881836,0.0,65.35399627685547,True,True,42.060001373291016,0.0,66.05599975585938,True,True,47.849998474121094,0.0,74.71399688720703,True,True,38.45000076293945,0.0,74.02999877929688,True,True,45.86000061035156,0.0,75.37999725341797,True,True,41.619998931884766,0.0,64.47200012207031,True,True,-25.0,71.04000091552734,,,,44.41999816894531,210.0019989013672,44.762001037597656,144.0,36.0,
2021-08-08 06:15:00,,,,,33.95000076293945,0.0,65.56999969482422,True,True,95.80999755859375,0.0,74.01200103759766,True,True,54.68000030517578,0.0,74.85800170898438,True,True,46.959999084472656,0.0,81.15799713134766,True,True,38.959999084472656,0.0,72.93199920654297,True,True,27.389999389648438,0.0,65.66000366210938,True,True,41.29999923706055,0.0,66.4520034790039,True,True,50.72999954223633,0.0,74.46199798583984,True,True,38.41999816894531,0.0,73.97599792480469,True,True,44.70000076293945,0.0,75.37999725341797,True,True,41.31999969482422,0.0,64.7959976196289,True,True,-25.0,71.26000213623047,,,,44.52799987792969,210.0019989013672,45.013999938964844,152.0,38.0,
2021-08-08 06:30:00,,,,,30.450000762939453,0.0,66.59600067138672,True,True,97.73999786376953,0.0,73.99400329589844,True,True,57.20000076293945,0.0,74.76799774169922,True,True,47.849998474121094,0.0,80.4020004272461,True,True,39.0099983215332,0.0,72.87799835205078,True,True,31.299999237060547,0.0,65.91200256347656,True,True,38.90999984741211,0.0,66.61399841308594,True,True,51.0099983215332,0.0,74.30000305175781,True,True,39.400001525878906,0.0,73.99400329589844,True,True,39.72999954223633,0.0,75.34400177001953,True,True,37.970001220703125,0.0,64.95800018310547,True,True,-25.0,71.55999755859375,,,,44.077999114990234,210.0019989013672,44.689998626708984,144.0,36.0,
2021-08-08 06:45:00,,,,,34.41999816894531,0.0,66.36199951171875,True,True,94.63999938964844,0.0,74.06600189208984,True,True,53.970001220703125,0.0,74.80400085449219,True,True,47.54999923706055,0.0,81.03199768066406,True,True,40.15999984741211,0.0,72.94999694824219,True,True,33.02000045776367,0.0,66.09200286865234,True,True,38.97999954223633,0.0,66.5780029296875,True,True,48.13999938964844,0.0,74.30000305175781,True,True,38.970001220703125,0.0,73.97599792480469,True,True,37.619998931884766,0.0,75.34400177001953,True,True,37.81999969482422,0.0,64.95800018310547,True,True,-25.0,71.83999633789062,,,,44.3120002746582,210.0019989013672,44.70800018310547,144.0,36.0,
2021-08-08 07:00:00,,,,,31.219999313354492,0.0,66.75800323486328,True,True,100.0,0.0,74.0479965209961,True,True,54.5099983215332,0.0,74.80400085449219,True,True,47.52000045776367,0.0,80.69000244140625,True,True,40.060001373291016,0.0,72.84200286865234,True,True,25.510000228881836,0.0,65.71399688720703,True,True,39.130001068115234,0.0,66.5780029296875,True,True,48.20000076293945,0.0,74.46199798583984,True,True,36.40999984741211,0.0,73.95800018310547,True,True,42.150001525878906,0.0,75.34400177001953,True,True,42.540000915527344,0.0,64.90399932861328,True,True,-25.0,65.62000274658203,,,,44.04199981689453,210.0019989013672,44.70800018310547,144.0,36.0,
2021-08-08 07:15:00,,,,,29.399999618530273,0.0,66.68599700927734,True,True,93.93000030517578,0.0,73.99400329589844,True,True,54.29999923706055,0.0,74.76799774169922,True,True,46.59000015258789,0.0,80.83399963378906,True,True,38.7400016784668,0.0,72.78800201416016,True,True,32.91999816894531,0.0,66.25399780273438,True,True,41.13999938964844,0.0,66.95600128173828,True,True,47.59000015258789,0.0,74.6240005493164,True,True,36.279998779296875,0.0,73.97599792480469,True,True,35.130001068115234,0.0,75.34400177001953,True,True,42.5,0.0,65.26399993896484,True,True,-25.0,65.83999633789062,,,,41.45000076293945,210.0019989013672,41.88199996948242,152.0,38.0,
2021-08-08 07:30:00,,,,,29.799999237060547,0.0,67.20800018310547,True,True,92.56999969482422,0.0,74.02999877929688,True,True,46.689998626708984,0.0,74.75,True,True,43.470001220703125,0.0,80.87000274658203,True,True,41.630001068115234,0.0,72.91400146484375,True,True,32.40999984741211,0.0,66.61399841308594,True,True,38.72999954223633,0.0,66.81199645996094,True,True,48.20000076293945,0.0,74.75,True,True,36.349998474121094,0.0,73.94000244140625,True,True,37.90999984741211,0.0,75.32599639892578,True,True,43.11000061035156,0.0,65.37200164794922,True,True,-25.0,65.7699966430664,,,,41.57600021362305,210.0019989013672,42.20600128173828,144.0,36.0,
2021-08-08 07:45:00,,,,,29.65999984741211,0.0,67.44200134277344,True,True,93.97000122070312,0.0,73.99400329589844,True,True,49.0099983215332,0.0,74.73200225830078,True,True,42.59000015258789,0.0,81.73400115966797,True,True,39.439998626708984,0.0,72.89600372314453,True,True,31.3799991607666,0.0,67.01000213623047,True,True,38.31999969482422,0.0,66.86599731445312,True,True,48.439998626708984,0.0,74.46199798583984,True,True,36.290000915527344,0.0,73.90399932861328,True,True,37.970001220703125,0.0,75.32599639892578,True,True,43.58000183105469,0.0,65.53399658203125,True,True,-25.0,65.37000274658203,,,,44.36600112915039,210.0019989013672,44.5099983215332,144.0,36.0,
2021-08-08 08:00:00,,,,,30.649999618530273,0.0,66.8479995727539,True,True,90.5999984741211,0.0,73.99400329589844,True,True,51.349998474121094,0.0,74.73200225830078,True,True,47.09000015258789,0.0,81.302001953125,True,True,39.93000030517578,0.0,72.87799835205078,True,True,34.43000030517578,0.0,67.11799621582031,True,True,37.59000015258789,0.0,67.27999877929688,True,True,45.34000015258789,0.0,74.552001953125,True,True,35.29999923706055,0.0,73.9219970703125,True,True,41.709999084472656,0.0,75.32599639892578,True,True,41.11000061035156,0.0,66.03800201416016,True,True,-25.0,65.37000274658203,,,,41.59400177001953,210.0019989013672,42.1879997253418,144.0,36.0,
2021-08-08 08:15:00,,,,,37.400001525878906,0.0,67.83799743652344,True,True,95.47000122070312,0.0,73.99400329589844,True,True,48.15999984741211,0.0,74.71399688720703,True,True,44.06999969482422,0.0,81.08599853515625,True,True,39.38999938964844,0.0,73.11199951171875,True,True,28.950000762939453,0.0,66.95600128173828,True,True,38.709999084472656,0.0,67.26200103759766,True,True,46.400001525878906,0.0,74.24600219726562,True,True,36.77000045776367,0.0,73.88600158691406,True,True,43.27000045776367,0.0,75.29000091552734,True,True,38.04999923706055,0.0,66.14600372314453,True,True,-25.0,65.51000213623047,,,,41.34199905395508,210.0019989013672,41.75600051879883,152.0,38.0,
2021-08-08 08:30:00,,,,,38.470001220703125,0.0,68.34200286865234,True,True,96.04000091552734,0.0,73.99400329589844,True,True,45.459999084472656,0.0,74.73200225830078,True,True,43.349998474121094,0.0,81.12200164794922,True,True,41.810001373291016,0.0,73.04000091552734,True,True,29.229999542236328,0.0,66.95600128173828,True,True,39.97999954223633,0.0,66.99199676513672,True,True,45.7599983215332,0.0,74.6780014038086,True,True,37.279998779296875,0.0,73.86799621582031,True,True,38.189998626708984,0.0,75.19999694824219,True,True,41.310001373291016,0.0,66.14600372314453,True,True,-25.0,65.87000274658203,,,,41.37799835205078,210.0019989013672,41.86399841308594,144.0,36.0,
2021-08-08 08:45:00,,,,,30.270000457763672,0.0,67.47799682617188,True,True,97.26000213623047,0.0,73.99400329589844,True,True,44.939998626708984,0.0,74.73200225830078,True,True,43.13999938964844,0.0,81.55400085449219,True,True,38.61000061035156,0.0,73.04000091552734,True,True,29.780000686645508,0.0,67.13600158691406,True,True,38.400001525878906,0.0,67.31600189208984,True,True,46.61000061035156,0.0,74.60600280761719,True,True,35.540000915527344,0.0,73.94000244140625,True,True,42.150001525878906,0.0,75.27200317382812,True,True,41.099998474121094,0.0,66.55999755859375,True,True,-25.0,63.4900016784668,,,,41.37799835205078,210.0019989013672,41.827999114990234,144.0,36.0,
2021-08-08 09:00:00,,,,,34.209999084472656,0.0,67.96399688720703,True,True,98.16999816894531,0.0,73.97599792480469,True,True,47.65999984741211,0.0,74.73200225830078,True,True,42.189998626708984,0.0,81.01399993896484,True,True,38.66999816894531,0.0,73.04000091552734,True,True,28.040000915527344,0.0,66.7760009765625,True,True,37.849998474121094,0.0,67.49600219726562,True,True,45.150001525878906,0.0,74.49800109863281,True,True,36.970001220703125,0.0,73.88600158691406,True,True,38.939998626708984,0.0,75.25399780273438,True,True,40.43000030517578,0.0,66.73999786376953,True,True,-25.0,64.36000061035156,,,,41.37799835205078,210.0019989013672,41.79199981689453,144.0,36.0,
2021-08-08 09:15:00,,,,,35.880001068115234,0.0,68.7020034790039,True,True,99.37999725341797,0.0,73.99400329589844,True,True,48.56999969482422,0.0,74.73200225830078,True,True,42.47999954223633,0.0,81.48200225830078,True,True,41.22999954223633,0.0,73.11199951171875,True,True,29.780000686645508,0.0,67.65799713134766,True,True,37.619998931884766,0.0,67.60399627685547,True,True,45.91999816894531,0.0,74.73200225830078,True,True,34.2599983215332,0.0,73.8499984741211,True,True,33.68000030517578,0.0,75.21800231933594,True,True,40.209999084472656,0.0,67.0459976196289,True,True,-25.0,66.8499984741211,,,,41.75600051879883,210.0019989013672,42.1879997253418,144.0,36.0,
2021-08-08 09:30:00,,,,,36.130001068115234,0.0,69.04399871826172,True,True,99.9000015258789,0.0,73.97599792480469,True,True,51.40999984741211,0.0,74.76799774169922,True,True,42.29999923706055,0.0,81.66200256347656,True,True,40.90999984741211,0.0,73.12999725341797,True,True,34.36000061035156,0.0,67.83799743652344,True,True,37.84000015258789,0.0,67.78399658203125,True,True,45.279998779296875,0.0,74.58799743652344,True,True,35.22999954223633,0.0,73.90399932861328,True,True,40.189998626708984,0.0,75.19999694824219,True,True,40.630001068115234,0.0,67.0999984741211,True,True,-25.0,67.36000061035156,,,,43.80799865722656,210.0019989013672,43.358001708984375,144.0,36.0,
2021-08-08 09:45:00,,,,,38.34000015258789,0.0,68.91799926757812,True,True,100.0,0.0,73.97599792480469,True,True,52.04999923706055,0.0,74.75,True,True,47.560001373291016,0.0,82.41799926757812,True,True,42.86000061035156,0.0,73.22000122070312,True,True,36.099998474121094,0.0,68.91799926757812,True,True,37.15999984741211,0.0,68.03600311279297,True,True,47.810001373291016,0.0,74.8219985961914,True,True,35.709999084472656,0.0,73.90399932861328,True,True,38.7599983215332,0.0,75.23600006103516,True,True,40.0099983215332,0.0,67.38800048828125,True,True,-25.0,68.44999694824219,,,,43.645999908447266,210.0019989013672,44.33000183105469,152.0,38.0,
2021-08-08 10:00:00,,,,,36.2599983215332,0.0,70.80799865722656,True,True,100.0,0.0,73.99400329589844,True,True,51.290000915527344,0.0,74.78600311279297,True,True,47.22999954223633,0.0,82.47200012207031,True,True,38.529998779296875,0.0,73.4000015258789,True,True,36.77000045776367,0.0,70.14199829101562,True,True,37.81999969482422,0.0,68.25199890136719,True,True,46.209999084472656,0.0,74.76799774169922,True,True,35.68000030517578,0.0,73.94000244140625,True,True,38.36000061035156,0.0,75.23600006103516,True,True,40.849998474121094,0.0,67.62200164794922,True,True,-25.0,65.3499984741211,,,,44.54600143432617,210.0019989013672,44.72600173950195,144.0,36.0,
2021-08-08 10:15:00,,,,,33.790000915527344,0.0,71.16799926757812,True,True,100.0,0.0,74.01200103759766,True,True,52.36000061035156,0.0,74.76799774169922,True,True,49.38999938964844,0.0,83.12000274658203,True,True,41.81999969482422,0.0,73.48999786376953,True,True,36.11000061035156,0.0,71.74400329589844,True,True,40.31999969482422,0.0,68.43199920654297,True,True,49.16999816894531,0.0,74.83999633789062,True,True,37.61000061035156,0.0,73.95800018310547,True,True,43.83000183105469,0.0,75.27200317382812,True,True,42.40999984741211,0.0,68.23400115966797,True,True,-25.0,65.63999938964844,,,,44.52799987792969,210.0019989013672,44.94200134277344,144.0,36.0,
2021-08-08 10:30:00,,,,,37.41999816894531,0.0,71.56400299072266,True,True,100.0,0.0,74.0479965209961,True,True,53.29999923706055,0.0,74.71399688720703,True,True,53.099998474121094,0.0,89.63600158691406,True,True,40.040000915527344,0.0,73.50800323486328,True,True,42.0099983215332,0.0,73.23799896240234,True,True,41.47999954223633,0.0,69.13400268554688,True,True,49.939998626708984,0.0,74.96600341796875,True,True,39.54999923706055,0.0,74.0479965209961,True,True,40.4900016784668,0.0,75.27200317382812,True,True,43.540000915527344,0.0,69.5479965209961,True,True,-25.0,64.88999938964844,,,,44.36600112915039,210.0019989013672,44.83399963378906,144.0,36.0,
2021-08-08 10:45:00,,,,,39.189998626708984,0.0,72.78800201416016,True,True,100.0,0.0,74.0479965209961,True,True,52.88999938964844,0.0,74.83999633789062,True,True,54.77000045776367,0.0,90.8239974975586,True,True,39.2599983215332,0.0,73.63400268554688,True,True,42.189998626708984,0.0,73.12999725341797,True,True,41.400001525878906,0.0,69.81800079345703,True,True,51.119998931884766,0.0,75.0199966430664,True,True,43.33000183105469,0.0,74.12000274658203,True,True,41.220001220703125,0.0,75.37999725341797,True,True,42.470001220703125,0.0,70.28600311279297,True,True,-25.0,65.36000061035156,,,,44.18600082397461,210.0019989013672,44.672000885009766,152.0,38.0,
2021-08-08 11:00:00,,,,,41.13999938964844,0.0,74.12000274658203,True,True,100.0,0.0,74.06600189208984,True,True,56.93000030517578,0.0,74.8219985961914,True,True,54.119998931884766,0.0,91.74199676513672,True,True,43.0,0.0,73.68800354003906,True,True,44.18000030517578,0.0,75.66799926757812,True,True,41.310001373291016,0.0,70.052001953125,True,True,52.40999984741211,0.0,75.05599975585938,True,True,39.880001068115234,0.0,74.19200134277344,True,True,39.5,0.0,75.37999725341797,True,True,53.459999084472656,0.0,70.33999633789062,True,True,-25.0,67.66000366210938,,,,44.02399826049805,210.0019989013672,44.52799987792969,144.0,36.0,
2021-08-08 11:15:00,,,,,37.869998931884766,0.0,75.03800201416016,True,True,100.0,0.0,74.10199737548828,True,True,54.09000015258789,0.0,74.76799774169922,True,True,55.68000030517578,0.0,92.44400024414062,True,True,38.970001220703125,0.0,73.70600128173828,True,True,43.93000030517578,0.0,76.76599884033203,True,True,41.720001220703125,0.0,70.23200225830078,True,True,48.43000030517578,0.0,75.09200286865234,True,True,39.59000015258789,0.0,74.28199768066406,True,True,40.91999816894531,0.0,75.4520034790039,True,True,42.7599983215332,0.0,70.5739974975586,True,True,-25.0,68.33999633789062,,,,44.00600051879883,210.0019989013672,44.41999816894531,152.0,38.0,
2021-08-08 11:30:00,,,,,36.459999084472656,0.0,75.93800354003906,True,True,100.0,0.0,74.15599822998047,True,True,53.119998931884766,0.0,74.80400085449219,True,True,51.13999938964844,0.0,80.04199981689453,True,True,43.33000183105469,0.0,73.76000213623047,True,True,40.08000183105469,0.0,78.2959976196289,True,True,41.86000061035156,0.0,71.2040023803711,True,True,54.310001373291016,0.0,75.12799835205078,True,True,39.869998931884766,0.0,74.26399993896484,True,True,43.88999938964844,0.0,75.48799896240234,True,True,41.2400016784668,0.0,71.52799987792969,True,True,-25.0,69.0999984741211,,,,44.52799987792969,210.0019989013672,44.92399978637695,152.0,38.0,
2021-08-08 11:45:00,,,,,42.529998779296875,0.0,76.42400360107422,True,True,100.0,0.0,74.19200134277344,True,True,57.310001373291016,0.0,74.8219985961914,True,True,55.84000015258789,0.0,86.91799926757812,True,True,39.849998474121094,0.0,73.7959976196289,True,True,43.29999923706055,0.0,79.82599639892578,True,True,42.779998779296875,0.0,72.55400085449219,True,True,44.79999923706055,0.0,75.25399780273438,True,True,38.02000045776367,0.0,74.26399993896484,True,True,40.68000030517578,0.0,75.48799896240234,True,True,41.150001525878906,0.0,72.91400146484375,True,True,-25.0,69.79000091552734,,,,44.599998474121094,210.0019989013672,45.06800079345703,152.0,38.0,
2021-08-08 12:00:00,,,,,40.310001373291016,0.0,76.96399688720703,True,True,100.0,0.0,74.26399993896484,True,True,57.869998931884766,0.0,74.93000030517578,True,True,57.70000076293945,0.0,87.47599792480469,True,True,43.20000076293945,0.0,73.86799621582031,True,True,44.40999984741211,0.0,81.1760025024414,True,True,43.290000915527344,0.0,73.3280029296875,True,True,47.29999923706055,0.0,75.21800231933594,True,True,38.18000030517578,0.0,74.30000305175781,True,True,42.540000915527344,0.0,75.52400207519531,True,True,41.029998779296875,0.0,73.99400329589844,True,True,-25.0,67.54000091552734,,,,45.06800079345703,210.0019989013672,45.44599914550781,144.0,36.0,
2021-08-08 12:15:00,,,,,47.869998931884766,0.0,78.90799713134766,True,True,94.70999908447266,0.0,74.35399627685547,True,True,55.540000915527344,0.0,74.947998046875,True,True,58.9900016784668,0.0,87.67400360107422,True,True,44.25,0.0,73.94000244140625,True,True,43.33000183105469,0.0,82.25599670410156,True,True,42.470001220703125,0.0,74.33599853515625,True,True,46.310001373291016,0.0,75.27200317382812,True,True,38.959999084472656,0.0,74.26399993896484,True,True,47.08000183105469,0.0,75.50599670410156,True,True,45.34000015258789,0.0,75.23600006103516,True,True,-25.0,68.3499984741211,,,,45.194000244140625,210.0019989013672,45.608001708984375,144.0,36.0,
2021-08-08 12:30:00,,,,,41.54999923706055,0.0,75.61399841308594,True,True,94.05999755859375,0.0,74.35399627685547,True,True,55.95000076293945,0.0,75.0199966430664,True,True,61.4900016784668,0.0,94.65799713134766,True,True,40.7400016784668,0.0,73.99400329589844,True,True,45.15999984741211,0.0,81.13999938964844,True,True,43.86000061035156,0.0,75.25399780273438,True,True,50.83000183105469,0.0,75.36199951171875,True,True,39.400001525878906,0.0,74.30000305175781,True,True,37.90999984741211,0.0,75.50599670410156,True,True,41.7599983215332,0.0,76.35199737548828,True,True,-25.0,68.43000030517578,,,,45.013999938964844,210.0019989013672,45.194000244140625,144.0,36.0,
2021-08-08 12:45:00,,,,,43.66999816894531,0.0,75.32599639892578,True,True,93.2699966430664,0.0,74.37200164794922,True,True,58.65999984741211,0.0,75.0199966430664,True,True,61.720001220703125,0.0,95.43199920654297,True,True,43.31999969482422,0.0,73.97599792480469,True,True,43.66999816894531,0.0,81.7699966430664,True,True,43.41999816894531,0.0,76.08200073242188,True,True,50.15999984741211,0.0,75.27200317382812,True,True,38.689998626708984,0.0,74.20999908447266,True,True,43.04999923706055,0.0,75.48799896240234,True,True,43.09000015258789,0.0,76.91000366210938,True,True,-25.0,68.7300033569336,,,,45.15800094604492,210.0019989013672,45.6619987487793,152.0,38.0,
2021-08-08 13:00:00,,,,,40.93000030517578,0.0,75.23600006103516,True,True,94.11000061035156,0.0,74.37200164794922,True,True,55.86000061035156,0.0,75.00199890136719,True,True,61.90999984741211,0.0,95.37799835205078,True,True,42.380001068115234,0.0,73.99400329589844,True,True,45.400001525878906,0.0,80.83399963378906,True,True,44.790000915527344,0.0,76.71199798583984,True,True,51.209999084472656,0.0,75.32599639892578,True,True,38.7400016784668,0.0,74.33599853515625,True,True,45.13999938964844,0.0,75.5780029296875,True,True,42.65999984741211,0.0,77.34200286865234,True,True,-25.0,68.55999755859375,,,,44.88800048828125,210.0019989013672,45.428001403808594,152.0,38.0,
2021-08-08 13:15:00,,,,,38.63999938964844,0.0,75.23600006103516,True,True,96.80999755859375,0.0,74.37200164794922,True,True,56.7400016784668,0.0,74.98400115966797,True,True,63.77000045776367,0.0,96.1520004272461,True,True,35.279998779296875,0.0,73.99400329589844,True,True,46.06999969482422,0.0,81.8239974975586,True,True,44.099998474121094,0.0,76.19000244140625,True,True,50.810001373291016,0.0,75.41600036621094,True,True,38.529998779296875,0.0,74.37200164794922,True,True,37.689998626708984,0.0,75.59600067138672,True,True,48.34000015258789,0.0,76.2979965209961,True,True,-25.0,65.94999694824219,,,,44.56399917602539,210.0019989013672,45.194000244140625,152.0,38.0,
2021-08-08 13:30:00,,,,,42.91999816894531,0.0,75.29000091552734,True,True,98.98999786376953,0.0,74.37200164794922,True,True,59.54999923706055,0.0,75.03800201416016,True,True,62.90999984741211,0.0,95.98999786376953,True,True,42.369998931884766,0.0,73.90399932861328,True,True,46.54999923706055,0.0,81.73400115966797,True,True,44.130001068115234,0.0,76.0459976196289,True,True,50.81999969482422,0.0,75.36199951171875,True,True,38.040000915527344,0.0,74.44400024414062,True,True,40.470001220703125,0.0,75.63200378417969,True,True,69.5999984741211,0.0,76.26200103759766,True,True,-25.0,66.93000030517578,,,,44.54600143432617,210.0019989013672,45.06800079345703,144.0,36.0,
2021-08-08 13:45:00,,,,,38.959999084472656,0.0,75.32599639892578,True,True,100.0,0.0,74.37200164794922,True,True,55.79999923706055,0.0,75.00199890136719,True,True,63.91999816894531,0.0,95.66600036621094,True,True,45.54999923706055,0.0,74.02999877929688,True,True,46.68000030517578,0.0,81.3740005493164,True,True,44.689998626708984,0.0,75.9739990234375,True,True,51.95000076293945,0.0,75.43399810791016,True,True,38.70000076293945,0.0,74.37200164794922,True,True,43.22999954223633,0.0,75.68599700927734,True,True,42.220001220703125,0.0,76.2979965209961,True,True,-25.0,67.8499984741211,,,,44.92399978637695,210.0019989013672,45.13999938964844,152.0,38.0,
2021-08-08 14:00:00,,,,,46.119998931884766,0.0,75.30799865722656,True,True,100.0,0.0,74.35399627685547,True,True,55.68000030517578,0.0,74.96600341796875,True,True,60.02000045776367,0.0,83.0479965209961,True,True,41.880001068115234,0.0,74.08399963378906,True,True,46.58000183105469,0.0,81.26599884033203,True,True,44.54999923706055,0.0,76.02799987792969,True,True,55.59000015258789,0.0,75.47000122070312,True,True,39.529998779296875,0.0,74.46199798583984,True,True,37.65999984741211,0.0,75.75800323486328,True,True,49.84000015258789,0.0,75.72200012207031,True,True,-25.0,66.81999969482422,,,,44.56399917602539,210.0019989013672,45.21200180053711,152.0,38.0,
2021-08-08 14:15:00,,,,,41.13999938964844,0.0,75.34400177001953,True,True,100.0,0.0,74.37200164794922,True,True,59.36000061035156,0.0,75.0739974975586,True,True,60.18000030517578,0.0,88.21399688720703,True,True,41.97999954223633,0.0,74.0479965209961,True,True,46.63999938964844,0.0,81.03199768066406,True,True,44.099998474121094,0.0,75.61399841308594,True,True,50.18000030517578,0.0,75.36199951171875,True,True,38.939998626708984,0.0,74.552001953125,True,True,42.47999954223633,0.0,75.81199645996094,True,True,50.22999954223633,0.0,75.4520034790039,True,True,-25.0,66.30999755859375,,,,44.257999420166016,210.0019989013672,44.79800033569336,152.0,38.0,
2021-08-08 14:30:00,,,,,37.81999969482422,0.0,75.37999725341797,True,True,100.0,0.0,74.37200164794922,True,True,55.650001525878906,0.0,75.09200286865234,True,True,59.540000915527344,0.0,87.69200134277344,True,True,46.02000045776367,0.0,74.13800048828125,True,True,44.939998626708984,0.0,80.09600067138672,True,True,43.58000183105469,0.0,75.8479995727539,True,True,47.08000183105469,0.0,75.4520034790039,True,True,39.439998626708984,0.0,74.58799743652344,True,True,42.0,0.0,75.88400268554688,True,True,43.029998779296875,0.0,75.75800323486328,True,True,-25.0,67.88999938964844,,,,44.672000885009766,210.0019989013672,45.08599853515625,144.0,36.0,
2021-08-08 14:45:00,,,,,41.4900016784668,0.0,75.27200317382812,True,True,100.0,0.0,74.37200164794922,True,True,55.790000915527344,0.0,75.00199890136719,True,True,61.13999938964844,0.0,92.96600341796875,True,True,41.31999969482422,0.0,74.12000274658203,True,True,45.2599983215332,0.0,80.23999786376953,True,True,43.439998626708984,0.0,75.81199645996094,True,True,52.61000061035156,0.0,75.68599700927734,True,True,42.369998931884766,0.0,74.58799743652344,True,True,46.56999969482422,0.0,75.93800354003906,True,True,45.0,0.0,75.4520034790039,True,True,-25.0,68.33999633789062,,,,44.38399887084961,210.0019989013672,45.04999923706055,144.0,36.0,
2021-08-08 15:00:00,,,,,42.880001068115234,0.0,75.72200012207031,True,True,100.0,0.0,74.37200164794922,True,True,59.400001525878906,0.0,75.05599975585938,True,True,63.5099983215332,0.0,95.25199890136719,True,True,41.7400016784668,0.0,74.17400360107422,True,True,45.04999923706055,0.0,80.90599822998047,True,True,43.09000015258789,0.0,76.02799987792969,True,True,52.77000045776367,0.0,75.5780029296875,True,True,39.099998474121094,0.0,74.58799743652344,True,True,44.47999954223633,0.0,75.99199676513672,True,True,46.790000915527344,0.0,75.43399810791016,True,True,-25.0,68.19999694824219,,,,44.54600143432617,210.0019989013672,44.90599822998047,152.0,38.0,
2021-08-08 15:15:00,,,,,38.84000015258789,0.0,75.86599731445312,True,True,93.58999633789062,0.0,74.35399627685547,True,True,56.130001068115234,0.0,75.21800231933594,True,True,64.16999816894531,0.0,95.43199920654297,True,True,45.54999923706055,0.0,74.19200134277344,True,True,45.29999923706055,0.0,80.13200378417969,True,True,43.45000076293945,0.0,76.24400329589844,True,True,53.47999954223633,0.0,75.55999755859375,True,True,45.130001068115234,0.0,74.66000366210938,True,True,42.93000030517578,0.0,75.93800354003906,True,True,50.43000030517578,0.0,76.35199737548828,True,True,-25.0,68.9800033569336,,,,44.816001892089844,210.0019989013672,45.12200164794922,152.0,38.0,
2021-08-08 15:30:00,,,,,42.88999938964844,0.0,75.9739990234375,True,True,96.44000244140625,0.0,74.37200164794922,True,True,55.75,0.0,75.05599975585938,True,True,63.75,0.0,94.802001953125,True,True,41.27000045776367,0.0,74.22799682617188,True,True,48.22999954223633,0.0,79.21399688720703,True,True,44.099998474121094,0.0,76.26200103759766,True,True,52.689998626708984,0.0,75.55999755859375,True,True,41.529998779296875,0.0,74.66000366210938,True,True,44.31999969482422,0.0,75.99199676513672,True,True,49.5,0.0,75.81199645996094,True,True,-25.0,69.3499984741211,,,,44.72600173950195,210.0019989013672,45.35599899291992,152.0,38.0,
2021-08-08 15:45:00,,,,,38.970001220703125,0.0,76.02799987792969,True,True,98.66999816894531,0.0,74.37200164794922,True,True,59.38999938964844,0.0,75.09200286865234,True,True,64.87999725341797,0.0,95.43199920654297,True,True,45.540000915527344,0.0,74.30000305175781,True,True,45.70000076293945,0.0,79.82599639892578,True,True,43.33000183105469,0.0,75.54199981689453,True,True,53.380001068115234,0.0,75.7040023803711,True,True,44.150001525878906,0.0,74.75,True,True,43.47999954223633,0.0,76.1719970703125,True,True,53.150001525878906,0.0,75.43399810791016,True,True,-25.0,70.19999694824219,,,,44.599998474121094,210.0019989013672,45.06800079345703,152.0,38.0,
2021-08-08 16:00:00,,,,,37.459999084472656,0.0,76.31600189208984,True,True,100.0,0.0,74.37200164794922,True,True,56.22999954223633,0.0,75.0739974975586,True,True,61.130001068115234,0.0,82.04000091552734,True,True,41.779998779296875,0.0,74.26399993896484,True,True,45.22999954223633,0.0,79.5739974975586,True,True,43.25,0.0,75.99199676513672,True,True,53.459999084472656,0.0,75.73999786376953,True,True,45.40999984741211,0.0,74.80400085449219,True,True,49.45000076293945,0.0,76.35199737548828,True,True,51.470001220703125,0.0,75.99199676513672,True,True,-25.0,71.31999969482422,,,,44.11399841308594,210.0019989013672,44.70800018310547,152.0,38.0,
2021-08-08 16:15:00,,,,,37.02000045776367,0.0,76.40599822998047,True,True,100.0,0.0,74.37200164794922,True,True,55.029998779296875,0.0,75.09200286865234,True,True,60.20000076293945,0.0,88.03399658203125,True,True,45.75,0.0,74.22799682617188,True,True,42.08000183105469,0.0,79.77200317382812,True,True,43.06999969482422,0.0,75.7760009765625,True,True,56.150001525878906,0.0,75.72200012207031,True,True,46.86000061035156,0.0,74.80400085449219,True,True,41.619998931884766,0.0,76.35199737548828,True,True,45.75,0.0,76.0459976196289,True,True,-25.0,70.3499984741211,,,,44.347999572753906,210.0019989013672,44.54600143432617,144.0,36.0,
2021-08-08 16:30:00,,,,,45.63999938964844,0.0,76.85600280761719,True,True,100.0,0.0,74.40799713134766,True,True,56.22999954223633,0.0,75.11000061035156,True,True,60.439998626708984,0.0,87.52999877929688,True,True,41.20000076293945,0.0,74.28199768066406,True,True,42.13999938964844,0.0,79.53800201416016,True,True,43.209999084472656,0.0,76.13600158691406,True,True,51.58000183105469,0.0,75.68599700927734,True,True,35.400001525878906,0.0,74.8219985961914,True,True,36.65999984741211,0.0,76.42400360107422,True,True,54.15999984741211,0.0,76.47799682617188,True,True,-25.0,69.80999755859375,,,,44.36600112915039,210.0019989013672,44.79800033569336,152.0,38.0,
2021-08-08 16:45:00,,,,,39.369998931884766,0.0,77.03600311279297,True,True,93.33000183105469,0.0,74.37200164794922,True,True,53.5,0.0,75.11000061035156,True,True,58.970001220703125,0.0,91.6520004272461,True,True,40.84000015258789,0.0,74.26399993896484,True,True,46.0,0.0,79.48400115966797,True,True,41.45000076293945,0.0,75.09200286865234,True,True,50.52000045776367,0.0,75.66799926757812,True,True,49.5,0.0,74.83999633789062,True,True,45.36000061035156,0.0,76.55000305175781,True,True,49.939998626708984,0.0,75.29000091552734,True,True,-25.0,64.36000061035156,,,,42.38600158691406,210.0019989013672,42.88999938964844,144.0,36.0,
2021-08-08 17:00:00,,,,,36.2599983215332,0.0,77.9540023803711,True,True,92.23999786376953,0.0,74.37200164794922,True,True,47.84000015258789,0.0,75.09200286865234,True,True,56.72999954223633,0.0,93.30799865722656,True,True,40.400001525878906,0.0,74.26399993896484,True,True,43.4900016784668,0.0,78.85399627685547,True,True,42.02000045776367,0.0,74.8759994506836,True,True,51.31999969482422,0.0,75.7040023803711,True,True,40.02000045776367,0.0,74.83999633789062,True,True,45.18000030517578,0.0,76.53199768066406,True,True,51.52000045776367,0.0,74.83999633789062,True,True,-25.0,63.900001525878906,,,,40.72999954223633,210.0019989013672,41.14400100708008,144.0,36.0,
2021-08-08 17:15:00,,,,,36.56999969482422,0.0,78.06199645996094,True,True,92.19000244140625,0.0,74.35399627685547,True,True,49.54999923706055,0.0,75.0739974975586,True,True,54.310001373291016,0.0,94.71199798583984,True,True,39.029998779296875,0.0,74.20999908447266,True,True,41.59000015258789,0.0,78.96199798583984,True,True,41.290000915527344,0.0,74.58799743652344,True,True,50.810001373291016,0.0,75.72200012207031,True,True,42.40999984741211,0.0,74.83999633789062,True,True,47.0,0.0,76.53199768066406,True,True,49.5,0.0,74.66000366210938,True,True,-25.0,60.869998931884766,,,,41.125999450683594,210.0019989013672,41.630001068115234,152.0,38.0,
2021-08-08 17:30:00,,,,,37.61000061035156,0.0,78.13400268554688,True,True,87.7699966430664,0.0,74.26399993896484,True,True,45.84000015258789,0.0,74.96600341796875,True,True,53.529998779296875,0.0,94.01000213623047,True,True,39.939998626708984,0.0,74.24600219726562,True,True,39.779998779296875,0.0,77.93599700927734,True,True,39.849998474121094,0.0,75.18199920654297,True,True,48.5,0.0,75.61399841308594,True,True,45.310001373291016,0.0,75.0199966430664,True,True,45.72999954223633,0.0,76.56800079345703,True,True,46.779998779296875,0.0,75.54199981689453,True,True,-25.0,57.7599983215332,,,,44.11399841308594,210.0019989013672,43.10599899291992,152.0,38.0,
2021-08-08 17:45:00,,,,,37.619998931884766,0.0,77.30599975585938,True,True,99.66999816894531,0.0,74.20999908447266,True,True,55.119998931884766,0.0,75.09200286865234,True,True,64.76000213623047,0.0,93.66799926757812,True,True,42.869998931884766,0.0,74.19200134277344,True,True,46.33000183105469,0.0,76.62200164794922,True,True,38.959999084472656,0.0,75.25399780273438,True,True,47.380001068115234,0.0,75.83000183105469,True,True,36.939998626708984,0.0,74.85800170898438,True,True,39.93000030517578,0.0,76.56800079345703,True,True,50.369998931884766,0.0,75.19999694824219,True,True,-25.0,69.7300033569336,,,,43.77199935913086,210.0019989013672,44.2760009765625,152.0,38.0,
2021-08-08 18:00:00,,,,,41.56999969482422,0.0,77.75599670410156,True,True,100.0,0.0,74.31800079345703,True,True,60.630001068115234,0.0,75.16400146484375,True,True,56.59000015258789,0.0,85.42400360107422,True,True,45.58000183105469,0.0,74.26399993896484,True,True,46.70000076293945,0.0,75.75800323486328,True,True,39.34000015258789,0.0,76.37000274658203,True,True,49.66999816894531,0.0,75.75800323486328,True,True,35.83000183105469,0.0,74.85800170898438,True,True,44.369998931884766,0.0,76.63999938964844,True,True,46.91999816894531,0.0,76.802001953125,True,True,-25.0,70.76000213623047,,,,46.88600158691406,210.0019989013672,47.444000244140625,144.0,36.0,
2021-08-08 18:15:00,,,,,38.459999084472656,0.0,76.85600280761719,True,True,100.0,0.0,74.37200164794922,True,True,53.47999954223633,0.0,75.12799835205078,True,True,58.54999923706055,0.0,84.43399810791016,True,True,42.84000015258789,0.0,74.26399993896484,True,True,44.18000030517578,0.0,74.13800048828125,True,True,46.970001220703125,0.0,75.79399871826172,True,True,49.91999816894531,0.0,75.75800323486328,True,True,42.45000076293945,0.0,74.83999633789062,True,True,39.779998779296875,0.0,76.60399627685547,True,True,54.150001525878906,0.0,75.93800354003906,True,True,-25.0,70.83999633789062,,,,42.92599868774414,210.0019989013672,43.59199905395508,152.0,38.0,
2021-08-08 18:30:00,,,,,38.16999816894531,0.0,76.15399932861328,True,True,100.0,0.0,74.37200164794922,True,True,53.02000045776367,0.0,75.0199966430664,True,True,51.77000045776367,0.0,83.93000030517578,True,True,42.15999984741211,0.0,74.20999908447266,True,True,41.41999816894531,0.0,73.68800354003906,True,True,40.849998474121094,0.0,74.75,True,True,48.9900016784668,0.0,75.75800323486328,True,True,42.7599983215332,0.0,74.80400085449219,True,True,37.83000183105469,0.0,76.60399627685547,True,True,44.81999969482422,0.0,74.66000366210938,True,True,-25.0,66.98999786376953,,,,41.84600067138672,210.0019989013672,42.2239990234375,144.0,36.0,
2021-08-08 18:45:00,,,,,38.369998931884766,0.0,75.4520034790039,True,True,92.8499984741211,0.0,74.33599853515625,True,True,50.97999954223633,0.0,75.00199890136719,True,True,49.939998626708984,0.0,83.35399627685547,True,True,37.65999984741211,0.0,74.12000274658203,True,True,40.40999984741211,0.0,73.14800262451172,True,True,44.04999923706055,0.0,73.7959976196289,True,True,54.5,0.0,75.66799926757812,True,True,41.27000045776367,0.0,74.8219985961914,True,True,43.86000061035156,0.0,76.56800079345703,True,True,48.810001373291016,0.0,73.56199645996094,True,True,-25.0,65.80999755859375,,,,41.32400131225586,210.0019989013672,41.70199966430664,144.0,36.0,
2021-08-08 19:00:00,,,,,37.0,0.0,74.69599914550781,True,True,93.19999694824219,0.0,74.26399993896484,True,True,49.09000015258789,0.0,74.947998046875,True,True,48.290000915527344,0.0,83.53399658203125,True,True,39.04999923706055,0.0,73.99400329589844,True,True,40.22999954223633,0.0,72.6259994506836,True,True,39.58000183105469,0.0,73.00399780273438,True,True,50.13999938964844,0.0,75.5780029296875,True,True,37.43000030517578,0.0,74.76799774169922,True,True,39.66999816894531,0.0,76.47799682617188,True,True,44.869998931884766,0.0,72.48200225830078,True,True,-25.0,65.95999908447266,,,,41.34199905395508,210.0019989013672,41.75600051879883,144.0,36.0,
2021-08-08 19:15:00,,,,,33.38999938964844,0.0,74.13800048828125,True,True,89.9000015258789,0.0,74.24600219726562,True,True,49.689998626708984,0.0,74.98400115966797,True,True,48.4900016784668,0.0,82.22000122070312,True,True,37.279998779296875,0.0,73.95800018310547,True,True,36.59000015258789,0.0,72.10399627685547,True,True,39.09000015258789,0.0,72.302001953125,True,True,47.279998779296875,0.0,75.47000122070312,True,True,38.959999084472656,0.0,74.69599914550781,True,True,40.11000061035156,0.0,76.44200134277344,True,True,46.189998626708984,0.0,71.5459976196289,True,True,-25.0,66.3499984741211,,,,41.34199905395508,210.0019989013672,41.827999114990234,144.0,36.0,
2021-08-08 19:30:00,,,,,39.25,0.0,73.5979995727539,True,True,89.7300033569336,0.0,74.19200134277344,True,True,52.95000076293945,0.0,74.96600341796875,True,True,48.20000076293945,0.0,82.50800323486328,True,True,42.93000030517578,0.0,74.13800048828125,True,True,36.18000030517578,0.0,72.24800109863281,True,True,39.130001068115234,0.0,71.77999877929688,True,True,43.0099983215332,0.0,75.39800262451172,True,True,37.63999938964844,0.0,74.71399688720703,True,True,42.810001373291016,0.0,76.38800048828125,True,True,44.290000915527344,0.0,70.50199890136719,True,True,-25.0,66.80000305175781,,,,41.50400161743164,210.0019989013672,41.93600082397461,144.0,36.0,
2021-08-08 19:45:00,,,,,33.15999984741211,0.0,74.10199737548828,True,True,95.75,0.0,74.19200134277344,True,True,49.15999984741211,0.0,74.947998046875,True,True,47.95000076293945,0.0,82.61599731445312,True,True,38.630001068115234,0.0,73.8499984741211,True,True,35.619998931884766,0.0,71.85199737548828,True,True,38.65999984741211,0.0,71.49199676513672,True,True,46.40999984741211,0.0,75.27200317382812,True,True,36.90999984741211,0.0,74.66000366210938,True,True,40.529998779296875,0.0,76.2979965209961,True,True,45.7599983215332,0.0,70.19599914550781,True,True,-25.0,65.3499984741211,,,,41.630001068115234,210.0019989013672,42.0620002746582,144.0,36.0,
2021-08-08 20:00:00,,,,,39.470001220703125,0.0,72.84200286865234,True,True,94.12999725341797,0.0,74.17400360107422,True,True,49.290000915527344,0.0,74.947998046875,True,True,47.18000030517578,0.0,81.46399688720703,True,True,35.470001220703125,0.0,73.77799987792969,True,True,38.119998931884766,0.0,70.82599639892578,True,True,38.0,0.0,71.02400207519531,True,True,49.0,0.0,75.25399780273438,True,True,35.529998779296875,0.0,74.64199829101562,True,True,37.66999816894531,0.0,76.24400329589844,True,True,43.9900016784668,0.0,69.38600158691406,True,True,-25.0,67.80999755859375,,,,41.630001068115234,210.0019989013672,42.097999572753906,144.0,36.0,
2021-08-08 20:15:00,,,,,31.719999313354492,0.0,72.87799835205078,True,True,95.69000244140625,0.0,74.15599822998047,True,True,49.0099983215332,0.0,75.03800201416016,True,True,46.20000076293945,0.0,81.93199920654297,True,True,37.900001525878906,0.0,73.70600128173828,True,True,38.06999969482422,0.0,70.66400146484375,True,True,38.349998474121094,0.0,70.53800201416016,True,True,46.130001068115234,0.0,75.11000061035156,True,True,35.90999984741211,0.0,74.56999969482422,True,True,42.0,0.0,76.20800018310547,True,True,40.040000915527344,0.0,68.80999755859375,True,True,-25.0,66.80000305175781,,,,41.57600021362305,210.0019989013672,42.04399871826172,152.0,38.0,
2021-08-08 20:30:00,,,,,39.22999954223633,0.0,72.80599975585938,True,True,94.26000213623047,0.0,74.15599822998047,True,True,48.40999984741211,0.0,75.00199890136719,True,True,46.529998779296875,0.0,82.04000091552734,True,True,38.25,0.0,73.74199676513672,True,True,37.75,0.0,70.71800231933594,True,True,38.040000915527344,0.0,70.14199829101562,True,True,49.529998779296875,0.0,75.0199966430664,True,True,35.689998626708984,0.0,74.56999969482422,True,True,42.15999984741211,0.0,76.06400299072266,True,True,39.4900016784668,0.0,68.59400177001953,True,True,-25.0,65.33999633789062,,,,41.41400146484375,210.0019989013672,41.88199996948242,144.0,36.0,
2021-08-08 20:45:00,,,,,34.209999084472656,0.0,72.1760025024414,True,True,93.2699966430664,0.0,74.15599822998047,True,True,48.290000915527344,0.0,74.98400115966797,True,True,45.88999938964844,0.0,81.66200256347656,True,True,36.58000183105469,0.0,73.68800354003906,True,True,36.7599983215332,0.0,70.447998046875,True,True,37.970001220703125,0.0,70.23200225830078,True,True,48.400001525878906,0.0,75.12799835205078,True,True,34.970001220703125,0.0,74.552001953125,True,True,34.959999084472656,0.0,76.06400299072266,True,True,40.7400016784668,0.0,68.10800170898438,True,True,-25.0,65.58999633789062,,,,41.395999908447266,210.0019989013672,41.86399841308594,136.0,34.0,
2021-08-08 21:00:00,,,,,30.739999771118164,0.0,72.35600280761719,True,True,94.69000244140625,0.0,74.15599822998047,True,True,50.459999084472656,0.0,75.05599975585938,True,True,45.22999954223633,0.0,81.6259994506836,True,True,40.43000030517578,0.0,73.61599731445312,True,True,35.279998779296875,0.0,70.21399688720703,True,True,38.68000030517578,0.0,69.9800033569336,True,True,45.470001220703125,0.0,75.0739974975586,True,True,38.31999969482422,0.0,74.552001953125,True,True,44.4900016784668,0.0,76.06400299072266,True,True,40.209999084472656,0.0,68.28800201416016,True,True,-25.0,64.5199966430664,,,,41.34199905395508,210.0019989013672,41.827999114990234,152.0,38.0,
2021-08-08 21:15:00,,,,,35.88999938964844,0.0,72.6259994506836,True,True,95.80999755859375,0.0,74.10199737548828,True,True,47.869998931884766,0.0,74.98400115966797,True,True,45.33000183105469,0.0,80.72599792480469,True,True,36.88999938964844,0.0,73.63400268554688,True,True,34.040000915527344,0.0,69.20600128173828,True,True,37.7400016784668,0.0,69.70999908447266,True,True,46.0,0.0,75.09200286865234,True,True,39.38999938964844,0.0,74.56999969482422,True,True,62.40999984741211,0.0,76.02799987792969,True,True,38.779998779296875,0.0,67.81999969482422,True,True,-25.0,67.3499984741211,,,,41.395999908447266,210.0019989013672,41.79199981689453,144.0,36.0,
2021-08-08 21:30:00,,,,,31.610000610351562,0.0,72.302001953125,True,True,97.20999908447266,0.0,74.10199737548828,True,True,47.56999969482422,0.0,75.00199890136719,True,True,44.97999954223633,0.0,81.64399719238281,True,True,40.88999938964844,0.0,73.54399871826172,True,True,36.380001068115234,0.0,68.79199981689453,True,True,39.130001068115234,0.0,69.56600189208984,True,True,47.20000076293945,0.0,75.0199966430664,True,True,39.810001373291016,0.0,74.53399658203125,True,True,43.150001525878906,0.0,76.02799987792969,True,True,38.22999954223633,0.0,67.60399627685547,True,True,-25.0,67.19000244140625,,,,41.32400131225586,210.0019989013672,41.737998962402344,144.0,36.0,
2021-08-08 21:45:00,,,,,30.459999084472656,0.0,72.53600311279297,True,True,94.58000183105469,0.0,74.06600189208984,True,True,47.34000015258789,0.0,74.91200256347656,True,True,44.439998626708984,0.0,81.13999938964844,True,True,38.20000076293945,0.0,73.5260009765625,True,True,35.7599983215332,0.0,68.43199920654297,True,True,39.130001068115234,0.0,69.38600158691406,True,True,47.150001525878906,0.0,75.0739974975586,True,True,39.2599983215332,0.0,74.552001953125,True,True,39.47999954223633,0.0,76.0459976196289,True,True,40.13999938964844,0.0,67.45999908447266,True,True,-25.0,66.87000274658203,,,,41.46799850463867,210.0019989013672,41.86399841308594,144.0,36.0,
2021-08-08 22:00:00,,,,,30.940000534057617,0.0,71.95999908447266,True,True,96.12999725341797,0.0,74.06600189208984,True,True,46.959999084472656,0.0,74.947998046875,True,True,43.90999984741211,0.0,81.697998046875,True,True,38.779998779296875,0.0,73.58000183105469,True,True,35.04999923706055,0.0,68.77400207519531,True,True,39.2400016784668,0.0,69.16999816894531,True,True,47.09000015258789,0.0,74.85800170898438,True,True,38.650001525878906,0.0,74.49800109863281,True,True,40.470001220703125,0.0,76.0459976196289,True,True,39.810001373291016,0.0,67.56800079345703,True,True,-25.0,65.95999908447266,,,,41.34199905395508,210.0019989013672,41.810001373291016,136.0,34.0,
2021-08-08 22:15:00,,,,,31.049999237060547,0.0,71.94200134277344,True,True,96.76000213623047,0.0,74.06600189208984,True,True,46.90999984741211,0.0,74.93000030517578,True,True,44.91999816894531,0.0,82.04000091552734,True,True,37.7400016784668,0.0,73.48999786376953,True,True,35.150001525878906,0.0,68.77400207519531,True,True,39.099998474121094,0.0,69.16999816894531,True,True,47.16999816894531,0.0,74.93000030517578,True,True,36.880001068115234,0.0,74.552001953125,True,True,42.13999938964844,0.0,76.02799987792969,True,True,39.880001068115234,0.0,67.27999877929688,True,True,-25.0,66.93000030517578,,,,41.395999908447266,210.0019989013672,41.79199981689453,144.0,36.0,
2021-08-08 22:30:00,,,,,31.75,0.0,71.5999984741211,True,True,89.38999938964844,0.0,74.06600189208984,True,True,44.7400016784668,0.0,74.93000030517578,True,True,45.34000015258789,0.0,80.99600219726562,True,True,39.119998931884766,0.0,73.48999786376953,True,True,32.43000030517578,0.0,68.25199890136719,True,True,38.93000030517578,0.0,68.52200317382812,True,True,45.93000030517578,0.0,74.947998046875,True,True,37.369998931884766,0.0,74.4800033569336,True,True,40.88999938964844,0.0,76.02799987792969,True,True,39.369998931884766,0.0,67.0459976196289,True,True,-25.0,65.87000274658203,,,,41.395999908447266,210.0019989013672,41.79199981689453,144.0,36.0,
2021-08-08 22:45:00,,,,,34.13999938964844,0.0,71.25800323486328,True,True,89.73999786376953,0.0,74.0479965209961,True,True,47.29999923706055,0.0,74.93000030517578,True,True,45.0,0.0,82.09400177001953,True,True,38.79999923706055,0.0,73.27400207519531,True,True,32.0099983215332,0.0,69.04399871826172,True,True,38.81999969482422,0.0,68.41400146484375,True,True,46.470001220703125,0.0,74.83999633789062,True,True,37.060001373291016,0.0,74.46199798583984,True,True,37.36000061035156,0.0,75.99199676513672,True,True,38.56999969482422,0.0,67.0459976196289,True,True,-25.0,69.55999755859375,,,,41.41400146484375,210.0019989013672,41.86399841308594,144.0,36.0,
2021-08-08 23:00:00,,,,,35.52000045776367,0.0,71.56400299072266,True,True,95.62000274658203,0.0,74.0479965209961,True,True,47.349998474121094,0.0,75.00199890136719,True,True,45.150001525878906,0.0,81.66200256347656,True,True,40.029998779296875,0.0,73.43599700927734,True,True,32.630001068115234,0.0,68.77400207519531,True,True,38.060001373291016,0.0,68.10800170898438,True,True,46.90999984741211,0.0,74.98400115966797,True,True,37.79999923706055,0.0,74.37200164794922,True,True,37.84000015258789,0.0,75.93800354003906,True,True,38.58000183105469,0.0,66.68599700927734,True,True,-25.0,70.9800033569336,,,,41.86399841308594,210.0019989013672,42.242000579833984,144.0,36.0,
2021-08-08 23:15:00,,,,,36.4900016784668,0.0,72.03199768066406,True,True,91.97000122070312,0.0,74.01200103759766,True,True,48.25,0.0,74.947998046875,True,True,46.630001068115234,0.0,86.16200256347656,True,True,39.34000015258789,0.0,73.4000015258789,True,True,36.88999938964844,0.0,68.48600006103516,True,True,38.130001068115234,0.0,68.197998046875,True,True,45.33000183105469,0.0,75.0199966430664,True,True,37.630001068115234,0.0,74.37200164794922,True,True,42.66999816894531,0.0,75.9020004272461,True,True,38.220001220703125,0.0,66.86599731445312,True,True,-25.0,66.33999633789062,,,,45.374000549316406,210.0019989013672,45.44599914550781,144.0,36.0,
2021-08-08 23:30:00,,,,,34.43000030517578,0.0,72.06800079345703,True,True,98.0999984741211,0.0,74.0479965209961,True,True,56.77000045776367,0.0,74.96600341796875,True,True,55.439998626708984,0.0,89.2040023803711,True,True,39.27000045776367,0.0,73.34600067138672,True,True,36.810001373291016,0.0,68.77400207519531,True,True,37.470001220703125,0.0,67.85600280761719,True,True,45.18000030517578,0.0,75.0739974975586,True,True,40.060001373291016,0.0,74.37200164794922,True,True,43.619998931884766,0.0,75.93800354003906,True,True,37.459999084472656,0.0,66.59600067138672,True,True,-25.0,70.95999908447266,,,,44.18600082397461,210.0019989013672,44.88800048828125,144.0,36.0,
2021-08-08 23:45:00,,,,,35.90999984741211,0.0,70.55599975585938,True,True,94.98999786376953,0.0,74.12000274658203,True,True,52.709999084472656,0.0,74.96600341796875,True,True,55.27000045776367,0.0,89.0780029296875,True,True,39.11000061035156,0.0,73.3280029296875,True,True,36.599998474121094,0.0,68.68399810791016,True,True,37.88999938964844,0.0,67.74800109863281,True,True,41.97999954223633,0.0,75.09200286865234,True,True,38.459999084472656,0.0,74.40799713134766,True,True,40.540000915527344,0.0,75.95600128173828,True,True,39.630001068115234,0.0,66.68599700927734,True,True,-25.0,78.36000061035156,,,,45.428001403808594,210.0019989013672,45.93199920654297,152.0,38.0,
2021-08-09 00:00:00,,,,,34.79999923706055,0.0,71.2040023803711,True,True,97.62999725341797,0.0,74.13800048828125,True,True,54.33000183105469,0.0,74.91200256347656,True,True,57.540000915527344,0.0,89.56400299072266,True,True,42.18000030517578,0.0,73.48999786376953,True,True,37.029998779296875,0.0,68.3239974975586,True,True,42.84000015258789,0.0,67.44200134277344,True,True,48.209999084472656,0.0,75.05599975585938,True,True,41.529998779296875,0.0,74.37200164794922,True,True,43.36000061035156,0.0,75.88400268554688,True,True,42.93000030517578,0.0,66.14600372314453,True,True,-25.0,72.91000366210938,,,,49.65800094604492,210.0019989013672,50.540000915527344,144.0,36.0,
2021-08-09 00:15:00,,,,,42.88999938964844,0.0,70.80799865722656,True,True,100.0,0.0,74.15599822998047,True,True,56.40999984741211,0.0,74.98400115966797,True,True,54.29999923706055,0.0,75.18199920654297,True,True,37.97999954223633,0.0,73.29199981689453,True,True,48.779998779296875,0.0,68.08999633789062,True,True,40.290000915527344,0.0,67.56800079345703,True,True,47.470001220703125,0.0,75.11000061035156,True,True,39.58000183105469,0.0,74.37200164794922,True,True,43.880001068115234,0.0,75.9020004272461,True,True,41.83000183105469,0.0,66.14600372314453,True,True,-25.0,74.68000030517578,,,,45.013999938964844,210.0019989013672,45.518001556396484,152.0,38.0,
2021-08-09 00:30:00,,,,,36.189998626708984,0.0,69.58399963378906,True,True,100.0,0.0,74.19200134277344,True,True,50.66999816894531,0.0,74.91200256347656,True,True,50.279998779296875,0.0,82.47200012207031,True,True,38.2400016784668,0.0,73.27400207519531,True,True,36.33000183105469,0.0,68.39600372314453,True,True,41.52000045776367,0.0,67.60399627685547,True,True,48.77000045776367,0.0,75.14600372314453,True,True,40.34000015258789,0.0,74.46199798583984,True,True,38.720001220703125,0.0,75.88400268554688,True,True,42.5,0.0,66.23600006103516,True,True,-25.0,73.0199966430664,,,,44.347999572753906,210.0019989013672,44.97800064086914,144.0,36.0,
2021-08-09 00:45:00,,,,,34.84000015258789,0.0,66.9020004272461,True,True,100.0,0.0,74.19200134277344,True,True,49.90999984741211,0.0,74.91200256347656,True,True,49.189998626708984,0.0,82.41799926757812,True,True,40.63999938964844,0.0,73.14800262451172,True,True,35.31999969482422,0.0,68.25199890136719,True,True,44.470001220703125,0.0,67.37000274658203,True,True,53.349998474121094,0.0,75.16400146484375,True,True,45.22999954223633,0.0,74.37200164794922,True,True,39.91999816894531,0.0,75.86599731445312,True,True,44.5,0.0,66.14600372314453,True,True,-25.0,72.30999755859375,,,,43.268001556396484,210.0019989013672,43.80799865722656,144.0,36.0,
2021-08-09 01:00:00,,,,,30.219999313354492,0.0,66.54199981689453,True,True,94.56999969482422,0.0,74.15599822998047,True,True,49.099998474121094,0.0,74.96600341796875,True,True,48.130001068115234,0.0,81.6259994506836,True,True,38.97999954223633,0.0,73.09400177001953,True,True,34.099998474121094,0.0,67.8740005493164,True,True,42.709999084472656,0.0,67.31600189208984,True,True,49.59000015258789,0.0,75.12799835205078,True,True,38.61000061035156,0.0,74.30000305175781,True,True,43.95000076293945,0.0,75.88400268554688,True,True,40.02000045776367,0.0,66.09200286865234,True,True,-25.0,70.58999633789062,,,,42.74599838256836,210.0019989013672,43.2859992980957,144.0,36.0,
2021-08-09 01:15:00,,,,,32.29999923706055,0.0,66.43399810791016,True,True,100.0,0.0,74.19200134277344,True,True,47.869998931884766,0.0,74.91200256347656,True,True,47.56999969482422,0.0,81.86000061035156,True,True,35.689998626708984,0.0,73.00399780273438,True,True,32.88999938964844,0.0,67.78399658203125,True,True,40.279998779296875,0.0,67.11799621582031,True,True,48.61000061035156,0.0,75.21800231933594,True,True,37.7400016784668,0.0,74.28199768066406,True,True,43.439998626708984,0.0,75.88400268554688,True,True,40.599998474121094,0.0,66.14600372314453,True,True,-25.0,70.2699966430664,,,,42.92599868774414,210.0019989013672,43.30400085449219,144.0,36.0,
2021-08-09 01:30:00,,,,,34.38999938964844,0.0,66.55999755859375,True,True,94.80000305175781,0.0,74.13800048828125,True,True,52.380001068115234,0.0,74.8759994506836,True,True,47.20000076293945,0.0,81.06800079345703,True,True,39.130001068115234,0.0,72.98600006103516,True,True,32.290000915527344,0.0,67.44200134277344,True,True,39.97999954223633,0.0,67.11799621582031,True,True,43.61000061035156,0.0,74.98400115966797,True,True,34.54999923706055,0.0,74.15599822998047,True,True,38.41999816894531,0.0,75.8479995727539,True,True,38.470001220703125,0.0,65.66000366210938,True,True,-25.0,70.29000091552734,,,,43.52000045776367,210.0019989013672,43.84400177001953,144.0,36.0,
2021-08-09 01:45:00,,,,,34.2599983215332,0.0,66.21800231933594,True,True,97.55999755859375,0.0,74.12000274658203,True,True,54.09000015258789,0.0,74.91200256347656,True,True,47.16999816894531,0.0,80.83399963378906,True,True,40.59000015258789,0.0,72.96800231933594,True,True,31.540000915527344,0.0,67.19000244140625,True,True,38.900001525878906,0.0,66.91999816894531,True,True,47.150001525878906,0.0,75.12799835205078,True,True,37.459999084472656,0.0,74.19200134277344,True,True,42.349998474121094,0.0,75.72200012207031,True,True,38.81999969482422,0.0,65.4260025024414,True,True,-25.0,68.94999694824219,,,,44.20399856567383,210.0019989013672,44.54600143432617,152.0,38.0,
2021-08-09 02:00:00,,,,,31.799999237060547,0.0,66.21800231933594,True,True,100.0,0.0,74.10199737548828,True,True,56.2599983215332,0.0,74.91200256347656,True,True,48.65999984741211,0.0,80.74400329589844,True,True,40.16999816894531,0.0,72.91400146484375,True,True,35.290000915527344,0.0,66.5780029296875,True,True,38.34000015258789,0.0,66.63200378417969,True,True,49.849998474121094,0.0,74.98400115966797,True,True,34.209999084472656,0.0,74.12000274658203,True,True,40.75,0.0,75.7040023803711,True,True,38.119998931884766,0.0,65.24600219726562,True,True,-25.0,69.2300033569336,,,,44.816001892089844,210.0019989013672,45.12200164794922,144.0,36.0,
2021-08-09 02:15:00,,,,,35.43000030517578,0.0,65.85800170898438,True,True,100.0,0.0,74.06600189208984,True,True,53.689998626708984,0.0,74.83999633789062,True,True,50.189998626708984,0.0,80.58200073242188,True,True,34.31999969482422,0.0,72.94999694824219,True,True,35.84000015258789,0.0,66.43399810791016,True,True,38.81999969482422,0.0,66.7040023803711,True,True,47.220001220703125,0.0,75.00199890136719,True,True,37.47999954223633,0.0,74.12000274658203,True,True,44.22999954223633,0.0,75.7040023803711,True,True,38.400001525878906,0.0,65.10199737548828,True,True,-25.0,69.44000244140625,,,,44.88800048828125,210.0019989013672,45.44599914550781,144.0,36.0,
2021-08-09 02:30:00,,,,,31.299999237060547,0.0,65.85800170898438,True,True,94.04000091552734,0.0,74.0479965209961,True,True,53.849998474121094,0.0,74.85800170898438,True,True,50.09000015258789,0.0,80.22200012207031,True,True,41.7400016784668,0.0,72.8239974975586,True,True,32.97999954223633,0.0,66.29000091552734,True,True,39.95000076293945,0.0,66.4520034790039,True,True,51.04999923706055,0.0,74.6780014038086,True,True,37.650001525878906,0.0,74.10199737548828,True,True,44.72999954223633,0.0,75.7040023803711,True,True,41.38999938964844,0.0,64.86799621582031,True,True,-25.0,69.66000366210938,,,,44.70800018310547,210.0019989013672,45.284000396728516,152.0,38.0,
2021-08-09 02:45:00,,,,,34.83000183105469,0.0,65.89399719238281,True,True,96.33999633789062,0.0,74.06600189208984,True,True,57.88999938964844,0.0,74.83999633789062,True,True,50.08000183105469,0.0,80.22200012207031,True,True,42.2599983215332,0.0,72.66200256347656,True,True,30.68000030517578,0.0,66.05599975585938,True,True,40.65999984741211,0.0,66.36199951171875,True,True,50.86000061035156,0.0,74.58799743652344,True,True,38.68000030517578,0.0,74.10199737548828,True,True,46.0099983215332,0.0,75.7040023803711,True,True,42.689998626708984,0.0,64.81400299072266,True,True,-25.0,69.18000030517578,,,,44.90599822998047,210.0019989013672,45.15800094604492,144.0,36.0,
2021-08-09 03:00:00,,,,,34.79999923706055,0.0,65.49800109863281,True,True,98.41999816894531,0.0,74.10199737548828,True,True,54.88999938964844,0.0,74.83999633789062,True,True,50.04999923706055,0.0,80.45600128173828,True,True,36.90999984741211,0.0,72.8239974975586,True,True,30.989999771118164,0.0,66.41600036621094,True,True,41.65999984741211,0.0,66.25399780273438,True,True,47.880001068115234,0.0,74.53399658203125,True,True,37.849998474121094,0.0,74.06600189208984,True,True,40.959999084472656,0.0,75.66799926757812,True,True,41.20000076293945,0.0,64.77799987792969,True,True,-25.0,69.20999908447266,,,,44.63600158691406,210.0019989013672,44.94200134277344,144.0,36.0,
2021-08-09 03:15:00,,,,,29.969999313354492,0.0,65.31800079345703,True,True,99.79000091552734,0.0,74.08399963378906,True,True,54.060001373291016,0.0,74.8219985961914,True,True,49.189998626708984,0.0,80.49199676513672,True,True,42.2599983215332,0.0,72.55400085449219,True,True,30.510000228881836,0.0,66.79399871826172,True,True,41.58000183105469,0.0,66.25399780273438,True,True,51.060001373291016,0.0,74.64199829101562,True,True,38.599998474121094,0.0,74.12000274658203,True,True,47.529998779296875,0.0,75.63200378417969,True,True,41.09000015258789,0.0,64.50800323486328,True,True,-25.0,69.8499984741211,,,,44.00600051879883,210.0019989013672,44.70800018310547,144.0,36.0,
2021-08-09 03:30:00,,,,,32.84000015258789,0.0,65.31800079345703,True,True,100.0,0.0,74.06600189208984,True,True,53.709999084472656,0.0,74.8219985961914,True,True,48.68000030517578,0.0,80.49199676513672,True,True,40.33000183105469,0.0,72.60800170898438,True,True,29.540000915527344,0.0,66.4520034790039,True,True,41.84000015258789,0.0,66.25399780273438,True,True,51.47999954223633,0.0,74.35399627685547,True,True,38.27000045776367,0.0,74.10199737548828,True,True,38.810001373291016,0.0,75.59600067138672,True,True,40.880001068115234,0.0,64.43599700927734,True,True,-25.0,68.88999938964844,,,,43.91600036621094,210.0019989013672,44.38399887084961,152.0,38.0,
2021-08-09 03:45:00,,,,,28.5,0.0,65.49800109863281,True,True,100.0,0.0,74.13800048828125,True,True,53.959999084472656,0.0,74.93000030517578,True,True,48.08000183105469,0.0,80.11399841308594,True,True,42.619998931884766,0.0,72.78800201416016,True,True,32.349998474121094,0.0,65.89399719238281,True,True,41.33000183105469,0.0,66.03800201416016,True,True,51.7400016784668,0.0,74.80400085449219,True,True,37.810001373291016,0.0,74.13800048828125,True,True,41.77000045776367,0.0,75.54199981689453,True,True,40.560001373291016,0.0,64.43599700927734,True,True,-25.0,69.2699966430664,,,,44.20399856567383,210.0019989013672,44.52799987792969,144.0,36.0,
2021-08-09 04:00:00,,,,,32.0099983215332,0.0,65.53399658203125,True,True,98.69999694824219,0.0,74.10199737548828,True,True,53.380001068115234,0.0,74.83999633789062,True,True,47.970001220703125,0.0,80.11399841308594,True,True,38.36000061035156,0.0,72.66200256347656,True,True,32.29999923706055,0.0,65.89399719238281,True,True,38.41999816894531,0.0,66.0739974975586,True,True,46.31999969482422,0.0,74.71399688720703,True,True,37.7599983215332,0.0,74.0479965209961,True,True,40.58000183105469,0.0,75.55999755859375,True,True,39.66999816894531,0.0,64.50800323486328,True,True,-25.0,68.41000366210938,,,,43.77199935913086,210.0019989013672,44.2760009765625,152.0,38.0,
2021-08-09 04:15:00,,,,,31.6299991607666,0.0,65.15599822998047,True,True,95.0199966430664,0.0,74.06600189208984,True,True,53.33000183105469,0.0,74.8219985961914,True,True,47.689998626708984,0.0,80.16799926757812,True,True,52.91999816894531,0.0,72.73400115966797,True,True,32.04999923706055,0.0,65.71399688720703,True,True,38.540000915527344,0.0,65.93000030517578,True,True,50.54999923706055,0.0,74.4800033569336,True,True,38.540000915527344,0.0,73.97599792480469,True,True,30.610000610351562,6.460000038146973,75.52400207519531,True,True,38.34000015258789,0.0,64.36399841308594,True,True,-25.0,70.5,,,,43.66400146484375,210.0019989013672,44.20399856567383,144.0,36.0,
2021-08-09 04:30:00,,,,,30.329999923706055,0.0,65.12000274658203,True,True,96.63999938964844,0.0,74.12000274658203,True,True,54.209999084472656,0.0,74.8219985961914,True,True,47.619998931884766,0.0,80.58200073242188,True,True,42.79999923706055,0.0,72.48200225830078,True,True,27.43000030517578,0.0,66.23600006103516,True,True,41.97999954223633,0.0,66.14600372314453,True,True,48.5,0.0,74.20999908447266,True,True,37.70000076293945,0.0,73.99400329589844,True,True,43.02000045776367,0.0,75.50599670410156,True,True,39.939998626708984,0.0,64.23799896240234,True,True,-25.0,68.83999633789062,,,,43.987998962402344,210.0019989013672,44.52799987792969,144.0,36.0,
2021-08-09 04:45:00,,,,,28.850000381469727,0.0,65.31800079345703,True,True,94.43000030517578,0.0,74.19200134277344,True,True,53.93000030517578,0.0,74.78600311279297,True,True,49.970001220703125,0.0,80.72599792480469,True,True,38.349998474121094,0.0,72.5719985961914,True,True,28.219999313354492,0.0,65.4800033569336,True,True,42.349998474121094,0.0,66.11000061035156,True,True,50.0099983215332,0.0,74.33599853515625,True,True,37.9900016784668,0.0,73.94000244140625,True,True,38.20000076293945,0.0,75.48799896240234,True,True,39.709999084472656,0.0,64.18399810791016,True,True,-25.0,68.11000061035156,,,,44.2400016784668,210.0019989013672,44.54600143432617,152.0,38.0,
2021-08-09 05:00:00,,,,,30.81999969482422,0.0,65.13800048828125,True,True,100.0,0.0,74.17400360107422,True,True,54.0,0.0,74.6780014038086,True,True,46.459999084472656,0.0,80.1500015258789,True,True,39.61000061035156,0.0,72.66200256347656,True,True,26.84000015258789,0.0,65.4260025024414,True,True,42.77000045776367,0.0,65.85800170898438,True,True,47.970001220703125,0.0,74.46199798583984,True,True,37.91999816894531,0.0,73.99400329589844,True,True,39.959999084472656,0.0,75.47000122070312,True,True,39.54999923706055,0.0,64.25599670410156,True,True,-25.0,67.0,,,,44.36600112915039,210.0019989013672,44.83399963378906,144.0,36.0,
2021-08-09 05:15:00,,,,,30.420000076293945,0.0,64.95800018310547,True,True,100.0,0.0,74.13800048828125,True,True,57.560001373291016,0.0,74.73200225830078,True,True,46.84000015258789,0.0,80.11399841308594,True,True,40.099998474121094,0.0,72.66200256347656,True,True,26.760000228881836,0.0,65.51599884033203,True,True,39.43000030517578,0.0,65.60600280761719,True,True,48.4900016784668,0.0,74.49800109863281,True,True,37.70000076293945,0.0,73.9219970703125,True,True,45.15999984741211,0.0,75.37999725341797,True,True,37.40999984741211,0.0,63.82400131225586,True,True,-25.0,68.62000274658203,,,,44.41999816894531,210.0019989013672,44.92399978637695,152.0,38.0,
2021-08-09 05:30:00,,,,,27.030000686645508,0.0,64.95800018310547,True,True,100.0,0.0,74.02999877929688,True,True,54.93000030517578,0.0,74.80400085449219,True,True,46.7599983215332,0.0,79.82599639892578,True,True,40.33000183105469,0.0,72.697998046875,True,True,30.6200008392334,0.0,65.51599884033203,True,True,41.869998931884766,0.0,65.53399658203125,True,True,51.06999969482422,0.0,74.28199768066406,True,True,37.58000183105469,0.0,73.94000244140625,True,True,35.119998931884766,0.0,75.34400177001953,True,True,39.2599983215332,0.0,63.986000061035156,True,True,-25.0,67.80000305175781,,,,44.3120002746582,210.0019989013672,44.88800048828125,144.0,36.0,
2021-08-09 05:45:00,,,,,26.729999542236328,0.0,64.95800018310547,True,True,100.0,0.0,73.99400329589844,True,True,54.560001373291016,0.0,74.73200225830078,True,True,46.66999816894531,0.0,80.00599670410156,True,True,39.08000183105469,0.0,72.5719985961914,True,True,31.68000030517578,0.0,65.51599884033203,True,True,42.529998779296875,0.0,65.6780014038086,True,True,50.779998779296875,0.0,74.13800048828125,True,True,38.41999816894531,0.0,73.94000244140625,True,True,43.18000030517578,0.0,75.34400177001953,True,True,39.70000076293945,0.0,64.00399780273438,True,True,-25.0,67.38999938964844,,,,43.86199951171875,210.0019989013672,44.4379997253418,152.0,38.0,
2021-08-09 06:00:00,,,,,26.440000534057617,0.0,65.31800079345703,True,True,100.0,0.0,74.01200103759766,True,True,53.130001068115234,0.0,74.76799774169922,True,True,45.779998779296875,0.0,79.91600036621094,True,True,38.2599983215332,0.0,72.64399719238281,True,True,31.270000457763672,0.0,65.35399627685547,True,True,42.439998626708984,0.0,65.30000305175781,True,True,48.709999084472656,0.0,74.38999938964844,True,True,38.619998931884766,0.0,73.94000244140625,True,True,41.11000061035156,0.0,75.30799865722656,True,True,40.279998779296875,0.0,63.715999603271484,True,True,-25.0,67.83999633789062,,,,42.242000579833984,210.0019989013672,42.79999923706055,152.0,38.0,
2021-08-09 06:15:00,,,,,31.079999923706055,0.0,65.6780014038086,True,True,100.0,0.0,73.99400329589844,True,True,47.86000061035156,0.0,74.71399688720703,True,True,43.45000076293945,0.0,79.97000122070312,True,True,42.59000015258789,0.0,72.55400085449219,True,True,29.559999465942383,0.0,65.80400085449219,True,True,42.90999984741211,0.0,65.56999969482422,True,True,51.45000076293945,0.0,74.12000274658203,True,True,39.029998779296875,0.0,73.90399932861328,True,True,44.84000015258789,0.0,75.30799865722656,True,True,40.619998931884766,0.0,63.895999908447266,True,True,-25.0,67.76000213623047,,,,42.27799987792969,210.0019989013672,42.74599838256836,144.0,36.0,
2021-08-09 06:30:00,,,,,31.920000076293945,0.0,65.6780014038086,True,True,100.0,0.0,73.99400329589844,True,True,47.72999954223633,0.0,74.75,True,True,43.93000030517578,0.0,80.22200012207031,True,True,41.779998779296875,0.0,72.60800170898438,True,True,29.729999542236328,0.0,66.05599975585938,True,True,42.560001373291016,0.0,65.53399658203125,True,True,49.119998931884766,0.0,73.99400329589844,True,True,37.75,0.0,73.88600158691406,True,True,37.560001373291016,0.0,75.21800231933594,True,True,39.790000915527344,0.0,63.895999908447266,True,True,-25.0,68.25,,,,42.242000579833984,210.0019989013672,42.709999084472656,152.0,38.0,
2021-08-09 06:45:00,,,,,31.25,0.0,65.51599884033203,True,True,100.0,0.0,73.99400329589844,True,True,54.81999969482422,0.0,74.73200225830078,True,True,43.86000061035156,0.0,80.77999877929688,True,True,38.5,0.0,72.87799835205078,True,True,30.579999923706055,0.0,66.43399810791016,True,True,37.27000045776367,0.0,65.71399688720703,True,True,43.849998474121094,0.0,74.30000305175781,True,True,35.630001068115234,0.0,73.86799621582031,True,True,36.380001068115234,0.0,75.21800231933594,True,True,37.97999954223633,0.0,64.00399780273438,True,True,-25.0,68.2699966430664,,,,42.92599868774414,210.0019989013672,43.465999603271484,144.0,36.0,
2021-08-09 07:00:00,,,,,32.77000045776367,0.0,66.03800201416016,True,True,100.0,0.0,74.01200103759766,True,True,52.369998931884766,0.0,74.69599914550781,True,True,44.86000061035156,0.0,80.65399932861328,True,True,39.310001373291016,0.0,72.71600341796875,True,True,31.459999084472656,0.0,66.6500015258789,True,True,38.34000015258789,0.0,66.03800201416016,True,True,49.349998474121094,0.0,74.35399627685547,True,True,37.13999938964844,0.0,73.77799987792969,True,True,40.43000030517578,0.0,75.27200317382812,True,True,38.599998474121094,0.0,64.43599700927734,True,True,-25.0,65.5999984741211,,,,43.84400177001953,210.0019989013672,44.36600112915039,152.0,38.0,
2021-08-09 07:15:00,,,,,35.36000061035156,0.0,66.55999755859375,True,True,100.0,0.0,73.99400329589844,True,True,52.970001220703125,0.0,74.76799774169922,True,True,46.59000015258789,0.0,81.46399688720703,True,True,38.25,0.0,72.91400146484375,True,True,33.130001068115234,0.0,67.2979965209961,True,True,37.400001525878906,0.0,66.14600372314453,True,True,44.52000045776367,0.0,74.58799743652344,True,True,38.38999938964844,0.0,73.88600158691406,True,True,38.029998779296875,0.0,75.27200317382812,True,True,38.869998931884766,0.0,64.61599731445312,True,True,-25.0,65.41000366210938,,,,41.52199935913086,210.0019989013672,41.88199996948242,144.0,36.0,
2021-08-09 07:30:00,,,,,40.970001220703125,0.0,67.51399993896484,True,True,100.0,0.0,73.94000244140625,True,True,47.040000915527344,0.0,74.76799774169922,True,True,43.38999938964844,0.0,81.44599914550781,True,True,38.29999923706055,0.0,72.91400146484375,True,True,35.84000015258789,0.0,67.51399993896484,True,True,38.0,0.0,66.03800201416016,True,True,49.470001220703125,0.0,74.78600311279297,True,True,42.5,0.0,74.01200103759766,True,True,45.029998779296875,0.0,75.30799865722656,True,True,39.59000015258789,0.0,64.7959976196289,True,True,-25.0,64.30999755859375,,,,41.198001861572266,210.0019989013672,41.683998107910156,144.0,36.0,
2021-08-09 07:45:00,,,,,34.11000061035156,0.0,67.62200164794922,True,True,100.0,0.0,73.99400329589844,True,True,48.0,0.0,74.76799774169922,True,True,43.0099983215332,0.0,81.55400085449219,True,True,37.7599983215332,0.0,73.09400177001953,True,True,36.040000915527344,0.0,68.21600341796875,True,True,43.02000045776367,0.0,66.09200286865234,True,True,52.439998626708984,0.0,74.8219985961914,True,True,40.560001373291016,0.0,73.97599792480469,True,True,35.45000076293945,0.0,75.4520034790039,True,True,42.099998474121094,0.0,64.95800018310547,True,True,-25.0,63.560001373291016,,,,41.486000061035156,210.0019989013672,41.737998962402344,152.0,38.0,
2021-08-09 08:00:00,,,,,34.189998626708984,0.0,68.197998046875,True,True,100.0,0.0,74.02999877929688,True,True,54.88999938964844,0.0,74.78600311279297,True,True,43.720001220703125,0.0,81.3740005493164,True,True,41.11000061035156,0.0,73.16600036621094,True,True,30.510000228881836,0.0,68.52200317382812,True,True,38.810001373291016,0.0,66.55999755859375,True,True,43.91999816894531,0.0,74.89399719238281,True,True,38.97999954223633,0.0,74.12000274658203,True,True,34.66999816894531,0.0,75.50599670410156,True,True,39.70000076293945,0.0,65.49800109863281,True,True,-25.0,65.18000030517578,,,,43.19599914550781,210.0019989013672,43.86199951171875,152.0,38.0,
2021-08-09 08:15:00,,,,,34.95000076293945,0.0,70.1240005493164,True,True,100.0,0.0,74.10199737548828,True,True,46.65999984741211,0.0,74.8219985961914,True,True,45.209999084472656,0.0,82.22000122070312,True,True,42.91999816894531,0.0,73.34600067138672,True,True,39.54999923706055,0.0,69.85399627685547,True,True,39.4900016784668,0.0,67.20800018310547,True,True,48.31999969482422,0.0,74.947998046875,True,True,35.79999923706055,0.0,74.12000274658203,True,True,41.290000915527344,0.0,75.63200378417969,True,True,39.97999954223633,0.0,66.14600372314453,True,True,-25.0,64.66000366210938,,,,41.27000045776367,210.0019989013672,41.827999114990234,152.0,38.0,
2021-08-09 08:30:00,,,,,33.97999954223633,0.0,69.67400360107422,True,True,88.22000122070312,0.0,74.15599822998047,True,True,44.84000015258789,0.0,74.80400085449219,True,True,43.33000183105469,0.0,82.86799621582031,True,True,37.47999954223633,0.0,73.18399810791016,True,True,35.189998626708984,0.0,70.53800201416016,True,True,39.65999984741211,0.0,67.49600219726562,True,True,42.93000030517578,0.0,75.0199966430664,True,True,37.97999954223633,0.0,74.22799682617188,True,True,43.13999938964844,0.0,75.63200378417969,True,True,40.52000045776367,0.0,66.55999755859375,True,True,-25.0,63.849998474121094,,,,41.59400177001953,210.0019989013672,41.97200012207031,160.0,40.0,
2021-08-09 08:45:00,,,,,35.97999954223633,0.0,70.62799835205078,True,True,95.29000091552734,0.0,74.19200134277344,True,True,52.18000030517578,0.0,74.83999633789062,True,True,46.540000915527344,0.0,87.33200073242188,True,True,38.09000015258789,0.0,73.41799926757812,True,True,41.060001373291016,0.0,70.86199951171875,True,True,39.43000030517578,0.0,67.98200225830078,True,True,50.939998626708984,0.0,75.25399780273438,True,True,39.349998474121094,0.0,74.22799682617188,True,True,42.16999816894531,0.0,75.72200012207031,True,True,40.68000030517578,0.0,67.44200134277344,True,True,-25.0,67.30999755859375,,,,41.43199920654297,210.0019989013672,41.75600051879883,160.0,40.0,
2021-08-09 09:00:00,,,,,36.5,0.0,71.38400268554688,True,True,96.63999938964844,0.0,74.19200134277344,True,True,51.290000915527344,0.0,74.83999633789062,True,True,48.5099983215332,0.0,90.98600006103516,True,True,38.869998931884766,0.0,73.5260009765625,True,True,42.720001220703125,0.0,72.44599914550781,True,True,37.040000915527344,0.0,68.64800262451172,True,True,45.779998779296875,0.0,74.98400115966797,True,True,37.130001068115234,0.0,74.28199768066406,True,True,37.54999923706055,0.0,75.79399871826172,True,True,38.54999923706055,0.0,68.48600006103516,True,True,-25.0,63.34000015258789,,,,41.1619987487793,210.0019989013672,41.683998107910156,160.0,40.0,
2021-08-09 09:15:00,,,,,39.47999954223633,0.0,73.14800262451172,True,True,92.79000091552734,0.0,74.17400360107422,True,True,49.95000076293945,0.0,74.8219985961914,True,True,49.290000915527344,0.0,91.63400268554688,True,True,39.0099983215332,0.0,73.63400268554688,True,True,41.380001068115234,0.0,73.77799987792969,True,True,37.34000015258789,0.0,69.36799621582031,True,True,46.43000030517578,0.0,75.21800231933594,True,True,38.61000061035156,0.0,74.28199768066406,True,True,41.5099983215332,0.0,75.81199645996094,True,True,40.08000183105469,0.0,69.38600158691406,True,True,-25.0,63.349998474121094,,,,44.65399932861328,210.0019989013672,44.077999114990234,160.0,40.0,
2021-08-09 09:30:00,,,,,42.75,0.0,73.66999816894531,True,True,100.0,0.0,74.20999908447266,True,True,56.790000915527344,0.0,74.83999633789062,True,True,58.79999923706055,0.0,91.36399841308594,True,True,38.439998626708984,0.0,73.74199676513672,True,True,46.439998626708984,0.0,75.11000061035156,True,True,39.849998474121094,0.0,69.99800109863281,True,True,45.31999969482422,0.0,75.23600006103516,True,True,38.06999969482422,0.0,74.35399627685547,True,True,39.13999938964844,0.0,75.86599731445312,True,True,42.209999084472656,0.0,69.94400024414062,True,True,-25.0,66.87000274658203,,,,44.402000427246094,210.0019989013672,44.762001037597656,168.0,42.0,
2021-08-09 09:45:00,,,,,42.099998474121094,0.0,75.34400177001953,True,True,100.0,0.0,74.19200134277344,True,True,56.459999084472656,0.0,74.83999633789062,True,True,55.02000045776367,0.0,92.4260025024414,True,True,44.61000061035156,0.0,73.68800354003906,True,True,44.93000030517578,0.0,77.10800170898438,True,True,37.15999984741211,0.0,70.80799865722656,True,True,43.29999923706055,0.0,75.30799865722656,True,True,41.029998779296875,0.0,74.37200164794922,True,True,44.060001373291016,0.0,75.9739990234375,True,True,40.72999954223633,0.0,70.9520034790039,True,True,-25.0,67.83999633789062,,,,43.2859992980957,210.0019989013672,43.57400131225586,168.0,42.0,
2021-08-09 10:00:00,,,,,38.349998474121094,0.0,76.40599822998047,True,True,92.73999786376953,0.0,74.20999908447266,True,True,54.11000061035156,0.0,74.83999633789062,True,True,51.90999984741211,0.0,92.6780014038086,True,True,42.45000076293945,0.0,73.76000213623047,True,True,41.66999816894531,0.0,77.64800262451172,True,True,42.2599983215332,0.0,71.6719970703125,True,True,47.7599983215332,0.0,75.4520034790039,True,True,41.09000015258789,0.0,74.40799713134766,True,True,39.5,0.0,75.95600128173828,True,True,43.9900016784668,0.0,71.92400360107422,True,True,-25.0,69.30999755859375,,,,41.0359992980957,210.0019989013672,41.50400161743164,168.0,42.0,
2021-08-09 10:15:00,,,,,36.33000183105469,0.0,78.78199768066406,True,True,91.94000244140625,0.0,74.24600219726562,True,True,53.70000076293945,0.0,74.83999633789062,True,True,49.5,0.0,92.10199737548828,True,True,43.279998779296875,0.0,73.86799621582031,True,True,39.72999954223633,0.0,80.16799926757812,True,True,40.849998474121094,0.0,73.02200317382812,True,True,45.20000076293945,0.0,75.36199951171875,True,True,41.13999938964844,0.0,74.51599884033203,True,True,43.09000015258789,0.0,75.95600128173828,True,True,47.2400016784668,0.0,73.63400268554688,True,True,-25.0,67.38999938964844,,,,41.34199905395508,210.0019989013672,41.737998962402344,176.0,44.0,
2021-08-09 10:30:00,,,,,38.97999954223633,0.0,77.46800231933594,True,True,95.02999877929688,0.0,74.19200134277344,True,True,50.630001068115234,0.0,74.8759994506836,True,True,47.439998626708984,0.0,86.52200317382812,True,True,43.0,0.0,73.88600158691406,True,True,44.95000076293945,0.0,81.3740005493164,True,True,40.439998626708984,0.0,74.06600189208984,True,True,45.310001373291016,0.0,75.4520034790039,True,True,43.06999969482422,0.0,74.4800033569336,True,True,46.220001220703125,0.0,75.9739990234375,True,True,43.790000915527344,0.0,75.27200317382812,True,True,-25.0,66.37999725341797,,,,42.97999954223633,210.0019989013672,43.178001403808594,168.0,42.0,
2021-08-09 10:45:00,,,,,38.20000076293945,0.0,75.59600067138672,True,True,100.0,0.0,74.17400360107422,True,True,52.119998931884766,0.0,74.83999633789062,True,True,51.27000045776367,0.0,86.75599670410156,True,True,41.34000015258789,0.0,73.95800018310547,True,True,42.869998931884766,0.0,81.66200256347656,True,True,40.7599983215332,0.0,75.18199920654297,True,True,46.29999923706055,0.0,75.36199951171875,True,True,39.209999084472656,0.0,74.44400024414062,True,True,39.209999084472656,0.0,75.93800354003906,True,True,39.9900016784668,0.0,76.56800079345703,True,True,-25.0,67.4000015258789,,,,42.87200164794922,210.0019989013672,43.465999603271484,168.0,42.0,
2021-08-09 11:00:00,,,,,36.779998779296875,0.0,75.36199951171875,True,True,93.54000091552734,0.0,74.15599822998047,True,True,52.220001220703125,0.0,74.80400085449219,True,True,54.279998779296875,0.0,87.27799987792969,True,True,37.84000015258789,0.0,73.94000244140625,True,True,39.560001373291016,0.0,83.10199737548828,True,True,41.20000076293945,0.0,76.1719970703125,True,True,43.529998779296875,0.0,75.43399810791016,True,True,38.08000183105469,0.0,74.4800033569336,True,True,41.779998779296875,0.0,75.99199676513672,True,True,45.220001220703125,0.0,77.9540023803711,True,True,-25.0,64.9000015258789,,,,46.77799987792969,210.0019989013672,43.71799850463867,160.0,40.0,
2021-08-09 11:15:00,,,,,53.15999984741211,0.0,75.36199951171875,True,True,100.0,0.0,74.19200134277344,True,True,67.7699966430664,0.0,74.98400115966797,True,True,76.95999908447266,0.0,87.52999877929688,True,True,41.529998779296875,0.0,74.0479965209961,True,True,54.63999938964844,0.0,83.552001953125,True,True,42.84000015258789,0.0,77.3239974975586,True,True,43.90999984741211,0.0,75.4520034790039,True,True,40.279998779296875,0.0,74.49800109863281,True,True,41.900001525878906,0.0,75.99199676513672,True,True,43.939998626708984,0.0,79.46600341796875,True,True,-25.0,80.54000091552734,,,,46.66999816894531,210.0019989013672,47.875999450683594,160.0,40.0,
2021-08-09 11:30:00,,,,,65.0199966430664,0.0,75.48799896240234,True,True,87.44999694824219,0.0,74.31800079345703,True,True,74.5999984741211,0.0,74.91200256347656,True,True,65.91000366210938,0.0,94.89199829101562,True,True,48.650001525878906,0.0,74.0479965209961,True,True,47.9900016784668,0.0,84.19999694824219,True,True,41.93000030517578,0.0,78.13400268554688,True,True,53.08000183105469,0.0,75.50599670410156,True,True,40.029998779296875,0.0,74.44400024414062,True,True,42.779998779296875,0.0,75.99199676513672,True,True,44.59000015258789,0.0,80.43800354003906,True,True,-25.0,75.93000030517578,,,,55.417999267578125,210.0019989013672,57.145999908447266,160.0,40.0,
2021-08-09 11:45:00,,,,,42.95000076293945,0.0,75.54199981689453,True,True,97.52999877929688,0.0,74.37200164794922,True,True,61.02000045776367,0.0,75.09200286865234,True,True,74.05000305175781,0.0,95.7020034790039,True,True,42.43000030517578,0.0,74.02999877929688,True,True,47.41999816894531,0.0,84.25399780273438,True,True,53.349998474121094,0.0,78.5479965209961,True,True,48.83000183105469,0.0,75.52400207519531,True,True,44.220001220703125,0.0,74.4800033569336,True,True,40.09000015258789,0.0,76.01000213623047,True,True,55.689998626708984,0.0,80.3479995727539,True,True,-25.0,70.79000091552734,,,,47.49800109863281,210.0019989013672,48.055999755859375,168.0,42.0,
2021-08-09 12:00:00,,,,,45.349998474121094,0.0,75.54199981689453,True,True,95.81999969482422,0.0,74.49800109863281,True,True,59.720001220703125,0.0,75.0739974975586,True,True,66.77999877929688,0.0,96.11599731445312,True,True,39.93000030517578,0.0,74.10199737548828,True,True,45.4900016784668,0.0,83.44400024414062,True,True,42.540000915527344,0.0,79.3759994506836,True,True,50.7400016784668,0.0,75.7040023803711,True,True,37.810001373291016,0.0,74.49800109863281,True,True,42.689998626708984,0.0,76.01000213623047,True,True,42.65999984741211,0.0,81.05000305175781,True,True,-25.0,67.43000030517578,,,,45.625999450683594,210.0019989013672,46.36399841308594,168.0,42.0,
2021-08-09 12:15:00,,,,,43.70000076293945,0.0,75.54199981689453,True,True,93.87000274658203,0.0,74.4260025024414,True,True,56.349998474121094,0.0,75.12799835205078,True,True,65.77999877929688,0.0,96.51200103759766,True,True,40.83000183105469,0.0,74.15599822998047,True,True,45.43000030517578,0.0,83.91200256347656,True,True,49.59000015258789,0.0,79.447998046875,True,True,60.86000061035156,0.0,75.59600067138672,True,True,42.09000015258789,0.0,74.53399658203125,True,True,48.77000045776367,0.0,76.0459976196289,True,True,54.459999084472656,0.0,80.81600189208984,True,True,-25.0,66.3499984741211,,,,44.63600158691406,210.0019989013672,44.762001037597656,168.0,42.0,
2021-08-09 12:30:00,,,,,47.43000030517578,0.0,75.47000122070312,True,True,96.69000244140625,0.0,74.37200164794922,True,True,61.70000076293945,0.0,75.09200286865234,True,True,72.02999877929688,0.0,96.52999877929688,True,True,42.43000030517578,0.0,74.19200134277344,True,True,47.02000045776367,0.0,84.16400146484375,True,True,45.09000015258789,0.0,79.1780014038086,True,True,55.20000076293945,0.0,75.68599700927734,True,True,37.15999984741211,0.0,74.40799713134766,True,True,41.47999954223633,0.0,76.0459976196289,True,True,48.130001068115234,0.0,80.52799987792969,True,True,-25.0,65.62000274658203,,,,45.805999755859375,210.0019989013672,46.07600021362305,168.0,42.0,
2021-08-09 12:45:00,,,,,47.310001373291016,0.0,75.5780029296875,True,True,99.83999633789062,0.0,74.40799713134766,True,True,62.31999969482422,0.0,75.09200286865234,True,True,74.79000091552734,0.0,96.33200073242188,True,True,45.130001068115234,0.0,74.19200134277344,True,True,51.88999938964844,0.0,83.6780014038086,True,True,44.33000183105469,0.0,79.1240005493164,True,True,52.5,0.0,75.75800323486328,True,True,40.54999923706055,0.0,74.44400024414062,True,True,44.2400016784668,0.0,76.0459976196289,True,True,50.70000076293945,0.0,79.9520034790039,True,True,-25.0,65.23999786376953,,,,45.35599899291992,210.0019989013672,45.805999755859375,168.0,42.0,
2021-08-09 13:00:00,,,,,67.6500015258789,0.0,75.5780029296875,True,True,100.0,0.0,74.40799713134766,True,True,59.060001373291016,0.0,75.12799835205078,True,True,74.55999755859375,0.0,95.79199981689453,True,True,38.63999938964844,0.0,74.19200134277344,True,True,46.900001525878906,0.0,83.51599884033203,True,True,46.88999938964844,0.0,79.08799743652344,True,True,48.369998931884766,0.0,75.7040023803711,True,True,41.5099983215332,0.0,74.46199798583984,True,True,46.380001068115234,0.0,76.0459976196289,True,True,49.56999969482422,0.0,79.97000122070312,True,True,-25.0,68.79000091552734,,,,45.26599884033203,210.0019989013672,45.78799819946289,168.0,42.0,
2021-08-09 13:15:00,,,,,45.11000061035156,0.0,75.63200378417969,True,True,100.0,0.0,74.37200164794922,True,True,59.56999969482422,0.0,75.12799835205078,True,True,77.7699966430664,0.0,97.052001953125,True,True,43.31999969482422,0.0,74.24600219726562,True,True,48.630001068115234,0.0,84.37999725341797,True,True,48.290000915527344,0.0,79.3759994506836,True,True,55.13999938964844,0.0,75.75800323486328,True,True,42.459999084472656,0.0,74.4800033569336,True,True,40.70000076293945,0.0,76.0459976196289,True,True,50.630001068115234,0.0,80.25800323486328,True,True,-25.0,65.76000213623047,,,,46.09400177001953,210.0019989013672,46.5260009765625,160.0,40.0,
2021-08-09 13:30:00,,,,,46.790000915527344,0.0,76.06400299072266,True,True,100.0,0.0,74.37200164794922,True,True,60.34000015258789,0.0,75.12799835205078,True,True,79.80000305175781,0.0,96.96199798583984,True,True,40.599998474121094,0.0,74.28199768066406,True,True,49.0099983215332,0.0,84.43399810791016,True,True,46.599998474121094,0.0,78.99800109863281,True,True,54.79999923706055,0.0,75.75800323486328,True,True,42.31999969482422,0.0,74.552001953125,True,True,40.45000076293945,0.0,76.1719970703125,True,True,51.70000076293945,0.0,80.09600067138672,True,True,-25.0,61.959999084472656,,,,45.96799850463867,210.0019989013672,46.45399856567383,168.0,42.0,
2021-08-09 13:45:00,,,,,45.970001220703125,0.0,75.9020004272461,True,True,100.0,0.0,74.38999938964844,True,True,60.560001373291016,0.0,75.21800231933594,True,True,80.41999816894531,0.0,97.06999969482422,True,True,44.41999816894531,0.0,74.33599853515625,True,True,48.56999969482422,0.0,83.98400115966797,True,True,48.119998931884766,0.0,78.96199798583984,True,True,54.0,0.0,75.68599700927734,True,True,43.040000915527344,0.0,74.552001953125,True,True,48.0099983215332,0.0,76.1719970703125,True,True,48.529998779296875,0.0,80.09600067138672,True,True,-25.0,62.810001373291016,,,,46.130001068115234,210.0019989013672,46.54399871826172,160.0,40.0,
2021-08-09 14:00:00,,,,,46.83000183105469,0.0,75.79399871826172,True,True,100.0,0.0,74.44400024414062,True,True,62.04999923706055,0.0,75.16400146484375,True,True,81.30000305175781,0.0,95.84600067138672,True,True,43.97999954223633,0.0,74.38999938964844,True,True,48.27000045776367,0.0,83.73200225830078,True,True,49.70000076293945,0.0,79.80799865722656,True,True,55.63999938964844,0.0,75.68599700927734,True,True,47.709999084472656,0.0,74.56999969482422,True,True,49.77000045776367,0.0,76.19000244140625,True,True,51.150001525878906,0.0,80.6719970703125,True,True,-25.0,65.8499984741211,,,,45.84199905395508,210.0019989013672,46.47200012207031,168.0,42.0,
2021-08-09 14:15:00,,,,,46.709999084472656,0.0,75.9020004272461,True,True,100.0,0.0,74.51599884033203,True,True,61.02000045776367,0.0,75.16400146484375,True,True,82.83000183105469,0.0,97.50199890136719,True,True,42.33000183105469,0.0,74.38999938964844,True,True,51.29999923706055,0.0,84.09200286865234,True,True,49.75,0.0,79.79000091552734,True,True,56.279998779296875,0.0,75.75800323486328,True,True,37.619998931884766,0.0,74.49800109863281,True,True,46.22999954223633,0.0,76.35199737548828,True,True,51.13999938964844,0.0,80.90599822998047,True,True,-25.0,66.37999725341797,,,,46.14799880981445,210.0019989013672,46.327999114990234,168.0,42.0,
2021-08-09 14:30:00,,,,,43.58000183105469,0.0,76.11799621582031,True,True,100.0,0.0,74.44400024414062,True,True,61.15999984741211,0.0,75.19999694824219,True,True,84.20999908447266,0.0,96.87200164794922,True,True,41.529998779296875,0.0,74.37200164794922,True,True,47.11000061035156,0.0,83.37200164794922,True,True,46.5,0.0,79.62799835205078,True,True,57.0,0.0,75.63200378417969,True,True,44.970001220703125,0.0,74.66000366210938,True,True,46.81999969482422,0.0,76.38800048828125,True,True,53.15999984741211,0.0,80.69000244140625,True,True,-25.0,65.80000305175781,,,,46.07600021362305,210.0019989013672,46.237998962402344,168.0,42.0,
2021-08-09 14:45:00,,,,,42.56999969482422,0.0,75.9739990234375,True,True,100.0,0.0,74.44400024414062,True,True,61.58000183105469,0.0,75.18199920654297,True,True,84.62999725341797,0.0,96.88999938964844,True,True,41.54999923706055,0.0,74.33599853515625,True,True,50.08000183105469,0.0,83.78600311279297,True,True,46.0,0.0,79.91600036621094,True,True,57.220001220703125,0.0,75.79399871826172,True,True,41.689998626708984,0.0,74.73200225830078,True,True,43.130001068115234,0.0,76.49600219726562,True,True,57.41999816894531,0.0,80.81600189208984,True,True,-25.0,66.26000213623047,,,,45.6619987487793,210.0019989013672,46.02199935913086,168.0,42.0,
2021-08-09 15:00:00,,,,,49.34000015258789,0.0,76.15399932861328,True,True,93.61000061035156,0.0,74.4260025024414,True,True,64.2699966430664,0.0,75.16400146484375,True,True,90.0199966430664,0.0,96.69200134277344,True,True,46.70000076293945,0.0,74.40799713134766,True,True,47.40999984741211,0.0,82.7959976196289,True,True,45.529998779296875,0.0,79.87999725341797,True,True,57.27000045776367,0.0,75.91999816894531,True,True,44.029998779296875,0.0,74.83999633789062,True,True,48.0,0.0,76.53199768066406,True,True,53.0099983215332,0.0,80.43800354003906,True,True,-25.0,70.05000305175781,,,,45.44599914550781,210.0019989013672,46.11199951171875,168.0,42.0,
2021-08-09 15:15:00,,,,,50.45000076293945,0.0,77.1259994506836,True,True,95.20999908447266,0.0,74.49800109863281,True,True,60.369998931884766,0.0,75.19999694824219,True,True,86.29000091552734,0.0,96.2239990234375,True,True,42.08000183105469,0.0,74.4260025024414,True,True,44.349998474121094,0.0,82.81400299072266,True,True,44.40999984741211,0.0,79.82599639892578,True,True,57.33000183105469,0.0,75.93800354003906,True,True,45.2599983215332,0.0,74.85800170898438,True,True,45.619998931884766,0.0,76.7300033569336,True,True,52.529998779296875,0.0,80.22200012207031,True,True,-25.0,70.98999786376953,,,,45.625999450683594,210.0019989013672,46.09400177001953,168.0,42.0,
2021-08-09 15:30:00,,,,,44.33000183105469,0.0,78.00800323486328,True,True,97.77999877929688,0.0,74.40799713134766,True,True,60.52000045776367,0.0,75.19999694824219,True,True,91.25,0.0,99.48200225830078,True,True,41.970001220703125,0.0,74.4800033569336,True,True,51.439998626708984,0.0,81.93199920654297,True,True,45.900001525878906,0.0,79.71800231933594,True,True,56.560001373291016,0.0,75.9020004272461,True,True,39.33000183105469,0.0,74.91200256347656,True,True,47.61000061035156,0.0,76.78399658203125,True,True,55.349998474121094,0.0,80.0780029296875,True,True,-25.0,70.87000274658203,,,,45.715999603271484,210.0019989013672,46.310001373291016,168.0,42.0,
2021-08-09 15:45:00,,,,,40.349998474121094,0.0,78.38600158691406,True,True,100.0,0.0,74.4260025024414,True,True,59.560001373291016,0.0,75.16400146484375,True,True,86.55999755859375,0.0,97.26799774169922,True,True,46.31999969482422,0.0,74.44400024414062,True,True,51.88999938964844,0.0,82.36399841308594,True,True,44.25,0.0,80.29399871826172,True,True,59.189998626708984,0.0,75.95600128173828,True,True,45.189998626708984,0.0,75.0199966430664,True,True,43.560001373291016,0.0,76.8740005493164,True,True,61.150001525878906,0.0,80.94200134277344,True,True,-25.0,71.2300033569336,,,,45.481998443603516,210.0019989013672,45.895999908447266,168.0,42.0,
2021-08-09 16:00:00,,,,,44.790000915527344,0.0,78.20600128173828,True,True,94.2300033569336,0.0,74.44400024414062,True,True,60.65999984741211,0.0,75.25399780273438,True,True,86.52999877929688,0.0,96.62000274658203,True,True,46.88999938964844,0.0,74.40799713134766,True,True,51.790000915527344,0.0,81.75199890136719,True,True,45.7400016784668,0.0,79.82599639892578,True,True,61.130001068115234,0.0,75.99199676513672,True,True,42.470001220703125,0.0,74.947998046875,True,True,49.02000045776367,0.0,76.94599914550781,True,True,60.75,0.0,80.92400360107422,True,True,-25.0,72.8499984741211,,,,45.571998596191406,210.0019989013672,46.00400161743164,168.0,42.0,
2021-08-09 16:15:00,,,,,48.27000045776367,0.0,79.64600372314453,True,True,93.30999755859375,0.0,74.4260025024414,True,True,59.52000045776367,0.0,75.23600006103516,True,True,87.33000183105469,0.0,97.26799774169922,True,True,42.7599983215332,0.0,74.46199798583984,True,True,48.31999969482422,0.0,82.6520004272461,True,True,45.91999816894531,0.0,80.0780029296875,True,True,54.779998779296875,0.0,75.99199676513672,True,True,42.880001068115234,0.0,75.00199890136719,True,True,52.45000076293945,0.0,76.96399688720703,True,True,59.209999084472656,0.0,81.39199829101562,True,True,-25.0,74.31999969482422,,,,45.40999984741211,210.0019989013672,45.805999755859375,176.0,44.0,
2021-08-09 16:30:00,,,,,47.779998779296875,0.0,79.41200256347656,True,True,96.3499984741211,0.0,74.44400024414062,True,True,60.36000061035156,0.0,75.19999694824219,True,True,88.01000213623047,0.0,96.96199798583984,True,True,42.310001373291016,0.0,74.4800033569336,True,True,49.029998779296875,0.0,82.22000122070312,True,True,45.93000030517578,0.0,79.26799774169922,True,True,61.470001220703125,0.0,76.01000213623047,True,True,47.400001525878906,0.0,75.00199890136719,True,True,49.189998626708984,0.0,77.0,True,True,61.25,0.0,80.11399841308594,True,True,-25.0,75.36000061035156,,,,47.948001861572266,210.0019989013672,48.39799880981445,160.0,40.0,
2021-08-09 16:45:00,,,,,43.9900016784668,0.0,79.14199829101562,True,True,98.4000015258789,0.0,74.40799713134766,True,True,57.689998626708984,0.0,75.18199920654297,True,True,87.05000305175781,0.0,96.96199798583984,True,True,42.31999969482422,0.0,74.46199798583984,True,True,46.79999923706055,0.0,81.91400146484375,True,True,46.84000015258789,0.0,79.23200225830078,True,True,57.77000045776367,0.0,76.08200073242188,True,True,45.779998779296875,0.0,75.16400146484375,True,True,48.369998931884766,0.0,77.01799774169922,True,True,61.279998779296875,0.0,80.0780029296875,True,True,-25.0,68.38999938964844,,,,43.231998443603516,210.0019989013672,43.82600021362305,168.0,42.0,
2021-08-09 17:00:00,,,,,41.56999969482422,0.0,79.77200317382812,True,True,97.79000091552734,0.0,74.38999938964844,True,True,49.90999984741211,0.0,75.19999694824219,True,True,80.44999694824219,0.0,95.88200378417969,True,True,43.16999816894531,0.0,74.44400024414062,True,True,44.849998474121094,0.0,81.19400024414062,True,True,46.439998626708984,0.0,78.67400360107422,True,True,54.099998474121094,0.0,76.08200073242188,True,True,39.41999816894531,0.0,75.09200286865234,True,True,51.58000183105469,0.0,77.0,True,True,53.61000061035156,0.0,79.1240005493164,True,True,-25.0,63.31999969482422,,,,40.981998443603516,210.0019989013672,41.36000061035156,168.0,42.0,
2021-08-09 17:15:00,,,,,41.22999954223633,0.0,79.41200256347656,True,True,91.08000183105469,0.0,74.35399627685547,True,True,52.40999984741211,0.0,75.11000061035156,True,True,72.77999877929688,0.0,82.47200012207031,True,True,40.83000183105469,0.0,74.49800109863281,True,True,48.20000076293945,0.0,80.85199737548828,True,True,46.310001373291016,0.0,78.08000183105469,True,True,60.04999923706055,0.0,76.06400299072266,True,True,42.400001525878906,0.0,75.09200286865234,True,True,47.31999969482422,0.0,77.03600311279297,True,True,59.16999816894531,0.0,78.33200073242188,True,True,-25.0,52.849998474121094,,,,41.683998107910156,210.0019989013672,41.486000061035156,168.0,42.0,
2021-08-09 17:30:00,,,,,43.72999954223633,0.0,78.38600158691406,True,True,100.0,0.0,74.35399627685547,True,True,58.22999954223633,0.0,75.19999694824219,True,True,96.79000091552734,0.0,87.62000274658203,True,True,43.27000045776367,0.0,74.4800033569336,True,True,53.529998779296875,0.0,79.9520034790039,True,True,42.11000061035156,0.0,78.38600158691406,True,True,50.7599983215332,0.0,75.9739990234375,True,True,42.95000076293945,0.0,75.09200286865234,True,True,51.2400016784668,0.0,77.1259994506836,True,True,52.02000045776367,0.0,79.052001953125,True,True,-25.0,63.86000061035156,,,,47.263999938964844,210.0019989013672,47.5880012512207,152.0,38.0,
2021-08-09 17:45:00,,,,,40.58000183105469,0.0,79.03399658203125,True,True,93.61000061035156,0.0,74.37200164794922,True,True,57.54999923706055,0.0,75.19999694824219,True,True,86.70999908447266,0.0,86.9540023803711,True,True,41.619998931884766,0.0,74.58799743652344,True,True,47.22999954223633,0.0,79.68199920654297,True,True,41.22999954223633,0.0,77.52200317382812,True,True,51.720001220703125,0.0,76.02799987792969,True,True,49.75,0.0,75.05599975585938,True,True,43.70000076293945,0.0,77.0719985961914,True,True,52.650001525878906,0.0,78.31400299072266,True,True,-25.0,60.43000030517578,,,,45.75199890136719,210.0019989013672,46.09400177001953,152.0,38.0,
2021-08-09 18:00:00,,,,,47.560001373291016,0.0,78.31400299072266,True,True,97.76000213623047,0.0,74.4800033569336,True,True,63.54999923706055,0.0,75.18199920654297,True,True,89.04000091552734,0.0,87.13400268554688,True,True,46.380001068115234,0.0,74.53399658203125,True,True,48.20000076293945,0.0,79.64600372314453,True,True,54.27000045776367,0.0,77.77400207519531,True,True,57.689998626708984,0.0,75.9739990234375,True,True,48.060001373291016,0.0,75.16400146484375,True,True,40.72999954223633,0.0,77.03600311279297,True,True,80.22000122070312,0.0,78.40399932861328,True,True,-25.0,61.34000015258789,,,,45.84199905395508,210.0019989013672,46.43600082397461,160.0,40.0,
2021-08-09 18:15:00,,,,,47.34000015258789,0.0,77.88200378417969,True,True,99.58999633789062,0.0,74.53399658203125,True,True,58.709999084472656,0.0,75.16400146484375,True,True,86.29000091552734,0.0,93.03800201416016,True,True,40.09000015258789,0.0,74.37200164794922,True,True,50.47999954223633,0.0,78.96199798583984,True,True,47.45000076293945,0.0,77.197998046875,True,True,56.880001068115234,0.0,76.0459976196289,True,True,42.7599983215332,0.0,75.14600372314453,True,True,51.13999938964844,0.0,77.0719985961914,True,True,57.08000183105469,0.0,77.68399810791016,True,True,-25.0,65.58999633789062,,,,46.45399856567383,210.0019989013672,46.97600173950195,144.0,36.0,
2021-08-09 18:30:00,,,,,45.310001373291016,0.0,77.05400085449219,True,True,100.0,0.0,74.552001953125,True,True,56.4900016784668,0.0,75.18199920654297,True,True,88.20999908447266,0.0,93.34400177001953,True,True,41.560001373291016,0.0,74.31800079345703,True,True,51.099998474121094,0.0,78.08000183105469,True,True,47.7400016784668,0.0,76.65799713134766,True,True,54.849998474121094,0.0,76.02799987792969,True,True,42.5,0.0,75.09200286865234,True,True,45.41999816894531,0.0,77.01799774169922,True,True,53.81999969482422,0.0,76.60399627685547,True,True,-25.0,67.38999938964844,,,,45.93199920654297,210.0019989013672,46.20199966430664,160.0,40.0,
2021-08-09 18:45:00,,,,,48.7599983215332,0.0,75.8479995727539,True,True,100.0,0.0,74.49800109863281,True,True,60.119998931884766,0.0,75.18199920654297,True,True,87.58999633789062,0.0,93.88400268554688,True,True,40.349998474121094,0.0,74.28199768066406,True,True,46.75,0.0,77.61199951171875,True,True,47.33000183105469,0.0,75.7760009765625,True,True,56.119998931884766,0.0,75.7760009765625,True,True,42.04999923706055,0.0,75.05599975585938,True,True,41.4900016784668,0.0,77.01799774169922,True,True,55.189998626708984,0.0,75.19999694824219,True,True,-25.0,68.8499984741211,,,,45.625999450683594,210.0019989013672,46.14799880981445,152.0,38.0,
2021-08-09 19:00:00,,,,,47.560001373291016,0.0,75.25399780273438,True,True,100.0,0.0,74.552001953125,True,True,61.060001373291016,0.0,75.18199920654297,True,True,90.31999969482422,0.0,92.83999633789062,True,True,41.79999923706055,0.0,74.26399993896484,True,True,47.130001068115234,0.0,76.74800109863281,True,True,48.68000030517578,0.0,75.0739974975586,True,True,56.900001525878906,0.0,76.06400299072266,True,True,38.099998474121094,0.0,74.98400115966797,True,True,50.43000030517578,0.0,77.0,True,True,55.66999816894531,0.0,74.4800033569336,True,True,-25.0,70.6500015258789,,,,45.55400085449219,210.0019989013672,46.02199935913086,152.0,38.0,
2021-08-09 19:15:00,,,,,45.189998626708984,0.0,74.89399719238281,True,True,100.0,0.0,74.56999969482422,True,True,58.40999984741211,0.0,75.12799835205078,True,True,87.08000183105469,0.0,93.34400177001953,True,True,40.72999954223633,0.0,74.26399993896484,True,True,48.15999984741211,0.0,76.1719970703125,True,True,47.7599983215332,0.0,74.38999938964844,True,True,55.9900016784668,0.0,75.88400268554688,True,True,41.2400016784668,0.0,74.93000030517578,True,True,48.220001220703125,0.0,76.89199829101562,True,True,55.560001373291016,0.0,73.58000183105469,True,True,-25.0,69.51000213623047,,,,44.54600143432617,210.0019989013672,44.816001892089844,152.0,38.0,
2021-08-09 19:30:00,,,,,42.880001068115234,0.0,74.49800109863281,True,True,100.0,0.0,74.552001953125,True,True,57.58000183105469,0.0,75.11000061035156,True,True,84.91000366210938,0.0,93.41600036621094,True,True,42.34000015258789,0.0,74.22799682617188,True,True,48.34000015258789,0.0,75.66799926757812,True,True,47.61000061035156,0.0,73.7959976196289,True,True,55.77000045776367,0.0,75.81199645996094,True,True,41.75,0.0,74.93000030517578,True,True,48.79999923706055,0.0,76.78399658203125,True,True,50.33000183105469,0.0,72.66200256347656,True,True,-25.0,70.2699966430664,,,,44.00600051879883,210.0019989013672,44.492000579833984,160.0,40.0,
2021-08-09 19:45:00,,,,,41.650001525878906,0.0,74.13800048828125,True,True,98.05999755859375,0.0,74.53399658203125,True,True,53.36000061035156,0.0,75.09200286865234,True,True,83.69000244140625,0.0,92.76799774169922,True,True,43.09000015258789,0.0,74.15599822998047,True,True,46.58000183105469,0.0,75.18199920654297,True,True,46.9900016784668,0.0,73.25599670410156,True,True,55.88999938964844,0.0,75.79399871826172,True,True,38.650001525878906,0.0,74.8759994506836,True,True,45.02000045776367,0.0,76.76599884033203,True,True,46.97999954223633,0.0,72.01399993896484,True,True,-25.0,69.31999969482422,,,,42.81800079345703,210.0019989013672,43.4119987487793,152.0,38.0,
2021-08-09 20:00:00,,,,,39.279998779296875,0.0,73.83200073242188,True,True,100.0,0.0,74.552001953125,True,True,54.91999816894531,0.0,75.0739974975586,True,True,74.44000244140625,0.0,84.79399871826172,True,True,40.5099983215332,0.0,74.12000274658203,True,True,46.060001373291016,0.0,74.93000030517578,True,True,44.95000076293945,0.0,72.71600341796875,True,True,54.29999923706055,0.0,75.63200378417969,True,True,38.36000061035156,0.0,74.83999633789062,True,True,45.20000076293945,0.0,76.6760025024414,True,True,46.560001373291016,0.0,71.45600128173828,True,True,-25.0,66.37999725341797,,,,41.683998107910156,210.0019989013672,42.2239990234375,152.0,38.0,
2021-08-09 20:15:00,,,,,36.7599983215332,0.0,73.97599792480469,True,True,97.56999969482422,0.0,74.552001953125,True,True,52.61000061035156,0.0,75.16400146484375,True,True,71.55999755859375,0.0,84.50599670410156,True,True,42.279998779296875,0.0,74.10199737548828,True,True,45.150001525878906,0.0,74.46199798583984,True,True,43.36000061035156,0.0,72.19400024414062,True,True,53.029998779296875,0.0,75.7040023803711,True,True,37.5099983215332,0.0,74.76799774169922,True,True,43.650001525878906,0.0,76.60399627685547,True,True,46.33000183105469,0.0,70.86199951171875,True,True,-25.0,65.80999755859375,,,,41.57600021362305,210.0019989013672,41.95399856567383,152.0,38.0,
2021-08-09 20:30:00,,,,,39.81999969482422,0.0,73.94000244140625,True,True,100.0,0.0,74.53399658203125,True,True,48.58000183105469,0.0,75.09200286865234,True,True,69.5,0.0,84.11000061035156,True,True,36.720001220703125,0.0,74.0479965209961,True,True,47.81999969482422,0.0,74.46199798583984,True,True,41.790000915527344,0.0,71.81600189208984,True,True,51.81999969482422,0.0,75.66799926757812,True,True,37.68000030517578,0.0,74.76799774169922,True,True,38.56999969482422,0.0,76.58599853515625,True,True,44.849998474121094,0.0,70.55599975585938,True,True,-25.0,65.12999725341797,,,,41.52199935913086,210.0019989013672,42.007999420166016,144.0,36.0,
2021-08-09 20:45:00,,,,,36.380001068115234,0.0,73.74199676513672,True,True,97.41999816894531,0.0,74.49800109863281,True,True,51.29999923706055,0.0,75.09200286865234,True,True,67.41999816894531,0.0,84.12799835205078,True,True,40.90999984741211,0.0,74.0479965209961,True,True,42.31999969482422,0.0,74.20999908447266,True,True,42.11000061035156,0.0,71.58200073242188,True,True,53.939998626708984,0.0,75.63200378417969,True,True,36.79999923706055,0.0,74.76799774169922,True,True,40.27000045776367,0.0,76.62200164794922,True,True,41.93000030517578,0.0,70.3219985961914,True,True,-25.0,66.54000091552734,,,,41.52199935913086,210.0019989013672,41.95399856567383,152.0,38.0,
2021-08-09 21:00:00,,,,,38.20000076293945,0.0,73.30999755859375,True,True,100.0,0.0,74.4800033569336,True,True,56.56999969482422,0.0,75.12799835205078,True,True,65.68000030517578,0.0,84.09200286865234,True,True,31.559999465942383,1.2999999523162842,73.97599792480469,True,True,40.459999084472656,0.0,73.86799621582031,True,True,41.40999984741211,0.0,71.43800354003906,True,True,52.099998474121094,0.0,75.7040023803711,True,True,37.380001068115234,0.0,74.76799774169922,True,True,39.45000076293945,0.0,76.60399627685547,True,True,42.720001220703125,0.0,70.26799774169922,True,True,-25.0,64.88999938964844,,,,41.34199905395508,210.0019989013672,41.75600051879883,144.0,36.0,
2021-08-09 21:15:00,,,,,33.11000061035156,0.0,73.7959976196289,True,True,100.0,0.0,74.40799713134766,True,True,52.5099983215332,0.0,75.11000061035156,True,True,66.12999725341797,0.0,90.10399627685547,True,True,40.83000183105469,0.0,73.95800018310547,True,True,44.939998626708984,0.0,73.70600128173828,True,True,41.31999969482422,0.0,71.22200012207031,True,True,48.29999923706055,0.0,75.55999755859375,True,True,37.599998474121094,0.0,74.75,True,True,45.470001220703125,0.0,76.58599853515625,True,True,41.369998931884766,0.0,70.052001953125,True,True,-25.0,65.3499984741211,,,,41.630001068115234,210.0019989013672,42.0620002746582,152.0,38.0,
2021-08-09 21:30:00,,,,,38.52000045776367,0.0,73.7239990234375,True,True,97.8499984741211,0.0,74.37200164794922,True,True,50.790000915527344,0.0,75.09200286865234,True,True,66.7300033569336,0.0,91.2020034790039,True,True,40.79999923706055,0.0,73.97599792480469,True,True,44.22999954223633,0.0,73.54399871826172,True,True,41.25,0.0,70.9520034790039,True,True,52.40999984741211,0.0,75.52400207519531,True,True,36.31999969482422,0.0,74.80400085449219,True,True,45.709999084472656,0.0,76.58599853515625,True,True,41.47999954223633,0.0,69.83599853515625,True,True,-25.0,64.37000274658203,,,,41.59400177001953,210.0019989013672,42.04399871826172,144.0,36.0,
2021-08-09 21:45:00,,,,,42.470001220703125,0.0,73.27400207519531,True,True,96.25,0.0,74.37200164794922,True,True,50.08000183105469,0.0,75.09200286865234,True,True,65.54000091552734,0.0,91.7239990234375,True,True,58.5099983215332,0.0,73.7959976196289,True,True,43.91999816894531,0.0,73.4000015258789,True,True,40.400001525878906,0.0,70.89800262451172,True,True,54.88999938964844,0.0,75.59600067138672,True,True,37.04999923706055,0.0,74.80400085449219,True,True,44.43000030517578,0.0,76.58599853515625,True,True,40.2400016784668,0.0,69.65599822998047,True,True,-25.0,66.7300033569336,,,,41.57600021362305,210.0019989013672,41.9900016784668,152.0,38.0,
2021-08-09 22:00:00,,,,,42.88999938964844,0.0,73.29199981689453,True,True,100.0,0.0,74.35399627685547,True,True,51.779998779296875,0.0,75.05599975585938,True,True,64.75,0.0,91.5979995727539,True,True,41.95000076293945,0.0,73.86799621582031,True,True,43.650001525878906,0.0,73.27400207519531,True,True,40.4900016784668,0.0,70.68199920654297,True,True,52.779998779296875,0.0,75.63200378417969,True,True,36.560001373291016,0.0,74.76799774169922,True,True,37.970001220703125,0.0,76.56800079345703,True,True,41.25,0.0,69.47599792480469,True,True,-25.0,64.33999633789062,,,,41.50400161743164,210.0019989013672,42.007999420166016,152.0,38.0,
2021-08-09 22:15:00,,,,,36.630001068115234,0.0,73.54399871826172,True,True,100.0,0.0,74.37200164794922,True,True,51.0,0.0,75.11000061035156,True,True,62.36000061035156,0.0,84.34400177001953,True,True,39.619998931884766,0.0,73.7959976196289,True,True,43.470001220703125,0.0,73.11199951171875,True,True,40.11000061035156,0.0,70.53800201416016,True,True,49.349998474121094,0.0,75.54199981689453,True,True,36.459999084472656,0.0,74.71399688720703,True,True,36.52000045776367,0.0,76.42400360107422,True,True,40.45000076293945,0.0,69.31400299072266,True,True,-25.0,64.01000213623047,,,,41.55799865722656,210.0019989013672,41.93600082397461,152.0,38.0,
2021-08-09 22:30:00,,,,,39.88999938964844,0.0,73.94000244140625,True,True,100.0,0.0,74.37200164794922,True,True,51.0099983215332,0.0,75.0199966430664,True,True,59.68000030517578,0.0,83.91200256347656,True,True,39.4900016784668,0.0,73.7959976196289,True,True,41.9900016784668,0.0,72.93199920654297,True,True,42.709999084472656,0.0,70.28600311279297,True,True,50.45000076293945,0.0,75.59600067138672,True,True,36.130001068115234,0.0,74.64199829101562,True,True,39.86000061035156,0.0,76.40599822998047,True,True,39.619998931884766,0.0,69.13400268554688,True,True,-25.0,65.80999755859375,,,,41.50400161743164,210.0019989013672,41.900001525878906,152.0,38.0,
2021-08-09 22:45:00,,,,,35.13999938964844,0.0,73.25599670410156,True,True,94.62000274658203,0.0,74.35399627685547,True,True,45.65999984741211,0.0,75.0199966430664,True,True,58.5099983215332,0.0,83.76799774169922,True,True,36.29999923706055,0.0,73.8499984741211,True,True,40.540000915527344,0.0,72.75199890136719,True,True,42.869998931884766,0.0,70.1780014038086,True,True,51.18000030517578,0.0,75.48799896240234,True,True,36.4900016784668,0.0,74.71399688720703,True,True,46.18000030517578,0.0,76.40599822998047,True,True,40.849998474121094,0.0,69.04399871826172,True,True,-25.0,61.84000015258789,,,,41.46799850463867,210.0019989013672,41.917999267578125,144.0,36.0,
2021-08-09 23:00:00,,,,,39.52000045776367,0.0,73.09400177001953,True,True,96.33000183105469,0.0,74.37200164794922,True,True,50.15999984741211,0.0,74.947998046875,True,True,57.599998474121094,0.0,83.552001953125,True,True,40.470001220703125,0.0,73.7959976196289,True,True,40.75,0.0,72.697998046875,True,True,42.97999954223633,0.0,69.99800109863281,True,True,51.06999969482422,0.0,75.6500015258789,True,True,36.84000015258789,0.0,74.66000366210938,True,True,38.0,0.0,76.38800048828125,True,True,41.540000915527344,0.0,68.79199981689453,True,True,-25.0,78.3499984741211,,,,41.683998107910156,210.0019989013672,42.11600112915039,144.0,36.0,
2021-08-09 23:15:00,,,,,33.54999923706055,0.0,72.60800170898438,True,True,100.0,0.0,74.35399627685547,True,True,53.900001525878906,0.0,75.0739974975586,True,True,56.689998626708984,0.0,83.71399688720703,True,True,40.11000061035156,0.0,73.88600158691406,True,True,46.56999969482422,0.0,72.58999633789062,True,True,42.540000915527344,0.0,69.81800079345703,True,True,48.130001068115234,0.0,75.43399810791016,True,True,35.630001068115234,0.0,74.6240005493164,True,True,41.95000076293945,0.0,76.33399963378906,True,True,40.209999084472656,0.0,68.64800262451172,True,True,-25.0,75.3499984741211,,,,42.422000885009766,210.0019989013672,42.65599822998047,144.0,36.0,
2021-08-09 23:30:00,,,,,42.0,0.0,72.64399719238281,True,True,100.0,0.0,74.37200164794922,True,True,56.02000045776367,0.0,75.09200286865234,True,True,62.130001068115234,0.0,83.6240005493164,True,True,40.72999954223633,0.0,73.74199676513672,True,True,47.970001220703125,0.0,72.21199798583984,True,True,42.88999938964844,0.0,69.76399993896484,True,True,49.75,0.0,75.37999725341797,True,True,35.59000015258789,0.0,74.64199829101562,True,True,41.5099983215332,0.0,76.2979965209961,True,True,41.27000045776367,0.0,68.59400177001953,True,True,-25.0,74.31999969482422,,,,47.84000015258789,210.0019989013672,48.055999755859375,144.0,36.0,
2021-08-09 23:45:00,,,,,43.13999938964844,0.0,72.26599884033203,True,True,99.73999786376953,0.0,74.40799713134766,True,True,56.31999969482422,0.0,75.16400146484375,True,True,69.02999877929688,0.0,88.1780014038086,True,True,41.66999816894531,0.0,73.70600128173828,True,True,48.880001068115234,0.0,72.10399627685547,True,True,42.75,0.0,69.67400360107422,True,True,50.93000030517578,0.0,75.59600067138672,True,True,35.7400016784668,0.0,74.58799743652344,True,True,44.63999938964844,0.0,76.24400329589844,True,True,40.15999984741211,0.0,68.55799865722656,True,True,-25.0,78.8499984741211,,,,46.05799865722656,210.0019989013672,46.507999420166016,144.0,36.0,
2021-08-10 00:00:00,,,,,40.08000183105469,0.0,71.92400360107422,True,True,100.0,0.0,74.40799713134766,True,True,61.47999954223633,0.0,75.12799835205078,True,True,70.87999725341797,0.0,90.87799835205078,True,True,42.619998931884766,0.0,73.6520004272461,True,True,50.61000061035156,0.0,71.85199737548828,True,True,44.220001220703125,0.0,69.40399932861328,True,True,50.75,0.0,75.32599639892578,True,True,36.34000015258789,0.0,74.6240005493164,True,True,36.40999984741211,0.0,76.2979965209961,True,True,40.439998626708984,0.0,68.34200286865234,True,True,-25.0,75.80999755859375,,,,46.417999267578125,210.0019989013672,46.54399871826172,152.0,38.0,
2021-08-10 00:15:00,,,,,50.7400016784668,0.0,71.4739990234375,True,True,100.0,0.0,74.46199798583984,True,True,64.66000366210938,0.0,75.16400146484375,True,True,75.47000122070312,0.0,91.66999816894531,True,True,51.77000045776367,0.0,73.68800354003906,True,True,51.81999969482422,0.0,71.56400299072266,True,True,48.5,0.0,69.2959976196289,True,True,56.02000045776367,0.0,75.48799896240234,True,True,39.209999084472656,0.0,74.58799743652344,True,True,45.86000061035156,0.0,76.2979965209961,True,True,47.08000183105469,0.0,68.23400115966797,True,True,-25.0,79.87000274658203,,,,47.51599884033203,210.0019989013672,48.54199981689453,152.0,38.0,
2021-08-10 00:30:00,,,,,40.9900016784668,0.0,72.06800079345703,True,True,100.0,0.0,74.53399658203125,True,True,58.5099983215332,0.0,75.18199920654297,True,True,73.13999938964844,0.0,91.97599792480469,True,True,42.5,0.0,73.63400268554688,True,True,48.16999816894531,0.0,71.33000183105469,True,True,45.310001373291016,0.0,69.18800354003906,True,True,54.630001068115234,0.0,75.47000122070312,True,True,38.79999923706055,0.0,74.58799743652344,True,True,44.400001525878906,0.0,76.24400329589844,True,True,45.54999923706055,0.0,67.96399688720703,True,True,-25.0,79.81999969482422,,,,45.91400146484375,210.0019989013672,46.4900016784668,152.0,38.0,
2021-08-10 00:45:00,,,,,39.90999984741211,0.0,71.31199645996094,True,True,100.0,0.0,74.53399658203125,True,True,59.279998779296875,0.0,75.11000061035156,True,True,71.2300033569336,0.0,91.56199645996094,True,True,37.97999954223633,0.0,73.56199645996094,True,True,43.209999084472656,0.0,71.23999786376953,True,True,46.560001373291016,0.0,69.0979995727539,True,True,54.060001373291016,0.0,75.37999725341797,True,True,40.29999923706055,0.0,74.56999969482422,True,True,44.59000015258789,0.0,76.24400329589844,True,True,46.47999954223633,0.0,67.78399658203125,True,True,-25.0,78.1500015258789,,,,44.762001037597656,210.0019989013672,44.94200134277344,152.0,38.0,
2021-08-10 01:00:00,,,,,41.599998474121094,0.0,71.09600067138672,True,True,100.0,0.0,74.49800109863281,True,True,55.900001525878906,0.0,75.0199966430664,True,True,65.7300033569336,0.0,77.57599639892578,True,True,43.900001525878906,0.0,73.56199645996094,True,True,45.65999984741211,0.0,70.9520034790039,True,True,44.79999923706055,0.0,68.77400207519531,True,True,56.91999816894531,0.0,75.39800262451172,True,True,39.77000045776367,0.0,74.58799743652344,True,True,44.79999923706055,0.0,76.22599792480469,True,True,44.689998626708984,0.0,67.56800079345703,True,True,-25.0,77.30999755859375,,,,45.06800079345703,210.0019989013672,45.481998443603516,144.0,36.0,
2021-08-10 01:15:00,,,,,44.83000183105469,0.0,70.80799865722656,True,True,100.0,0.0,74.4800033569336,True,True,56.84000015258789,0.0,75.0739974975586,True,True,66.20999908447266,0.0,83.44400024414062,True,True,40.310001373291016,0.0,73.4000015258789,True,True,45.47999954223633,0.0,70.9520034790039,True,True,44.38999938964844,0.0,68.57599639892578,True,True,54.16999816894531,0.0,75.36199951171875,True,True,37.84000015258789,0.0,74.58799743652344,True,True,43.58000183105469,0.0,76.13600158691406,True,True,42.220001220703125,0.0,67.44200134277344,True,True,-25.0,76.8499984741211,,,,44.869998931884766,210.0019989013672,45.35599899291992,152.0,38.0,
2021-08-10 01:30:00,,,,,42.970001220703125,0.0,70.89800262451172,True,True,100.0,0.0,74.56999969482422,True,True,63.529998779296875,0.0,75.11000061035156,True,True,72.83000183105469,0.0,83.06600189208984,True,True,41.7599983215332,0.0,73.4540023803711,True,True,52.09000015258789,0.0,70.66400146484375,True,True,43.16999816894531,0.0,68.46800231933594,True,True,55.689998626708984,0.0,75.32599639892578,True,True,38.83000183105469,0.0,74.53399658203125,True,True,37.650001525878906,0.0,76.08200073242188,True,True,41.04999923706055,0.0,67.31600189208984,True,True,-25.0,77.83999633789062,,,,43.48400115966797,210.0019989013672,43.82600021362305,144.0,36.0,
2021-08-10 01:45:00,,,,,44.58000183105469,0.0,70.66400146484375,True,True,98.43000030517578,0.0,74.552001953125,True,True,56.7400016784668,0.0,75.0199966430664,True,True,66.61000061035156,0.0,83.01200103759766,True,True,42.959999084472656,0.0,73.58000183105469,True,True,44.7599983215332,0.0,70.48400115966797,True,True,43.88999938964844,0.0,68.37799835205078,True,True,49.529998779296875,0.0,75.32599639892578,True,True,39.29999923706055,0.0,74.46199798583984,True,True,39.11000061035156,0.0,76.0999984741211,True,True,42.619998931884766,0.0,67.0459976196289,True,True,-25.0,76.9800033569336,,,,45.625999450683594,210.0019989013672,46.02199935913086,144.0,36.0,
2021-08-10 02:00:00,,,,,46.29999923706055,0.0,71.00599670410156,True,True,100.0,0.0,74.552001953125,True,True,60.13999938964844,0.0,75.03800201416016,True,True,69.37000274658203,0.0,82.68800354003906,True,True,42.7400016784668,0.0,73.4540023803711,True,True,47.650001525878906,0.0,70.41200256347656,True,True,45.869998931884766,0.0,68.23400115966797,True,True,55.369998931884766,0.0,75.27200317382812,True,True,40.16999816894531,0.0,74.44400024414062,True,True,43.630001068115234,0.0,76.0999984741211,True,True,43.15999984741211,0.0,66.8479995727539,True,True,-25.0,77.19999694824219,,,,47.24599838256836,210.0019989013672,47.5880012512207,152.0,38.0,
2021-08-10 02:15:00,,,,,44.08000183105469,0.0,70.82599639892578,True,True,100.0,0.0,74.552001953125,True,True,63.369998931884766,0.0,75.0199966430664,True,True,68.73999786376953,0.0,82.86799621582031,True,True,40.09000015258789,0.0,73.34600067138672,True,True,44.52000045776367,0.0,70.3219985961914,True,True,43.25,0.0,68.10800170898438,True,True,55.470001220703125,0.0,75.36199951171875,True,True,37.619998931884766,0.0,74.49800109863281,True,True,44.34000015258789,0.0,76.0459976196289,True,True,40.81999969482422,0.0,66.81199645996094,True,True,-25.0,76.80000305175781,,,,46.7599983215332,210.0019989013672,47.04800033569336,144.0,36.0,
2021-08-10 02:30:00,,,,,42.95000076293945,0.0,70.59200286865234,True,True,97.4800033569336,0.0,74.6780014038086,True,True,61.36000061035156,0.0,75.0199966430664,True,True,69.33999633789062,0.0,82.88600158691406,True,True,40.130001068115234,0.0,73.29199981689453,True,True,50.36000061035156,0.0,70.26799774169922,True,True,45.619998931884766,0.0,68.03600311279297,True,True,54.25,0.0,75.19999694824219,True,True,40.16999816894531,0.0,74.44400024414062,True,True,42.47999954223633,0.0,76.06400299072266,True,True,42.119998931884766,0.0,66.72200012207031,True,True,-25.0,76.55999755859375,,,,45.87799835205078,210.0019989013672,46.47200012207031,144.0,36.0,
2021-08-10 02:45:00,,,,,37.91999816894531,0.0,70.53800201416016,True,True,99.0999984741211,0.0,74.60600280761719,True,True,59.900001525878906,0.0,74.98400115966797,True,True,70.16000366210938,0.0,89.11399841308594,True,True,43.02000045776367,0.0,73.22000122070312,True,True,45.189998626708984,0.0,69.99800109863281,True,True,46.54999923706055,0.0,67.8740005493164,True,True,56.16999816894531,0.0,74.96600341796875,True,True,42.40999984741211,0.0,74.37200164794922,True,True,45.099998474121094,0.0,76.06400299072266,True,True,45.31999969482422,0.0,66.50599670410156,True,True,-25.0,76.66000366210938,,,,45.75199890136719,210.0019989013672,46.16600036621094,152.0,38.0,
2021-08-10 03:00:00,,,,,43.279998779296875,0.0,70.55599975585938,True,True,100.0,0.0,74.552001953125,True,True,59.529998779296875,0.0,74.98400115966797,True,True,71.05000305175781,0.0,90.46399688720703,True,True,43.93000030517578,0.0,73.3280029296875,True,True,48.189998626708984,0.0,68.91799926757812,True,True,45.75,0.0,67.62200164794922,True,True,57.54999923706055,0.0,75.19999694824219,True,True,40.529998779296875,0.0,74.46199798583984,True,True,57.380001068115234,0.0,76.06400299072266,True,True,44.61000061035156,0.0,66.32599639892578,True,True,-25.0,76.80000305175781,,,,45.481998443603516,210.0019989013672,45.91400146484375,144.0,36.0,
2021-08-10 03:15:00,,,,,41.91999816894531,0.0,67.63999938964844,True,True,100.0,0.0,74.51599884033203,True,True,60.33000183105469,0.0,74.98400115966797,True,True,71.20999908447266,0.0,90.46399688720703,True,True,39.970001220703125,0.0,73.11199951171875,True,True,43.09000015258789,0.0,68.86399841308594,True,True,44.470001220703125,0.0,67.49600219726562,True,True,56.0099983215332,0.0,75.12799835205078,True,True,38.79999923706055,0.0,74.37200164794922,True,True,50.88999938964844,0.0,76.02799987792969,True,True,43.349998474121094,0.0,66.21800231933594,True,True,-25.0,76.31999969482422,,,,45.15800094604492,210.0019989013672,45.73400115966797,152.0,38.0,
2021-08-10 03:30:00,,,,,38.689998626708984,0.0,67.26200103759766,True,True,100.0,0.0,74.552001953125,True,True,60.52000045776367,0.0,75.00199890136719,True,True,70.91999816894531,0.0,90.87799835205078,True,True,39.970001220703125,0.0,73.25599670410156,True,True,46.7400016784668,0.0,68.73799896240234,True,True,43.90999984741211,0.0,67.38800048828125,True,True,55.599998474121094,0.0,75.23600006103516,True,True,38.060001373291016,0.0,74.38999938964844,True,True,46.45000076293945,0.0,75.99199676513672,True,True,42.81999969482422,0.0,66.14600372314453,True,True,-25.0,75.2699966430664,,,,45.374000549316406,210.0019989013672,45.82400131225586,144.0,36.0,
2021-08-10 03:45:00,,,,,39.31999969482422,0.0,67.20800018310547,True,True,100.0,0.0,74.552001953125,True,True,59.84000015258789,0.0,75.0199966430664,True,True,67.44999694824219,0.0,75.03800201416016,True,True,43.529998779296875,0.0,73.27400207519531,True,True,48.58000183105469,0.0,68.3239974975586,True,True,44.369998931884766,0.0,67.20800018310547,True,True,55.02000045776367,0.0,75.14600372314453,True,True,37.36000061035156,0.0,74.35399627685547,True,True,45.459999084472656,0.0,75.9020004272461,True,True,41.95000076293945,0.0,66.03800201416016,True,True,-25.0,75.31999969482422,,,,45.12200164794922,210.0019989013672,45.571998596191406,152.0,38.0,
2021-08-10 04:00:00,,,,,39.779998779296875,0.0,67.27999877929688,True,True,100.0,0.0,74.56999969482422,True,True,59.04999923706055,0.0,74.96600341796875,True,True,67.08999633789062,0.0,81.98600006103516,True,True,40.060001373291016,0.0,73.2020034790039,True,True,45.689998626708984,0.0,67.94599914550781,True,True,44.099998474121094,0.0,67.20800018310547,True,True,56.279998779296875,0.0,75.23600006103516,True,True,39.34000015258789,0.0,74.30000305175781,True,True,46.70000076293945,0.0,75.88400268554688,True,True,40.849998474121094,0.0,65.96600341796875,True,True,-25.0,75.25,,,,45.013999938964844,210.0019989013672,45.55400085449219,152.0,38.0,
2021-08-10 04:15:00,,,,,42.540000915527344,0.0,67.0999984741211,True,True,100.0,0.0,74.6240005493164,True,True,60.119998931884766,0.0,74.947998046875,True,True,66.80999755859375,0.0,82.23799896240234,True,True,43.279998779296875,0.0,73.34600067138672,True,True,40.54999923706055,0.0,68.37799835205078,True,True,44.09000015258789,0.0,67.20800018310547,True,True,51.130001068115234,0.0,75.36199951171875,True,True,39.97999954223633,0.0,74.30000305175781,True,True,44.93000030517578,0.0,75.93800354003906,True,True,41.880001068115234,0.0,66.03800201416016,True,True,-25.0,74.9000015258789,,,,45.12200164794922,210.0019989013672,45.4640007019043,152.0,38.0,
2021-08-10 04:30:00,,,,,38.95000076293945,0.0,66.93800354003906,True,True,100.0,0.0,74.552001953125,True,True,60.599998474121094,0.0,74.947998046875,True,True,65.5199966430664,0.0,82.14800262451172,True,True,40.68000030517578,0.0,73.23799896240234,True,True,44.91999816894531,0.0,68.3239974975586,True,True,43.65999984741211,0.0,67.15399932861328,True,True,55.7400016784668,0.0,75.16400146484375,True,True,39.91999816894531,0.0,74.26399993896484,True,True,47.630001068115234,0.0,75.88400268554688,True,True,41.77000045776367,0.0,66.09200286865234,True,True,-25.0,75.0,,,,44.94200134277344,210.0019989013672,45.428001403808594,144.0,36.0,
2021-08-10 04:45:00,,,,,42.65999984741211,0.0,66.9739990234375,True,True,100.0,0.0,74.51599884033203,True,True,60.83000183105469,0.0,74.947998046875,True,True,65.12999725341797,0.0,81.46399688720703,True,True,40.47999954223633,0.0,73.27400207519531,True,True,49.400001525878906,0.0,68.16200256347656,True,True,46.189998626708984,0.0,67.20800018310547,True,True,56.11000061035156,0.0,75.14600372314453,True,True,39.91999816894531,0.0,74.22799682617188,True,True,46.849998474121094,0.0,75.86599731445312,True,True,41.630001068115234,0.0,65.96600341796875,True,True,-25.0,74.80999755859375,,,,44.85200119018555,210.0019989013672,45.31999969482422,144.0,36.0,
2021-08-10 05:00:00,,,,,41.27000045776367,0.0,66.93800354003906,True,True,94.76000213623047,0.0,74.53399658203125,True,True,59.54999923706055,0.0,74.947998046875,True,True,64.6500015258789,0.0,81.55400085449219,True,True,40.709999084472656,0.0,73.22000122070312,True,True,42.70000076293945,0.0,67.83799743652344,True,True,44.25,0.0,67.24400329589844,True,True,55.779998779296875,0.0,75.19999694824219,True,True,41.63999938964844,0.0,74.20999908447266,True,True,43.709999084472656,0.0,75.81199645996094,True,True,40.9900016784668,0.0,65.96600341796875,True,True,-25.0,75.0,,,,45.194000244140625,210.0019989013672,45.5359992980957,152.0,38.0,
2021-08-10 05:15:00,,,,,49.13999938964844,0.0,67.31600189208984,True,True,97.62000274658203,0.0,74.49800109863281,True,True,59.84000015258789,0.0,74.91200256347656,True,True,64.30999755859375,0.0,81.12200164794922,True,True,41.22999954223633,0.0,73.18399810791016,True,True,46.689998626708984,0.0,67.65799713134766,True,True,46.380001068115234,0.0,67.22599792480469,True,True,54.5099983215332,0.0,75.27200317382812,True,True,37.86000061035156,0.0,74.22799682617188,True,True,43.310001373291016,0.0,75.81199645996094,True,True,41.04999923706055,0.0,65.91200256347656,True,True,-25.0,75.73999786376953,,,,44.72600173950195,210.0019989013672,45.31999969482422,144.0,36.0,
2021-08-10 05:30:00,,,,,46.18000030517578,0.0,67.63999938964844,True,True,100.0,0.0,74.4260025024414,True,True,64.2699966430664,0.0,74.91200256347656,True,True,63.93000030517578,0.0,81.31999969482422,True,True,39.779998779296875,0.0,73.09400177001953,True,True,43.470001220703125,0.0,67.65799713134766,True,True,46.25,0.0,67.02799987792969,True,True,55.58000183105469,0.0,75.27200317382812,True,True,37.540000915527344,0.0,74.22799682617188,True,True,38.83000183105469,0.0,75.83000183105469,True,True,40.54999923706055,0.0,65.85800170898438,True,True,-25.0,75.56999969482422,,,,44.94200134277344,210.0019989013672,45.301998138427734,152.0,38.0,
2021-08-10 05:45:00,,,,,47.599998474121094,0.0,67.11799621582031,True,True,93.33000183105469,0.0,74.44400024414062,True,True,62.150001525878906,0.0,74.93000030517578,True,True,64.11000061035156,0.0,81.78800201416016,True,True,40.52000045776367,0.0,72.98600006103516,True,True,47.45000076293945,0.0,67.94599914550781,True,True,46.08000183105469,0.0,67.13600158691406,True,True,53.7400016784668,0.0,74.8759994506836,True,True,42.16999816894531,0.0,74.12000274658203,True,True,46.93000030517578,0.0,75.7760009765625,True,True,40.83000183105469,0.0,65.85800170898438,True,True,-25.0,75.30999755859375,,,,45.64400100708008,210.0019989013672,46.14799880981445,144.0,36.0,
2021-08-10 06:00:00,,,,,40.52000045776367,0.0,67.11799621582031,True,True,93.3499984741211,0.0,74.40799713134766,True,True,62.369998931884766,0.0,74.947998046875,True,True,65.0199966430664,0.0,81.93199920654297,True,True,40.86000061035156,0.0,73.09400177001953,True,True,40.810001373291016,0.0,68.0719985961914,True,True,46.470001220703125,0.0,67.38800048828125,True,True,58.75,0.0,74.89399719238281,True,True,38.65999984741211,0.0,74.19200134277344,True,True,47.02000045776367,0.0,75.7040023803711,True,True,41.709999084472656,0.0,65.96600341796875,True,True,-25.0,75.62000274658203,,,,45.608001708984375,210.0019989013672,46.09400177001953,152.0,38.0,
2021-08-10 06:15:00,,,,,44.380001068115234,0.0,67.2979965209961,True,True,96.94999694824219,0.0,74.49800109863281,True,True,65.12000274658203,0.0,74.947998046875,True,True,64.86000061035156,0.0,81.46399688720703,True,True,41.060001373291016,0.0,72.91400146484375,True,True,41.41999816894531,0.0,67.83799743652344,True,True,44.61000061035156,0.0,67.42400360107422,True,True,52.95000076293945,0.0,75.05599975585938,True,True,39.11000061035156,0.0,74.19200134277344,True,True,43.599998474121094,0.0,75.7040023803711,True,True,41.70000076293945,0.0,65.98400115966797,True,True,-25.0,75.91000366210938,,,,45.608001708984375,210.0019989013672,46.14799880981445,160.0,40.0,
2021-08-10 06:30:00,,,,,39.810001373291016,0.0,66.9020004272461,True,True,94.44999694824219,0.0,74.40799713134766,True,True,65.41000366210938,0.0,74.93000030517578,True,True,65.98999786376953,0.0,86.91799926757812,True,True,44.529998779296875,0.0,73.00399780273438,True,True,45.150001525878906,0.0,67.65799713134766,True,True,43.150001525878906,0.0,67.11799621582031,True,True,50.970001220703125,0.0,75.12799835205078,True,True,40.40999984741211,0.0,74.15599822998047,True,True,43.72999954223633,0.0,75.68599700927734,True,True,42.27000045776367,0.0,65.85800170898438,True,True,-25.0,78.11000061035156,,,,45.518001556396484,210.0019989013672,45.805999755859375,152.0,38.0,
2021-08-10 06:45:00,,,,,40.4900016784668,0.0,67.58599853515625,True,True,97.62000274658203,0.0,74.37200164794922,True,True,64.0199966430664,0.0,74.91200256347656,True,True,67.66999816894531,0.0,88.35800170898438,True,True,58.130001068115234,0.0,72.96800231933594,True,True,43.65999984741211,0.0,67.83799743652344,True,True,46.9900016784668,0.0,67.11799621582031,True,True,55.79999923706055,0.0,75.00199890136719,True,True,41.11000061035156,0.0,74.19200134277344,True,True,41.58000183105469,0.0,75.7040023803711,True,True,42.54999923706055,0.0,65.85800170898438,True,True,-25.0,78.33999633789062,,,,45.4640007019043,210.0019989013672,45.805999755859375,152.0,38.0,
2021-08-10 07:00:00,,,,,52.470001220703125,0.0,67.13600158691406,True,True,100.0,0.0,74.37200164794922,True,True,66.83000183105469,0.0,74.98400115966797,True,True,68.79000091552734,0.0,89.99600219726562,True,True,42.72999954223633,0.0,73.14800262451172,True,True,49.09000015258789,0.0,68.14399719238281,True,True,46.58000183105469,0.0,67.0459976196289,True,True,55.70000076293945,0.0,75.00199890136719,True,True,41.36000061035156,0.0,74.17400360107422,True,True,42.099998474121094,0.0,75.6500015258789,True,True,43.099998474121094,0.0,65.78600311279297,True,True,-25.0,69.04000091552734,,,,48.7400016784668,210.0019989013672,49.90999984741211,152.0,38.0,
2021-08-10 07:15:00,,,,,44.810001373291016,0.0,67.11799621582031,True,True,100.0,0.0,74.37200164794922,True,True,61.72999954223633,0.0,74.947998046875,True,True,70.44999694824219,0.0,90.33799743652344,True,True,40.209999084472656,0.0,73.14800262451172,True,True,44.380001068115234,0.0,68.64800262451172,True,True,46.619998931884766,0.0,66.95600128173828,True,True,58.81999969482422,0.0,74.89399719238281,True,True,44.560001373291016,0.0,74.20999908447266,True,True,40.5,0.0,75.5780029296875,True,True,42.65999984741211,0.0,65.78600311279297,True,True,-25.0,68.88999938964844,,,,42.20600128173828,210.0019989013672,42.79999923706055,160.0,40.0,
2021-08-10 07:30:00,,,,,39.880001068115234,0.0,67.69400024414062,True,True,97.18000030517578,0.0,74.37200164794922,True,True,54.38999938964844,0.0,74.91200256347656,True,True,60.34000015258789,0.0,83.56999969482422,True,True,42.91999816894531,0.0,73.12999725341797,True,True,45.349998474121094,0.0,68.9540023803711,True,True,46.849998474121094,0.0,67.20800018310547,True,True,54.40999984741211,0.0,74.98400115966797,True,True,38.4900016784668,0.0,74.12000274658203,True,True,41.189998626708984,0.0,75.63200378417969,True,True,43.06999969482422,0.0,66.09200286865234,True,True,-25.0,65.80000305175781,,,,41.0359992980957,210.0019989013672,41.50400161743164,152.0,38.0,
2021-08-10 07:45:00,,,,,44.099998474121094,0.0,67.81999969482422,True,True,96.72000122070312,0.0,74.20999908447266,True,True,65.27999877929688,0.0,74.947998046875,True,True,66.33999633789062,0.0,82.2020034790039,True,True,40.34000015258789,0.0,73.3280029296875,True,True,44.68000030517578,0.0,68.80999755859375,True,True,46.52000045776367,0.0,67.08200073242188,True,True,58.2599983215332,0.0,75.16400146484375,True,True,41.83000183105469,0.0,74.19200134277344,True,True,49.25,0.0,75.63200378417969,True,True,45.59000015258789,0.0,65.8759994506836,True,True,-25.0,41.56999969482422,,,,45.55400085449219,210.0019989013672,45.895999908447266,152.0,38.0,
2021-08-10 08:00:00,,,,,47.84000015258789,0.0,68.55799865722656,True,True,99.05000305175781,0.0,74.26399993896484,True,True,62.060001373291016,0.0,74.96600341796875,True,True,62.810001373291016,0.0,83.33599853515625,True,True,40.849998474121094,0.0,73.41799926757812,True,True,40.439998626708984,0.0,69.96199798583984,True,True,42.29999923706055,0.0,67.47799682617188,True,True,51.290000915527344,0.0,75.05599975585938,True,True,40.060001373291016,0.0,74.17400360107422,True,True,40.689998626708984,0.0,75.6500015258789,True,True,39.16999816894531,0.0,66.29000091552734,True,True,-25.0,67.7699966430664,,,,45.12200164794922,210.0019989013672,45.78799819946289,160.0,40.0,
2021-08-10 08:15:00,,,,,48.59000015258789,0.0,69.78199768066406,True,True,100.0,0.0,74.26399993896484,True,True,63.0099983215332,0.0,74.98400115966797,True,True,67.47000122070312,0.0,83.40799713134766,True,True,42.66999816894531,0.0,73.50800323486328,True,True,49.279998779296875,0.0,70.9520034790039,True,True,45.31999969482422,0.0,67.55000305175781,True,True,53.2400016784668,0.0,75.18199920654297,True,True,36.939998626708984,0.0,74.10199737548828,True,True,44.33000183105469,0.0,75.63200378417969,True,True,41.22999954223633,0.0,66.55999755859375,True,True,-25.0,68.4000015258789,,,,45.013999938964844,210.0019989013672,45.75199890136719,152.0,38.0,
2021-08-10 08:30:00,,,,,50.5,0.0,71.31199645996094,True,True,100.0,0.0,74.33599853515625,True,True,65.5199966430664,0.0,74.98400115966797,True,True,69.27999877929688,0.0,84.16400146484375,True,True,43.630001068115234,0.0,73.76000213623047,True,True,47.09000015258789,0.0,71.7979965209961,True,True,47.25,0.0,68.01799774169922,True,True,51.86000061035156,0.0,75.27200317382812,True,True,43.849998474121094,0.0,74.26399993896484,True,True,43.15999984741211,0.0,75.7760009765625,True,True,42.439998626708984,0.0,67.0999984741211,True,True,-25.0,68.3499984741211,,,,44.18600082397461,210.0019989013672,44.74399948120117,160.0,40.0,
2021-08-10 08:45:00,,,,,45.31999969482422,0.0,71.70800018310547,True,True,100.0,0.0,74.30000305175781,True,True,65.8499984741211,0.0,74.947998046875,True,True,68.70999908447266,0.0,83.947998046875,True,True,44.45000076293945,0.0,73.70600128173828,True,True,47.84000015258789,0.0,72.58999633789062,True,True,47.7599983215332,0.0,68.39600372314453,True,True,55.52000045776367,0.0,75.39800262451172,True,True,41.15999984741211,0.0,74.37200164794922,True,True,46.369998931884766,0.0,75.86599731445312,True,True,48.20000076293945,0.0,67.62200164794922,True,True,-25.0,68.83999633789062,,,,44.02399826049805,210.0019989013672,44.492000579833984,160.0,40.0,
2021-08-10 09:00:00,,,,,50.060001373291016,0.0,72.48200225830078,True,True,100.0,0.0,74.35399627685547,True,True,64.87999725341797,0.0,74.947998046875,True,True,67.16000366210938,0.0,90.33799743652344,True,True,39.41999816894531,0.0,73.70600128173828,True,True,50.63999938964844,0.0,73.22000122070312,True,True,47.36000061035156,0.0,69.31400299072266,True,True,56.119998931884766,0.0,75.50599670410156,True,True,41.0099983215332,0.0,74.37200164794922,True,True,45.68000030517578,0.0,75.99199676513672,True,True,44.0,0.0,68.8280029296875,True,True,-25.0,63.9900016784668,,,,43.375999450683594,210.0019989013672,43.95199966430664,160.0,40.0,
2021-08-10 09:15:00,,,,,50.5099983215332,0.0,74.40799713134766,True,True,95.69000244140625,0.0,74.37200164794922,True,True,60.86000061035156,0.0,74.91200256347656,True,True,66.6500015258789,0.0,91.27400207519531,True,True,39.27000045776367,0.0,73.76000213623047,True,True,52.72999954223633,0.0,74.64199829101562,True,True,46.470001220703125,0.0,70.26799774169922,True,True,55.560001373291016,0.0,75.6500015258789,True,True,42.060001373291016,0.0,74.44400024414062,True,True,44.5,0.0,75.99199676513672,True,True,48.54999923706055,0.0,70.052001953125,True,True,-25.0,64.44999694824219,,,,46.61600112915039,210.0019989013672,45.481998443603516,168.0,42.0,
2021-08-10 09:30:00,,,,,52.33000183105469,0.0,75.43399810791016,True,True,100.0,0.0,74.37200164794922,True,True,62.31999969482422,0.0,74.947998046875,True,True,72.12000274658203,0.0,92.26399993896484,True,True,41.439998626708984,0.0,73.81400299072266,True,True,55.09000015258789,0.0,76.26200103759766,True,True,42.900001525878906,0.0,71.16799926757812,True,True,55.290000915527344,0.0,75.68599700927734,True,True,45.41999816894531,0.0,74.58799743652344,True,True,40.689998626708984,0.0,76.02799987792969,True,True,45.4900016784668,0.0,71.16799926757812,True,True,-25.0,68.70999908447266,,,,43.75400161743164,210.0019989013672,44.20399856567383,168.0,42.0,
2021-08-10 09:45:00,,,,,51.560001373291016,0.0,76.53199768066406,True,True,100.0,0.0,74.37200164794922,True,True,61.529998779296875,0.0,75.00199890136719,True,True,69.75,0.0,93.19999694824219,True,True,44.439998626708984,0.0,73.88600158691406,True,True,50.5099983215332,0.0,76.69400024414062,True,True,46.36000061035156,0.0,71.92400360107422,True,True,54.470001220703125,0.0,75.75800323486328,True,True,38.220001220703125,0.0,74.552001953125,True,True,48.04999923706055,0.0,76.1719970703125,True,True,44.720001220703125,0.0,72.1760025024414,True,True,-25.0,67.79000091552734,,,,44.492000579833984,210.0019989013672,45.06800079345703,168.0,42.0,
2021-08-10 10:00:00,,,,,59.439998626708984,0.0,77.197998046875,True,True,100.0,0.0,74.38999938964844,True,True,67.08999633789062,0.0,74.947998046875,True,True,74.02999877929688,0.0,93.88400268554688,True,True,43.939998626708984,0.0,73.88600158691406,True,True,58.529998779296875,0.0,78.51200103759766,True,True,49.4900016784668,0.0,73.12999725341797,True,True,56.2599983215332,0.0,75.75800323486328,True,True,41.189998626708984,0.0,74.552001953125,True,True,46.93000030517578,0.0,76.1719970703125,True,True,53.9900016784668,0.0,73.68800354003906,True,True,-25.0,68.83999633789062,,,,43.77199935913086,210.0019989013672,44.779998779296875,176.0,44.0,
2021-08-10 10:15:00,,,,,55.38999938964844,0.0,78.0260009765625,True,True,100.0,0.0,74.46199798583984,True,True,62.209999084472656,0.0,74.98400115966797,True,True,66.6500015258789,0.0,93.86599731445312,True,True,38.189998626708984,0.0,73.94000244140625,True,True,48.040000915527344,0.0,79.69999694824219,True,True,44.45000076293945,0.0,74.01200103759766,True,True,55.88999938964844,0.0,75.75800323486328,True,True,38.7400016784668,0.0,74.58799743652344,True,True,43.95000076293945,0.0,76.2979965209961,True,True,45.790000915527344,0.0,74.76799774169922,True,True,-25.0,68.04000091552734,,,,41.75600051879883,210.0019989013672,42.2239990234375,168.0,42.0,
2021-08-10 10:30:00,,,,,55.439998626708984,0.0,77.55799865722656,True,True,100.0,0.0,74.49800109863281,True,True,55.91999816894531,0.0,74.98400115966797,True,True,65.18000030517578,0.0,94.58599853515625,True,True,38.439998626708984,0.0,73.94000244140625,True,True,48.72999954223633,0.0,80.74400329589844,True,True,45.93000030517578,0.0,74.76799774169922,True,True,53.130001068115234,0.0,75.68599700927734,True,True,41.7400016784668,0.0,74.60600280761719,True,True,44.52000045776367,0.0,76.24400329589844,True,True,45.849998474121094,0.0,75.81199645996094,True,True,-25.0,65.83999633789062,,,,41.900001525878906,210.0019989013672,42.332000732421875,176.0,44.0,
2021-08-10 10:45:00,,,,,59.849998474121094,0.0,78.20600128173828,True,True,97.68000030517578,0.0,74.4800033569336,True,True,57.029998779296875,0.0,74.947998046875,True,True,66.4000015258789,0.0,94.71199798583984,True,True,40.38999938964844,0.0,73.88600158691406,True,True,49.209999084472656,0.0,81.28399658203125,True,True,43.84000015258789,0.0,75.18199920654297,True,True,54.2400016784668,0.0,75.79399871826172,True,True,38.029998779296875,0.0,74.6240005493164,True,True,43.31999969482422,0.0,76.2979965209961,True,True,57.369998931884766,0.0,75.81199645996094,True,True,-25.0,65.37000274658203,,,,44.88800048828125,210.0019989013672,45.26599884033203,168.0,42.0,
2021-08-10 11:00:00,,,,,65.26000213623047,0.0,79.19599914550781,True,True,100.0,0.0,74.40799713134766,True,True,63.43000030517578,0.0,74.98400115966797,True,True,76.12000274658203,0.0,95.14399719238281,True,True,42.790000915527344,0.0,73.97599792480469,True,True,49.66999816894531,0.0,81.78800201416016,True,True,44.5099983215332,0.0,75.9020004272461,True,True,51.790000915527344,0.0,75.68599700927734,True,True,39.779998779296875,0.0,74.6240005493164,True,True,42.869998931884766,0.0,76.24400329589844,True,True,46.08000183105469,0.0,76.7300033569336,True,True,-25.0,66.41000366210938,,,,45.96799850463867,210.0019989013672,46.36399841308594,168.0,42.0,
2021-08-10 11:15:00,,,,,62.65999984741211,0.0,76.69400024414062,True,True,100.0,0.0,74.49800109863281,True,True,66.7300033569336,0.0,75.0199966430664,True,True,79.94999694824219,0.0,95.197998046875,True,True,45.95000076293945,0.0,73.88600158691406,True,True,50.70000076293945,0.0,83.01200103759766,True,True,44.7599983215332,0.0,76.15399932861328,True,True,48.65999984741211,0.0,75.68599700927734,True,True,37.779998779296875,0.0,74.66000366210938,True,True,38.70000076293945,0.0,76.24400329589844,True,True,44.040000915527344,0.0,76.89199829101562,True,True,-25.0,69.9800033569336,,,,46.97600173950195,210.0019989013672,47.40800094604492,176.0,44.0,
2021-08-10 11:30:00,,,,,57.0,0.0,75.79399871826172,True,True,99.83000183105469,0.0,74.552001953125,True,True,67.08000183105469,0.0,75.0739974975586,True,True,79.2699966430664,0.0,86.61199951171875,True,True,44.40999984741211,0.0,74.02999877929688,True,True,53.72999954223633,0.0,83.37200164794922,True,True,48.84000015258789,0.0,76.55000305175781,True,True,56.599998474121094,0.0,75.81199645996094,True,True,41.099998474121094,0.0,74.6240005493164,True,True,44.79999923706055,0.0,76.22599792480469,True,True,49.75,0.0,77.197998046875,True,True,-25.0,68.29000091552734,,,,46.507999420166016,210.0019989013672,46.86800003051758,168.0,42.0,
2021-08-10 11:45:00,,,,,56.29999923706055,0.0,75.61399841308594,True,True,100.0,0.0,74.73200225830078,True,True,67.81999969482422,0.0,75.16400146484375,True,True,82.5199966430664,0.0,88.89800262451172,True,True,45.41999816894531,0.0,74.12000274658203,True,True,55.4900016784668,0.0,83.552001953125,True,True,48.630001068115234,0.0,77.0,True,True,57.20000076293945,0.0,75.8479995727539,True,True,42.369998931884766,0.0,74.6240005493164,True,True,44.720001220703125,0.0,76.22599792480469,True,True,59.86000061035156,0.0,78.31400299072266,True,True,-25.0,68.13999938964844,,,,46.47200012207031,210.0019989013672,46.97600173950195,168.0,42.0,
2021-08-10 12:00:00,,,,,54.68000030517578,0.0,75.37999725341797,True,True,100.0,0.0,74.73200225830078,True,True,68.98999786376953,0.0,75.16400146484375,True,True,81.68000030517578,0.0,89.25800323486328,True,True,46.400001525878906,0.0,74.19200134277344,True,True,51.380001068115234,0.0,84.63200378417969,True,True,51.52000045776367,0.0,77.57599639892578,True,True,58.84000015258789,0.0,75.88400268554688,True,True,43.310001373291016,0.0,74.6780014038086,True,True,44.34000015258789,0.0,76.22599792480469,True,True,53.33000183105469,0.0,78.70999908447266,True,True,-25.0,64.36000061035156,,,,46.652000427246094,210.0019989013672,47.17399978637695,168.0,42.0,
2021-08-10 12:15:00,,,,,50.7400016784668,0.0,75.37999725341797,True,True,98.13999938964844,0.0,74.75,True,True,69.19000244140625,0.0,75.18199920654297,True,True,85.26000213623047,0.0,96.5479965209961,True,True,44.75,0.0,74.28199768066406,True,True,52.650001525878906,0.0,85.40599822998047,True,True,51.25,0.0,78.4219970703125,True,True,59.29999923706055,0.0,75.9020004272461,True,True,46.75,0.0,74.73200225830078,True,True,49.5099983215332,0.0,76.24400329589844,True,True,54.02000045776367,0.0,79.79000091552734,True,True,-25.0,64.93000030517578,,,,46.95800018310547,210.0019989013672,47.33599853515625,168.0,42.0,
2021-08-10 12:30:00,,,,,54.95000076293945,0.0,75.54199981689453,True,True,100.0,0.0,74.75,True,True,77.41999816894531,0.0,75.21800231933594,True,True,91.08999633789062,0.0,97.66400146484375,True,True,47.5099983215332,0.0,74.30000305175781,True,True,57.66999816894531,0.0,86.34200286865234,True,True,49.0,0.0,78.56600189208984,True,True,58.65999984741211,0.0,75.86599731445312,True,True,40.97999954223633,0.0,74.71399688720703,True,True,45.369998931884766,0.0,76.24400329589844,True,True,51.709999084472656,0.0,79.80799865722656,True,True,-25.0,67.44999694824219,,,,44.79800033569336,210.0019989013672,45.26599884033203,168.0,42.0,
2021-08-10 12:45:00,,,,,54.08000183105469,0.0,75.43399810791016,True,True,100.0,0.0,74.8219985961914,True,True,71.5199966430664,0.0,75.16400146484375,True,True,88.36000061035156,0.0,97.62799835205078,True,True,44.810001373291016,0.0,74.35399627685547,True,True,50.369998931884766,0.0,86.18000030517578,True,True,49.380001068115234,0.0,79.14199829101562,True,True,59.54999923706055,0.0,75.83000183105469,True,True,42.59000015258789,0.0,74.73200225830078,True,True,46.77000045776367,0.0,76.2979965209961,True,True,51.599998474121094,0.0,80.2760009765625,True,True,-25.0,65.9800033569336,,,,47.28200149536133,210.0019989013672,47.5880012512207,168.0,42.0,
2021-08-10 13:00:00,,,,,59.08000183105469,0.0,75.43399810791016,True,True,100.0,0.0,74.8219985961914,True,True,70.70999908447266,0.0,75.09200286865234,True,True,92.62999725341797,0.0,98.22200012207031,True,True,42.83000183105469,0.0,74.37200164794922,True,True,52.029998779296875,0.0,86.84600067138672,True,True,51.689998626708984,0.0,80.23999786376953,True,True,61.09000015258789,0.0,76.02799987792969,True,True,43.9900016784668,0.0,74.73200225830078,True,True,42.720001220703125,0.0,76.2979965209961,True,True,53.72999954223633,0.0,81.73400115966797,True,True,-25.0,67.54000091552734,,,,47.5880012512207,210.0019989013672,48.07400131225586,168.0,42.0,
2021-08-10 13:15:00,,,,,55.779998779296875,0.0,75.54199981689453,True,True,100.0,0.0,74.8759994506836,True,True,71.38999938964844,0.0,75.19999694824219,True,True,94.91999816894531,0.0,98.04199981689453,True,True,46.43000030517578,0.0,74.4260025024414,True,True,55.099998474121094,0.0,86.37799835205078,True,True,47.939998626708984,0.0,80.92400360107422,True,True,57.439998626708984,0.0,75.93800354003906,True,True,42.25,0.0,74.75,True,True,40.61000061035156,0.0,76.31600189208984,True,True,57.13999938964844,0.0,82.14800262451172,True,True,-25.0,82.30999755859375,,,,48.27199935913086,210.0019989013672,48.59600067138672,168.0,42.0,
2021-08-10 13:30:00,,,,,55.04999923706055,0.0,75.61399841308594,True,True,97.13999938964844,0.0,74.89399719238281,True,True,72.20999908447266,0.0,75.14600372314453,True,True,97.69999694824219,0.0,97.93399810791016,True,True,42.7599983215332,0.0,74.37200164794922,True,True,49.16999816894531,0.0,85.83799743652344,True,True,50.119998931884766,0.0,80.92400360107422,True,True,59.29999923706055,0.0,75.79399871826172,True,True,41.81999969482422,0.0,74.75,True,True,49.36000061035156,0.0,76.35199737548828,True,True,55.060001373291016,0.0,82.22000122070312,True,True,-25.0,67.23999786376953,,,,49.13600158691406,210.0019989013672,48.7760009765625,176.0,44.0,
2021-08-10 13:45:00,,,,,59.79999923706055,0.0,75.54199981689453,True,True,100.0,0.0,74.76799774169922,True,True,85.61000061035156,0.0,75.25399780273438,True,True,100.0,0.0,100.70600128173828,True,True,49.060001373291016,0.0,74.552001953125,True,True,61.97999954223633,0.0,86.21600341796875,True,True,51.279998779296875,0.0,81.78800201416016,True,True,60.470001220703125,0.0,76.11799621582031,True,True,45.38999938964844,0.0,74.73200225830078,True,True,52.33000183105469,0.0,76.53199768066406,True,True,58.06999969482422,0.0,83.28199768066406,True,True,-25.0,88.0,,,,50.84600067138672,210.0019989013672,51.439998626708984,168.0,42.0,
2021-08-10 14:00:00,,,,,57.650001525878906,0.0,75.72200012207031,True,True,100.0,0.0,74.85800170898438,True,True,76.66000366210938,0.0,75.09200286865234,True,True,81.2300033569336,0.0,98.52799987792969,True,True,49.470001220703125,0.0,74.46199798583984,True,True,55.279998779296875,0.0,86.93599700927734,True,True,50.36000061035156,0.0,81.39199829101562,True,True,60.45000076293945,0.0,75.8479995727539,True,True,41.4900016784668,0.0,74.8219985961914,True,True,50.13999938964844,0.0,76.53199768066406,True,True,56.560001373291016,0.0,82.74199676513672,True,True,-25.0,75.83999633789062,,,,49.801998138427734,210.0019989013672,50.198001861572266,176.0,44.0,
2021-08-10 14:15:00,,,,,60.83000183105469,0.0,75.72200012207031,True,True,100.0,0.0,74.80400085449219,True,True,85.01000213623047,0.0,75.16400146484375,True,True,84.18000030517578,0.0,96.1520004272461,True,True,52.5099983215332,0.0,74.46199798583984,True,True,91.04000091552734,0.0,86.34200286865234,True,True,65.9800033569336,0.0,81.75199890136719,True,True,64.83000183105469,0.0,76.06400299072266,True,True,54.040000915527344,0.0,74.91200256347656,True,True,50.52000045776367,0.0,76.65799713134766,True,True,69.80999755859375,0.0,83.40799713134766,True,True,-25.0,88.87000274658203,,,,51.38600158691406,210.0019989013672,52.124000549316406,168.0,42.0,
2021-08-10 14:30:00,,,,,51.66999816894531,0.0,75.63200378417969,True,True,100.0,0.0,74.83999633789062,True,True,81.7699966430664,0.0,75.19999694824219,True,True,76.9800033569336,0.0,96.40399932861328,True,True,45.0099983215332,0.0,74.56999969482422,True,True,53.20000076293945,0.0,86.28800201416016,True,True,50.119998931884766,0.0,82.25599670410156,True,True,67.05000305175781,0.0,76.22599792480469,True,True,42.720001220703125,0.0,74.98400115966797,True,True,45.060001373291016,0.0,76.78399658203125,True,True,63.16999816894531,0.0,83.76799774169922,True,True,-25.0,79.01000213623047,,,,49.513999938964844,210.0019989013672,49.891998291015625,176.0,44.0,
2021-08-10 14:45:00,,,,,63.0,0.0,75.72200012207031,True,True,100.0,0.0,74.8759994506836,True,True,90.94000244140625,0.0,75.34400177001953,True,True,84.26000213623047,0.0,96.87200164794922,True,True,53.900001525878906,0.0,74.37200164794922,True,True,63.869998931884766,0.0,86.52200317382812,True,True,54.15999984741211,0.0,82.34600067138672,True,True,63.90999984741211,0.0,76.0459976196289,True,True,42.939998626708984,0.0,74.947998046875,True,True,51.560001373291016,0.0,76.78399658203125,True,True,69.25,0.0,83.40799713134766,True,True,-25.0,91.11000061035156,,,,51.007999420166016,210.0019989013672,51.60200119018555,168.0,42.0,
2021-08-10 15:00:00,,,,,61.029998779296875,0.0,75.9020004272461,True,True,100.0,0.0,74.91200256347656,True,True,80.87999725341797,0.0,75.23600006103516,True,True,77.54000091552734,0.0,97.97000122070312,True,True,51.08000183105469,0.0,74.4800033569336,True,True,58.25,0.0,86.0719985961914,True,True,53.66999816894531,0.0,82.41799926757812,True,True,67.31999969482422,0.0,76.15399932861328,True,True,44.540000915527344,0.0,74.947998046875,True,True,53.45000076293945,0.0,76.85600280761719,True,True,69.8499984741211,0.0,83.58799743652344,True,True,-25.0,85.23999786376953,,,,50.071998596191406,210.0019989013672,50.28799819946289,168.0,42.0,
2021-08-10 15:15:00,,,,,82.91999816894531,0.0,76.22599792480469,True,True,100.0,0.0,74.8219985961914,True,True,100.0,0.0,75.37999725341797,True,True,100.0,0.0,98.45600128173828,True,True,65.91000366210938,0.0,74.64199829101562,True,True,83.80999755859375,0.0,86.03600311279297,True,True,56.40999984741211,0.0,82.16600036621094,True,True,65.2699966430664,0.0,76.13600158691406,True,True,42.75,0.0,74.98400115966797,True,True,54.25,0.0,76.89199829101562,True,True,72.12000274658203,0.0,83.24600219726562,True,True,-25.0,-0.17000000178813934,,,,51.007999420166016,210.0019989013672,51.72800064086914,168.0,42.0,
2021-08-10 15:30:00,,,,,72.9000015258789,0.0,76.33399963378906,True,True,100.0,0.0,75.09200286865234,True,True,100.0,0.0,75.50599670410156,True,True,100.0,0.0,100.27400207519531,True,True,56.029998779296875,0.0,74.64199829101562,True,True,74.45999908447266,0.0,85.802001953125,True,True,53.52000045776367,0.0,82.58000183105469,True,True,70.2300033569336,0.0,76.20800018310547,True,True,41.900001525878906,0.0,75.14600372314453,True,True,53.08000183105469,0.0,77.01799774169922,True,True,72.94000244140625,0.0,84.00199890136719,True,True,-25.0,-0.1899999976158142,,,,50.46799850463867,210.0019989013672,50.75600051879883,168.0,42.0,
2021-08-10 15:45:00,,,,,82.0,0.0,76.7300033569336,True,True,100.0,0.0,75.27200317382812,True,True,100.0,0.0,75.54199981689453,True,True,100.0,0.0,99.12200164794922,True,True,60.04999923706055,0.0,74.44400024414062,True,True,70.93000030517578,0.0,85.74800109863281,True,True,84.41999816894531,0.0,81.93199920654297,True,True,76.26000213623047,0.0,76.08200073242188,True,True,61.939998626708984,0.0,75.16400146484375,True,True,61.25,0.0,77.03600311279297,True,True,97.58000183105469,0.0,82.9219970703125,True,True,-25.0,-0.14999999105930328,,,,49.44200134277344,210.0019989013672,49.85599899291992,176.0,44.0,
2021-08-10 16:00:00,,,,,81.80000305175781,0.0,77.57599639892578,True,True,100.0,0.0,75.27200317382812,True,True,100.0,0.0,75.54199981689453,True,True,97.80999755859375,0.0,100.38200378417969,True,True,54.540000915527344,0.0,74.552001953125,True,True,73.6500015258789,0.0,86.21600341796875,True,True,67.05000305175781,0.0,82.02200317382812,True,True,100.0,0.0,76.37000274658203,True,True,54.84000015258789,0.0,75.39800262451172,True,True,80.86000061035156,0.0,77.73799896240234,True,True,100.0,0.0,82.68800354003906,True,True,-25.0,-0.20999999344348907,,,,55.09400177001953,210.0019989013672,52.2140007019043,168.0,42.0,
2021-08-10 16:15:00,,,,,89.63999938964844,0.0,77.21600341796875,True,True,100.0,0.0,75.27200317382812,True,True,100.0,0.0,75.68599700927734,True,True,100.0,0.0,99.8239974975586,True,True,59.790000915527344,0.0,74.71399688720703,True,True,86.5199966430664,0.0,85.69400024414062,True,True,65.69999694824219,0.0,81.6259994506836,True,True,100.0,0.0,76.47799682617188,True,True,57.36000061035156,0.0,75.32599639892578,True,True,73.69999694824219,0.0,77.3239974975586,True,True,100.0,0.0,82.22000122070312,True,True,-25.0,-0.17000000178813934,,,,48.9379997253418,210.0019989013672,49.42399978637695,168.0,42.0,
2021-08-10 16:30:00,,,,,76.58999633789062,0.0,76.94599914550781,True,True,100.0,0.0,75.41600036621094,True,True,100.0,0.0,75.72200012207031,True,True,95.95999908447266,0.0,100.74199676513672,True,True,57.47999954223633,0.0,74.6240005493164,True,True,76.36000061035156,0.0,85.6760025024414,True,True,62.900001525878906,0.0,81.71600341796875,True,True,100.0,0.0,76.49600219726562,True,True,56.2599983215332,0.0,75.36199951171875,True,True,71.2300033569336,0.0,77.37799835205078,True,True,100.0,0.0,82.77799987792969,True,True,-25.0,-0.19999998807907104,,,,47.965999603271484,210.0019989013672,48.54199981689453,168.0,42.0,
2021-08-10 16:45:00,,,,,82.1500015258789,0.0,77.34200286865234,True,True,100.0,0.0,75.4520034790039,True,True,100.0,0.0,75.68599700927734,True,True,95.79000091552734,0.0,100.9219970703125,True,True,56.77000045776367,0.0,74.58799743652344,True,True,82.20999908447266,0.0,85.63999938964844,True,True,85.87999725341797,0.0,81.93199920654297,True,True,100.0,0.0,76.47799682617188,True,True,70.95999908447266,0.0,75.4520034790039,True,True,72.36000061035156,0.0,77.39600372314453,True,True,100.0,0.0,83.26399993896484,True,True,-25.0,-0.14000000059604645,,,,47.7859992980957,210.0019989013672,48.21799850463867,168.0,42.0,
2021-08-10 17:00:00,,,,,86.58000183105469,0.0,77.1259994506836,True,True,100.0,0.0,75.47000122070312,True,True,100.0,0.0,75.66799926757812,True,True,96.9000015258789,0.0,100.2020034790039,True,True,62.369998931884766,0.0,74.66000366210938,True,True,75.70999908447266,0.0,84.73999786376953,True,True,65.43000030517578,0.0,81.5,True,True,100.0,0.0,76.45999908447266,True,True,58.0099983215332,0.0,75.39800262451172,True,True,77.19000244140625,0.0,77.73799896240234,True,True,98.4800033569336,0.0,82.38200378417969,True,True,-25.0,-0.20999999344348907,,,,50.737998962402344,210.0019989013672,50.071998596191406,168.0,42.0,
2021-08-10 17:15:00,,,,,100.0,0.0,77.0,True,True,100.0,0.0,75.61399841308594,True,True,100.0,0.0,75.83000183105469,True,True,100.0,0.0,99.78800201416016,True,True,65.33999633789062,0.0,74.64199829101562,True,True,94.30000305175781,0.0,84.16400146484375,True,True,64.5999984741211,0.0,81.31999969482422,True,True,100.0,0.0,76.56800079345703,True,True,54.869998931884766,0.0,75.43399810791016,True,True,78.55000305175781,0.0,77.55799865722656,True,True,98.02999877929688,0.0,82.34600067138672,True,True,-25.0,-0.17000000178813934,,,,50.540000915527344,210.0019989013672,51.20600128173828,160.0,40.0,
2021-08-10 17:30:00,,,,,88.83999633789062,0.0,79.66400146484375,True,True,100.0,0.0,75.63200378417969,True,True,100.0,0.0,75.9739990234375,True,True,100.0,0.0,100.86799621582031,True,True,60.349998474121094,0.0,74.64199829101562,True,True,85.83999633789062,0.0,84.18199920654297,True,True,65.30000305175781,0.0,80.61799621582031,True,True,100.0,0.0,76.51399993896484,True,True,64.1500015258789,0.0,75.47000122070312,True,True,82.29000091552734,0.0,77.54000091552734,True,True,97.58999633789062,0.0,81.33799743652344,True,True,-25.0,-0.17000000178813934,,,,48.83000183105469,210.0019989013672,49.29800033569336,168.0,42.0,
2021-08-10 17:45:00,,,,,89.5999984741211,0.0,79.91600036621094,True,True,99.58000183105469,0.0,75.81199645996094,True,True,100.0,0.0,75.9020004272461,True,True,99.7699966430664,0.0,100.77799987792969,True,True,58.65999984741211,0.0,74.6240005493164,True,True,84.4800033569336,0.0,83.06600189208984,True,True,88.54000091552734,0.0,79.62799835205078,True,True,100.0,0.0,76.44200134277344,True,True,73.58000183105469,0.0,75.41600036621094,True,True,85.86000061035156,0.0,77.50399780273438,True,True,100.0,0.0,80.33000183105469,True,True,-25.0,-0.19999998807907104,,,,47.875999450683594,210.0019989013672,48.36199951171875,168.0,42.0,
2021-08-10 18:00:00,,,,,96.88999938964844,0.0,80.16799926757812,True,True,100.0,0.0,75.81199645996094,True,True,100.0,0.0,75.81199645996094,True,True,98.63999938964844,0.0,100.47200012207031,True,True,57.79999923706055,0.0,74.49800109863281,True,True,82.5,0.0,82.70600128173828,True,True,70.5199966430664,0.0,79.59200286865234,True,True,100.0,0.0,76.65799713134766,True,True,66.45999908447266,0.0,75.54199981689453,True,True,96.51000213623047,0.0,77.66600036621094,True,True,75.45999908447266,0.0,80.2040023803711,True,True,-25.0,-0.17000000178813934,,,,47.731998443603516,210.0019989013672,48.18199920654297,160.0,40.0,
2021-08-10 18:15:00,,,,,97.47000122070312,0.0,79.21399688720703,True,True,100.0,0.0,75.8479995727539,True,True,100.0,0.0,75.8479995727539,True,True,99.08000183105469,0.0,99.78800201416016,True,True,61.72999954223633,0.0,74.4800033569336,True,True,82.80999755859375,0.0,81.80599975585938,True,True,68.44000244140625,0.0,79.25,True,True,100.0,0.0,77.01799774169922,True,True,62.72999954223633,0.0,75.4520034790039,True,True,86.81999969482422,0.0,77.59400177001953,True,True,74.37999725341797,0.0,79.35800170898438,True,True,-25.0,-0.17000000178813934,,,,47.65999984741211,210.0019989013672,48.07400131225586,168.0,42.0,
2021-08-10 18:30:00,,,,,94.22000122070312,0.0,78.13400268554688,True,True,100.0,0.0,75.95600128173828,True,True,100.0,0.0,75.75800323486328,True,True,98.69000244140625,0.0,97.86199951171875,True,True,56.630001068115234,0.0,74.4260025024414,True,True,82.31999969482422,0.0,80.99600219726562,True,True,66.19000244140625,0.0,78.76399993896484,True,True,100.0,0.0,76.83799743652344,True,True,61.0099983215332,0.0,75.21800231933594,True,True,86.56999969482422,0.0,77.50399780273438,True,True,73.7300033569336,0.0,78.80000305175781,True,True,-25.0,-0.1899999976158142,,,,47.858001708984375,210.0019989013672,48.145999908447266,160.0,40.0,
2021-08-10 18:45:00,,,,,95.13999938964844,0.0,77.46800231933594,True,True,99.43000030517578,0.0,75.9739990234375,True,True,100.0,0.0,75.81199645996094,True,True,99.31999969482422,0.0,97.06999969482422,True,True,54.22999954223633,0.0,74.38999938964844,True,True,78.7699966430664,0.0,80.31199645996094,True,True,66.13999938964844,0.0,78.33200073242188,True,True,100.0,0.0,76.51399993896484,True,True,57.5099983215332,0.0,75.19999694824219,True,True,81.83999633789062,0.0,77.3239974975586,True,True,75.22000122070312,0.0,78.0979995727539,True,True,-25.0,-0.14999999105930328,,,,47.263999938964844,210.0019989013672,47.7140007019043,160.0,40.0,
2021-08-10 19:00:00,,,,,92.23999786376953,0.0,76.69400024414062,True,True,96.8499984741211,0.0,76.01000213623047,True,True,100.0,0.0,75.73999786376953,True,True,99.16000366210938,0.0,96.88999938964844,True,True,57.95000076293945,0.0,74.40799713134766,True,True,81.56999969482422,0.0,79.26799774169922,True,True,65.19999694824219,0.0,77.39600372314453,True,True,100.0,0.0,76.40599822998047,True,True,54.43000030517578,0.0,75.14600372314453,True,True,77.16999816894531,0.0,77.30599975585938,True,True,66.3499984741211,0.0,76.83799743652344,True,True,-25.0,-0.1899999976158142,,,,47.10200119018555,210.0019989013672,47.51599884033203,160.0,40.0,
2021-08-10 19:15:00,,,,,94.70999908447266,0.0,76.33399963378906,True,True,100.0,0.0,75.93800354003906,True,True,100.0,0.0,75.68599700927734,True,True,98.63999938964844,0.0,97.68199920654297,True,True,52.529998779296875,0.0,74.37200164794922,True,True,74.29000091552734,0.0,78.24199676513672,True,True,64.91000366210938,0.0,76.38800048828125,True,True,100.0,0.0,76.62200164794922,True,True,52.75,0.0,75.09200286865234,True,True,78.12999725341797,0.0,77.14399719238281,True,True,66.95999908447266,0.0,75.5780029296875,True,True,-25.0,-0.2199999988079071,,,,46.849998474121094,210.0019989013672,47.15599822998047,160.0,40.0,
2021-08-10 19:30:00,,,,,94.29000091552734,0.0,75.6500015258789,True,True,97.01000213623047,0.0,75.99199676513672,True,True,100.0,0.0,75.68599700927734,True,True,98.33999633789062,0.0,96.60199737548828,True,True,52.400001525878906,0.0,74.30000305175781,True,True,73.37999725341797,0.0,77.52200317382812,True,True,63.90999984741211,0.0,75.59600067138672,True,True,100.0,0.0,76.27999877929688,True,True,52.099998474121094,0.0,75.05599975585938,True,True,77.2699966430664,0.0,77.1259994506836,True,True,62.11000061035156,0.0,74.66000366210938,True,True,-25.0,-0.2199999988079071,,,,46.47200012207031,210.0019989013672,46.95800018310547,152.0,38.0,
2021-08-10 19:45:00,,,,,95.08000183105469,0.0,75.25399780273438,True,True,100.0,0.0,75.99199676513672,True,True,100.0,0.0,75.6500015258789,True,True,97.08000183105469,0.0,95.86399841308594,True,True,53.34000015258789,0.0,74.28199768066406,True,True,72.2300033569336,0.0,77.10800170898438,True,True,62.459999084472656,0.0,74.85800170898438,True,True,100.0,0.0,76.2979965209961,True,True,50.97999954223633,0.0,75.00199890136719,True,True,68.37999725341797,0.0,76.98200225830078,True,True,63.54999923706055,0.0,73.76000213623047,True,True,-25.0,-0.20999999344348907,,,,46.34600067138672,210.0019989013672,46.79600143432617,160.0,40.0,
2021-08-10 20:00:00,,,,,86.80999755859375,0.0,75.0739974975586,True,True,100.0,0.0,76.02799987792969,True,True,100.0,0.0,75.68599700927734,True,True,96.4000015258789,0.0,95.43199920654297,True,True,55.459999084472656,0.0,74.30000305175781,True,True,67.44999694824219,0.0,76.60399627685547,True,True,61.9900016784668,0.0,74.0479965209961,True,True,100.0,0.0,76.22599792480469,True,True,51.029998779296875,0.0,74.947998046875,True,True,73.86000061035156,0.0,77.01799774169922,True,True,63.52000045776367,0.0,72.80599975585938,True,True,-25.0,-0.20999999344348907,,,,46.327999114990234,210.0019989013672,46.7239990234375,152.0,38.0,
2021-08-10 20:15:00,,,,,90.16000366210938,0.0,75.18199920654297,True,True,100.0,0.0,75.79399871826172,True,True,100.0,0.0,75.63200378417969,True,True,92.26000213623047,0.0,96.0260009765625,True,True,51.54999923706055,0.0,74.28199768066406,True,True,69.0999984741211,0.0,76.19000244140625,True,True,60.70000076293945,0.0,73.5260009765625,True,True,100.0,0.0,76.15399932861328,True,True,49.810001373291016,0.0,75.00199890136719,True,True,67.62000274658203,0.0,76.96399688720703,True,True,59.5,0.0,72.2300033569336,True,True,-25.0,-0.20999999344348907,,,,46.07600021362305,210.0019989013672,46.47200012207031,160.0,40.0,
2021-08-10 20:30:00,,,,,89.76000213623047,0.0,74.89399719238281,True,True,95.36000061035156,0.0,75.99199676513672,True,True,100.0,0.0,75.59600067138672,True,True,89.93000030517578,0.0,96.2239990234375,True,True,50.75,0.0,74.22799682617188,True,True,69.37999725341797,0.0,75.75800323486328,True,True,59.83000183105469,0.0,72.89600372314453,True,True,100.0,0.0,76.08200073242188,True,True,49.2599983215332,0.0,74.947998046875,True,True,71.43000030517578,0.0,76.96399688720703,True,True,58.83000183105469,0.0,71.43800354003906,True,True,-25.0,-0.17000000178813934,,,,45.78799819946289,210.0019989013672,46.25600051879883,160.0,40.0,
2021-08-10 20:45:00,,,,,89.0199966430664,0.0,74.66000366210938,True,True,100.0,0.0,75.99199676513672,True,True,100.0,0.0,75.54199981689453,True,True,88.5,0.0,95.50399780273438,True,True,49.29999923706055,0.0,74.20999908447266,True,True,71.81999969482422,0.0,75.43399810791016,True,True,60.84000015258789,0.0,72.53600311279297,True,True,100.0,0.0,75.95600128173828,True,True,48.90999984741211,0.0,74.78600311279297,True,True,64.76000213623047,0.0,76.9280014038086,True,True,58.5,0.0,71.09600067138672,True,True,-25.0,-0.1599999964237213,,,,45.40999984741211,210.0019989013672,45.87799835205078,152.0,38.0,
2021-08-10 21:00:00,,,,,91.22000122070312,0.0,74.75,True,True,100.0,0.0,75.8479995727539,True,True,100.0,0.0,75.52400207519531,True,True,81.37999725341797,0.0,94.85600280761719,True,True,48.43000030517578,0.0,74.15599822998047,True,True,66.01000213623047,0.0,75.18199920654297,True,True,59.650001525878906,0.0,72.60800170898438,True,True,100.0,0.0,76.1719970703125,True,True,48.52000045776367,0.0,74.91200256347656,True,True,62.209999084472656,0.0,76.89199829101562,True,True,58.27000045776367,0.0,71.2760009765625,True,True,-25.0,-0.23999999463558197,,,,45.06800079345703,210.0019989013672,45.518001556396484,152.0,38.0,
2021-08-10 21:15:00,,,,,86.16999816894531,0.0,74.71399688720703,True,True,95.30000305175781,0.0,75.59600067138672,True,True,100.0,0.0,75.48799896240234,True,True,85.75,0.0,95.30599975585938,True,True,48.470001220703125,0.0,74.15599822998047,True,True,60.31999969482422,0.0,74.56999969482422,True,True,57.439998626708984,0.0,72.03199768066406,True,True,100.0,0.0,75.86599731445312,True,True,49.779998779296875,0.0,74.83999633789062,True,True,64.86000061035156,0.0,76.89199829101562,True,True,56.599998474121094,0.0,70.71800231933594,True,True,-25.0,-0.1599999964237213,,,,44.94200134277344,210.0019989013672,45.374000549316406,160.0,40.0,
2021-08-10 21:30:00,,,,,84.8499984741211,0.0,74.53399658203125,True,True,97.72000122070312,0.0,75.7040023803711,True,True,100.0,0.0,75.4520034790039,True,True,80.05999755859375,0.0,95.14399719238281,True,True,45.630001068115234,0.0,74.12000274658203,True,True,59.380001068115234,0.0,74.12000274658203,True,True,56.34000015258789,0.0,72.03199768066406,True,True,100.0,0.0,75.9020004272461,True,True,50.31999969482422,0.0,74.91200256347656,True,True,55.0099983215332,1.340000033378601,76.78399658203125,True,True,56.11000061035156,0.0,70.86199951171875,True,True,-25.0,-0.20999999344348907,,,,44.672000885009766,210.0019989013672,45.15800094604492,152.0,38.0,
2021-08-10 21:45:00,,,,,84.9800033569336,0.0,74.0479965209961,True,True,100.0,0.0,75.75800323486328,True,True,100.0,0.0,75.4520034790039,True,True,76.8499984741211,0.0,94.78399658203125,True,True,49.11000061035156,0.0,74.10199737548828,True,True,58.029998779296875,0.0,73.81400299072266,True,True,55.77000045776367,0.0,72.03199768066406,True,True,100.0,0.0,75.88400268554688,True,True,49.13999938964844,0.0,74.98400115966797,True,True,61.97999954223633,0.0,76.78399658203125,True,True,56.060001373291016,0.0,70.86199951171875,True,True,-25.0,-0.17000000178813934,,,,44.54600143432617,210.0019989013672,44.94200134277344,152.0,38.0,
2021-08-10 22:00:00,,,,,76.12000274658203,0.0,74.0479965209961,True,True,100.0,0.0,75.27200317382812,True,True,100.0,0.0,75.37999725341797,True,True,77.94999694824219,0.0,94.71199798583984,True,True,47.54999923706055,0.0,74.12000274658203,True,True,64.7300033569336,0.0,73.77799987792969,True,True,54.70000076293945,0.0,72.24800109863281,True,True,100.0,0.0,75.79399871826172,True,True,47.810001373291016,0.0,74.83999633789062,True,True,61.45000076293945,0.0,76.78399658203125,True,True,57.16999816894531,0.0,70.89800262451172,True,True,-25.0,-0.1899999976158142,,,,44.20399856567383,210.0019989013672,44.672000885009766,152.0,38.0,
2021-08-10 22:15:00,,,,,77.73999786376953,0.0,73.90399932861328,True,True,100.0,0.0,75.4520034790039,True,True,100.0,0.0,75.34400177001953,True,True,72.4000015258789,0.0,94.78399658203125,True,True,42.959999084472656,0.0,74.08399963378906,True,True,59.880001068115234,0.0,73.41799926757812,True,True,53.91999816894531,0.0,72.1760025024414,True,True,100.0,0.0,75.54199981689453,True,True,46.52000045776367,0.0,74.80400085449219,True,True,56.959999084472656,0.0,76.76599884033203,True,True,55.849998474121094,0.0,70.71800231933594,True,True,-25.0,-0.1899999976158142,,,,44.060001373291016,210.0019989013672,44.492000579833984,160.0,40.0,
2021-08-10 22:30:00,,,,,75.91999816894531,0.0,73.66999816894531,True,True,100.0,0.0,75.59600067138672,True,True,100.0,0.0,75.36199951171875,True,True,68.97000122070312,0.0,94.2979965209961,True,True,42.279998779296875,0.0,73.97599792480469,True,True,54.66999816894531,0.0,73.38200378417969,True,True,53.36000061035156,0.0,71.90599822998047,True,True,93.80000305175781,0.0,75.68599700927734,True,True,48.02000045776367,0.0,74.83999633789062,True,True,56.380001068115234,0.0,76.74800109863281,True,True,54.18000030517578,0.0,70.53800201416016,True,True,-25.0,-0.2199999988079071,,,,43.880001068115234,210.0019989013672,44.3120002746582,152.0,38.0,
2021-08-10 22:45:00,,,,,76.75,0.0,73.43599700927734,True,True,100.0,0.0,75.4520034790039,True,True,100.0,0.0,75.30799865722656,True,True,71.93000030517578,0.0,94.60399627685547,True,True,49.880001068115234,0.0,74.0479965209961,True,True,56.380001068115234,0.0,73.66999816894531,True,True,52.65999984741211,0.0,71.7979965209961,True,True,98.54000091552734,0.0,75.79399871826172,True,True,46.56999969482422,0.0,74.85800170898438,True,True,58.900001525878906,0.0,76.6760025024414,True,True,53.279998779296875,0.0,70.3759994506836,True,True,-25.0,-0.1899999976158142,,,,43.80799865722656,210.0019989013672,44.20399856567383,152.0,38.0,
2021-08-10 23:00:00,,,,,73.97000122070312,0.0,73.5979995727539,True,True,98.38999938964844,0.0,75.54199981689453,True,True,100.0,0.0,75.36199951171875,True,True,66.70999908447266,0.0,94.71199798583984,True,True,43.52000045776367,0.0,73.99400329589844,True,True,71.30000305175781,0.0,73.5260009765625,True,True,51.79999923706055,0.0,71.65399932861328,True,True,99.61000061035156,0.0,75.7760009765625,True,True,45.150001525878906,0.0,74.80400085449219,True,True,53.75,0.0,76.65799713134766,True,True,53.63999938964844,0.0,70.3759994506836,True,True,-25.0,-0.1899999976158142,,,,43.465999603271484,210.0019989013672,43.95199966430664,152.0,38.0,
2021-08-10 23:15:00,,,,,89.04000091552734,0.0,74.13800048828125,True,True,100.0,0.0,75.23600006103516,True,True,100.0,0.0,75.39800262451172,True,True,82.66999816894531,0.0,94.89199829101562,True,True,49.88999938964844,0.0,74.10199737548828,True,True,71.06999969482422,0.0,73.36399841308594,True,True,49.65999984741211,0.0,71.2760009765625,True,True,96.25,0.0,75.75800323486328,True,True,42.16999816894531,0.0,74.80400085449219,True,True,54.150001525878906,0.0,76.60399627685547,True,True,48.22999954223633,0.0,70.052001953125,True,True,-25.0,-0.17000000178813934,,,,43.71799850463867,210.0019989013672,44.22200012207031,152.0,38.0,
2021-08-10 23:30:00,,,,,88.0999984741211,0.0,74.4800033569336,True,True,97.79000091552734,0.0,75.47000122070312,True,True,100.0,0.0,75.5780029296875,True,True,84.61000061035156,0.0,94.60399627685547,True,True,61.029998779296875,0.0,74.12000274658203,True,True,68.97000122070312,0.0,73.61599731445312,True,True,52.77000045776367,0.0,71.2040023803711,True,True,100.0,0.0,75.7040023803711,True,True,45.029998779296875,0.0,74.8759994506836,True,True,55.220001220703125,0.0,76.65799713134766,True,True,51.16999816894531,0.0,70.10600280761719,True,True,-25.0,-0.19999998807907104,,,,44.257999420166016,210.0019989013672,44.54600143432617,152.0,38.0,
2021-08-10 23:45:00,,,,,100.0,0.0,74.38999938964844,True,True,100.0,0.0,75.5780029296875,True,True,100.0,0.0,75.59600067138672,True,True,89.9800033569336,0.0,94.06400299072266,True,True,55.7400016784668,0.0,74.19200134277344,True,True,73.88999938964844,0.0,74.12000274658203,True,True,66.04000091552734,0.0,71.74400329589844,True,True,100.0,0.0,75.72200012207031,True,True,54.65999984741211,0.0,74.73200225830078,True,True,67.37000274658203,0.0,76.60399627685547,True,True,64.06999969482422,0.0,70.447998046875,True,True,-25.0,-0.20999999344348907,,,,46.99399948120117,210.0019989013672,47.5880012512207,152.0,38.0,
2021-08-11 00:00:00,,,,,90.48999786376953,0.0,74.56999969482422,True,True,100.0,0.0,75.72200012207031,True,True,100.0,0.0,75.68599700927734,True,True,96.76000213623047,0.0,94.35199737548828,True,True,59.619998931884766,0.0,74.19200134277344,True,True,79.20999908447266,0.0,74.02999877929688,True,True,62.34000015258789,0.0,71.4020004272461,True,True,100.0,0.0,75.72200012207031,True,True,53.70000076293945,0.0,74.91200256347656,True,True,65.98999786376953,0.0,76.65799713134766,True,True,61.2400016784668,0.0,70.3759994506836,True,True,-25.0,-0.1899999976158142,,,,45.13999938964844,210.0019989013672,45.481998443603516,152.0,38.0,
2021-08-11 00:15:00,,,,,94.62999725341797,0.0,74.8219985961914,True,True,100.0,0.0,75.81199645996094,True,True,100.0,0.0,75.72200012207031,True,True,99.0,0.0,94.1719970703125,True,True,55.81999969482422,0.0,74.28199768066406,True,True,80.55000305175781,0.0,73.88600158691406,True,True,66.62999725341797,0.0,71.4739990234375,True,True,100.0,0.0,75.86599731445312,True,True,55.9900016784668,0.0,74.89399719238281,True,True,67.13999938964844,0.0,76.71199798583984,True,True,63.95000076293945,0.0,70.19599914550781,True,True,-25.0,-0.17000000178813934,,,,44.72600173950195,210.0019989013672,45.194000244140625,152.0,38.0,
2021-08-11 00:30:00,,,,,92.0199966430664,0.0,74.75,True,True,100.0,0.0,75.83000183105469,True,True,100.0,0.0,75.73999786376953,True,True,100.0,0.0,94.53199768066406,True,True,57.72999954223633,0.0,74.22799682617188,True,True,81.93000030517578,0.0,73.95800018310547,True,True,69.0,0.0,71.31199645996094,True,True,100.0,0.0,75.9739990234375,True,True,58.720001220703125,0.0,74.947998046875,True,True,77.61000061035156,0.0,76.71199798583984,True,True,69.93000030517578,0.0,70.21399688720703,True,True,-25.0,-0.2199999988079071,,,,46.20199966430664,210.0019989013672,45.44599914550781,160.0,40.0,
2021-08-11 00:45:00,,,,,97.9800033569336,0.0,74.91200256347656,True,True,100.0,0.0,77.57599639892578,True,True,100.0,0.0,75.81199645996094,True,True,100.0,0.0,94.58599853515625,True,True,60.79999923706055,0.0,74.13800048828125,True,True,88.08999633789062,0.0,74.56999969482422,True,True,67.5199966430664,0.0,71.56400299072266,True,True,100.0,0.0,75.9739990234375,True,True,59.08000183105469,0.0,74.96600341796875,True,True,74.0999984741211,0.0,76.65799713134766,True,True,69.6500015258789,0.0,70.62799835205078,True,True,-25.0,-0.17000000178813934,,,,44.04199981689453,210.0019989013672,44.52799987792969,152.0,38.0,
2021-08-11 01:00:00,,,,,99.6500015258789,0.0,74.53399658203125,True,True,100.0,0.0,77.84600067138672,True,True,100.0,0.0,75.9020004272461,True,True,100.0,0.0,95.03600311279297,True,True,59.54999923706055,0.0,74.17400360107422,True,True,88.8499984741211,0.0,74.38999938964844,True,True,69.36000061035156,0.0,72.10399627685547,True,True,100.0,0.0,75.91999816894531,True,True,59.619998931884766,0.0,74.93000030517578,True,True,78.38999938964844,0.0,76.60399627685547,True,True,70.98999786376953,0.0,71.11399841308594,True,True,-25.0,-0.2199999988079071,,,,45.91400146484375,210.0019989013672,46.36399841308594,160.0,40.0,
2021-08-11 01:15:00,,,,,100.0,0.0,74.75,True,True,100.0,0.0,78.45800018310547,True,True,100.0,0.0,75.81199645996094,True,True,100.0,0.0,94.74800109863281,True,True,62.220001220703125,0.0,74.12000274658203,True,True,92.19999694824219,0.0,74.6780014038086,True,True,72.13999938964844,0.0,72.1760025024414,True,True,100.0,0.0,76.13600158691406,True,True,61.5099983215332,0.0,74.93000030517578,True,True,75.97000122070312,0.0,76.60399627685547,True,True,72.56999969482422,0.0,71.2760009765625,True,True,-25.0,-0.19999998807907104,,,,47.22800064086914,210.0019989013672,47.7859992980957,152.0,38.0,
2021-08-11 01:30:00,,,,,84.86000061035156,0.0,74.93000030517578,True,True,100.0,0.0,83.69599914550781,True,True,100.0,0.0,75.9020004272461,True,True,100.0,0.0,95.14399719238281,True,True,69.54000091552734,0.0,74.12000274658203,True,True,96.47000122070312,0.0,74.53399658203125,True,True,69.45999908447266,0.0,71.90599822998047,True,True,100.0,0.0,76.15399932861328,True,True,58.54999923706055,0.0,74.91200256347656,True,True,82.20999908447266,0.0,76.60399627685547,True,True,70.69999694824219,0.0,71.04199981689453,True,True,-25.0,-0.20999999344348907,,,,46.34600067138672,210.0019989013672,46.7599983215332,152.0,38.0,
2021-08-11 01:45:00,,,,,88.66999816894531,0.0,74.89399719238281,True,True,100.0,0.0,88.14199829101562,True,True,100.0,0.0,75.93800354003906,True,True,100.0,0.0,94.71199798583984,True,True,58.599998474121094,0.0,74.08399963378906,True,True,97.93000030517578,0.0,74.75,True,True,72.37000274658203,0.0,71.74400329589844,True,True,100.0,0.0,76.15399932861328,True,True,59.7400016784668,0.0,74.85800170898438,True,True,82.88999938964844,0.0,76.53199768066406,True,True,72.68000030517578,0.0,70.86199951171875,True,True,-25.0,-0.20999999344348907,,,,46.310001373291016,210.0019989013672,46.6879997253418,160.0,40.0,
2021-08-11 02:00:00,,,,,85.23999786376953,0.0,74.71399688720703,True,True,100.0,0.0,93.14600372314453,True,True,100.0,0.0,75.9739990234375,True,True,100.0,0.0,94.1719970703125,True,True,65.52999877929688,0.0,74.17400360107422,True,True,97.48999786376953,0.0,74.75,True,True,75.83999633789062,0.0,71.63600158691406,True,True,100.0,0.0,76.0459976196289,True,True,63.29999923706055,0.0,74.89399719238281,True,True,82.5199966430664,0.0,76.51399993896484,True,True,76.41999816894531,0.0,70.84400177001953,True,True,-25.0,-0.1899999976158142,,,,46.20199966430664,210.0019989013672,46.66999816894531,160.0,40.0,
2021-08-11 02:15:00,,,,,88.04000091552734,0.0,74.08399963378906,True,True,100.0,0.0,93.61399841308594,True,True,100.0,0.0,75.9739990234375,True,True,100.0,0.0,94.53199768066406,True,True,60.72999954223633,0.0,74.08399963378906,True,True,100.0,0.0,74.6240005493164,True,True,76.37000274658203,0.0,71.76200103759766,True,True,100.0,0.0,76.20800018310547,True,True,62.099998474121094,0.0,74.80400085449219,True,True,85.30000305175781,0.0,76.49600219726562,True,True,77.05999755859375,0.0,70.93399810791016,True,True,-25.0,-0.19999998807907104,,,,46.20199966430664,210.0019989013672,46.652000427246094,152.0,38.0,
2021-08-11 02:30:00,,,,,91.47000122070312,0.0,73.43599700927734,True,True,100.0,0.0,93.25399780273438,True,True,100.0,0.0,76.01000213623047,True,True,100.0,0.0,94.06400299072266,True,True,68.4000015258789,0.0,74.06600189208984,True,True,100.0,0.0,74.28199768066406,True,True,80.02999877929688,0.0,71.7979965209961,True,True,100.0,0.0,76.15399932861328,True,True,64.0,0.0,74.76799774169922,True,True,90.30000305175781,0.0,76.53199768066406,True,True,78.33000183105469,0.0,71.02400207519531,True,True,-25.0,-0.17000000178813934,,,,46.54399871826172,210.0019989013672,46.6879997253418,160.0,40.0,
2021-08-11 02:45:00,,,,,96.88999938964844,0.0,73.07599639892578,True,True,100.0,0.0,93.36199951171875,True,True,100.0,0.0,76.01000213623047,True,True,100.0,0.0,93.81199645996094,True,True,64.5199966430664,0.0,73.99400329589844,True,True,92.37000274658203,0.0,74.26399993896484,True,True,77.7699966430664,0.0,71.85199737548828,True,True,100.0,0.0,76.01000213623047,True,True,64.44999694824219,0.0,74.8219985961914,True,True,87.66000366210938,0.0,76.51399993896484,True,True,79.68000030517578,0.0,71.0780029296875,True,True,-25.0,-0.1599999964237213,,,,46.29199981689453,210.0019989013672,46.70600128173828,160.0,40.0,
2021-08-11 03:00:00,,,,,100.0,0.0,72.91400146484375,True,True,100.0,0.0,93.79399871826172,True,True,100.0,0.0,76.06400299072266,True,True,100.0,0.0,94.71199798583984,True,True,70.16000366210938,0.0,74.02999877929688,True,True,95.83999633789062,0.0,73.88600158691406,True,True,79.66999816894531,0.0,71.45600128173828,True,True,100.0,0.0,75.93800354003906,True,True,65.2699966430664,0.0,74.78600311279297,True,True,92.7300033569336,0.0,76.47799682617188,True,True,81.18000030517578,0.0,70.53800201416016,True,True,-25.0,-0.1599999964237213,,,,46.27399826049805,210.0019989013672,46.7239990234375,152.0,38.0,
2021-08-11 03:15:00,,,,,100.0,0.0,73.00399780273438,True,True,100.0,0.0,83.22799682617188,True,True,100.0,0.0,76.0459976196289,True,True,100.0,0.0,94.8740005493164,True,True,61.369998931884766,0.0,73.97599792480469,True,True,95.4000015258789,0.0,74.37200164794922,True,True,82.0999984741211,0.0,71.04199981689453,True,True,100.0,0.0,75.9020004272461,True,True,65.97000122070312,0.0,74.78600311279297,True,True,91.55000305175781,0.0,76.47799682617188,True,True,82.94999694824219,0.0,70.052001953125,True,True,-25.0,-0.1899999976158142,,,,46.417999267578125,210.0019989013672,46.79600143432617,160.0,40.0,
2021-08-11 03:30:00,,,,,100.0,0.0,72.91400146484375,True,True,100.0,0.0,92.80400085449219,True,True,100.0,0.0,76.08200073242188,True,True,100.0,0.0,94.1719970703125,True,True,73.80999755859375,0.0,74.01200103759766,True,True,100.0,0.0,74.13800048828125,True,True,82.6500015258789,0.0,70.91600036621094,True,True,100.0,0.0,75.8479995727539,True,True,66.27999877929688,0.0,74.80400085449219,True,True,98.0999984741211,0.0,76.47799682617188,True,True,81.20999908447266,0.0,69.90799713134766,True,True,-25.0,-0.17000000178813934,,,,46.45399856567383,210.0019989013672,46.86800003051758,160.0,40.0,
2021-08-11 03:45:00,,,,,100.0,0.0,72.60800170898438,True,True,100.0,0.0,93.12799835205078,True,True,100.0,0.0,76.11799621582031,True,True,100.0,0.0,94.35199737548828,True,True,65.95999908447266,0.0,73.99400329589844,True,True,84.94000244140625,0.0,73.7239990234375,True,True,84.02999877929688,0.0,70.82599639892578,True,True,100.0,0.0,75.6500015258789,True,True,66.55000305175781,0.0,74.73200225830078,True,True,97.87000274658203,0.0,76.44200134277344,True,True,85.62000274658203,0.0,69.94400024414062,True,True,-25.0,-0.20999999344348907,,,,46.36399841308594,210.0019989013672,46.79600143432617,152.0,38.0,
2021-08-11 04:00:00,,,,,100.0,0.0,72.53600311279297,True,True,100.0,0.0,93.48799896240234,True,True,100.0,0.0,76.0459976196289,True,True,100.0,0.0,94.44200134277344,True,True,65.2300033569336,0.0,73.97599792480469,True,True,90.13999938964844,0.0,73.7239990234375,True,True,84.72000122070312,0.0,70.77200317382812,True,True,100.0,0.0,75.95600128173828,True,True,66.97000122070312,0.0,74.6240005493164,True,True,100.0,0.0,76.42400360107422,True,True,86.63999938964844,0.0,69.87200164794922,True,True,-25.0,-0.11999999731779099,,,,46.07600021362305,210.0019989013672,46.4900016784668,160.0,40.0,
2021-08-11 04:15:00,,,,,100.0,0.0,72.6259994506836,True,True,100.0,0.0,91.95800018310547,True,True,100.0,0.0,76.0459976196289,True,True,100.0,0.0,95.14399719238281,True,True,62.189998626708984,0.0,73.94000244140625,True,True,82.37000274658203,0.0,73.48999786376953,True,True,85.44999694824219,0.0,70.59200286865234,True,True,100.0,0.0,75.72200012207031,True,True,67.51000213623047,0.0,74.69599914550781,True,True,99.20999908447266,0.0,76.42400360107422,True,True,87.44999694824219,0.0,69.69200134277344,True,True,-25.0,-0.17000000178813934,,,,46.70600128173828,210.0019989013672,46.90399932861328,160.0,40.0,
2021-08-11 04:30:00,,,,,100.0,0.0,72.64399719238281,True,True,100.0,0.0,92.40799713134766,True,True,100.0,0.0,75.95600128173828,True,True,100.0,0.0,94.98200225830078,True,True,60.43000030517578,0.0,73.88600158691406,True,True,80.62999725341797,0.0,73.29199981689453,True,True,85.26000213623047,0.0,70.41200256347656,True,True,100.0,0.0,75.81199645996094,True,True,66.16999816894531,0.0,74.53399658203125,True,True,100.0,0.0,76.35199737548828,True,True,87.86000061035156,0.0,69.47599792480469,True,True,-25.0,-0.19999998807907104,,,,44.52799987792969,210.0019989013672,45.013999938964844,160.0,40.0,
2021-08-11 04:45:00,,,,,100.0,0.0,72.73400115966797,True,True,100.0,0.0,93.30799865722656,True,True,100.0,0.0,75.8479995727539,True,True,99.80999755859375,0.0,93.63200378417969,True,True,64.61000061035156,0.0,73.83200073242188,True,True,82.41000366210938,0.0,73.48999786376953,True,True,78.26000213623047,0.0,70.39399719238281,True,True,100.0,0.0,75.66799926757812,True,True,61.09000015258789,0.0,74.6240005493164,True,True,97.12000274658203,0.0,76.35199737548828,True,True,82.06999969482422,0.0,69.47599792480469,True,True,-25.0,-0.14999999105930328,,,,44.36600112915039,210.0019989013672,44.762001037597656,152.0,38.0,
2021-08-11 05:00:00,,,,,89.3499984741211,0.0,73.34600067138672,True,True,97.44999694824219,0.0,90.60800170898438,True,True,100.0,0.0,75.91999816894531,True,True,99.75,0.0,94.24400329589844,True,True,54.20000076293945,0.0,73.81400299072266,True,True,81.26000213623047,0.0,73.07599639892578,True,True,73.31999969482422,0.0,70.41200256347656,True,True,100.0,0.0,75.61399841308594,True,True,56.869998931884766,0.0,74.49800109863281,True,True,88.56999969482422,0.0,76.24400329589844,True,True,76.22000122070312,0.0,69.45800018310547,True,True,-25.0,-0.1599999964237213,,,,44.13199996948242,210.0019989013672,44.492000579833984,160.0,40.0,
2021-08-11 05:15:00,,,,,84.02999877929688,0.0,74.46199798583984,True,True,100.0,0.0,93.34400177001953,True,True,100.0,0.0,75.9020004272461,True,True,95.51000213623047,0.0,93.63200378417969,True,True,60.88999938964844,0.0,73.88600158691406,True,True,77.12000274658203,0.0,73.12999725341797,True,True,69.2300033569336,0.0,70.48400115966797,True,True,100.0,0.0,75.50599670410156,True,True,53.880001068115234,0.0,74.4800033569336,True,True,85.04000091552734,0.0,76.13600158691406,True,True,68.52999877929688,0.0,69.65599822998047,True,True,-25.0,-0.14999999105930328,,,,44.060001373291016,210.0019989013672,44.492000579833984,160.0,40.0,
2021-08-11 05:30:00,,,,,78.45999908447266,0.0,74.76799774169922,True,True,100.0,0.0,92.26399993896484,True,True,100.0,0.0,75.7040023803711,True,True,98.83000183105469,0.0,93.41600036621094,True,True,60.06999969482422,0.0,73.81400299072266,True,True,77.47000122070312,0.0,73.54399871826172,True,True,67.75,0.0,70.66400146484375,True,True,100.0,0.0,75.52400207519531,True,True,52.959999084472656,0.0,74.46199798583984,True,True,83.19000244140625,0.0,76.08200073242188,True,True,89.30000305175781,0.0,69.76399993896484,True,True,-25.0,-0.1599999964237213,,,,43.95199966430664,210.0019989013672,44.36600112915039,152.0,38.0,
2021-08-11 05:45:00,,,,,81.75,0.0,74.96600341796875,True,True,100.0,0.0,94.15399932861328,True,True,100.0,0.0,75.7040023803711,True,True,93.91999816894531,0.0,94.24400329589844,True,True,54.5,0.0,73.90399932861328,True,True,72.94000244140625,0.0,74.75,True,True,66.29000091552734,0.0,70.84400177001953,True,True,99.8499984741211,0.0,75.47000122070312,True,True,51.9900016784668,0.0,74.44400024414062,True,True,82.75,0.0,76.13600158691406,True,True,66.11000061035156,0.0,70.03399658203125,True,True,-25.0,-0.2199999988079071,,,,44.18600082397461,210.0019989013672,44.54600143432617,152.0,38.0,
2021-08-11 06:00:00,,,,,85.33999633789062,0.0,75.7040023803711,True,True,100.0,0.0,94.11799621582031,True,True,100.0,0.0,75.66799926757812,True,True,93.5,0.0,95.3239974975586,True,True,59.20000076293945,0.0,73.90399932861328,True,True,70.66000366210938,0.0,75.5780029296875,True,True,64.0,0.0,71.5459976196289,True,True,96.7300033569336,0.0,75.52400207519531,True,True,52.02000045776367,0.0,74.4260025024414,True,True,83.70999908447266,0.0,76.06400299072266,True,True,67.80999755859375,0.0,71.13200378417969,True,True,-25.0,-0.17000000178813934,,,,44.36600112915039,210.0019989013672,44.762001037597656,160.0,40.0,
2021-08-11 06:15:00,,,,,82.19000244140625,0.0,75.86599731445312,True,True,100.0,0.0,91.68800354003906,True,True,100.0,0.0,75.66799926757812,True,True,93.6500015258789,0.0,94.37000274658203,True,True,55.97999954223633,0.0,73.90399932861328,True,True,70.13999938964844,0.0,75.7760009765625,True,True,62.59000015258789,0.0,72.4280014038086,True,True,100.0,0.0,75.59600067138672,True,True,50.939998626708984,0.0,74.44400024414062,True,True,74.94999694824219,0.0,76.0459976196289,True,True,63.7400016784668,0.0,72.06800079345703,True,True,-25.0,-0.1599999964237213,,,,44.52799987792969,210.0019989013672,44.88800048828125,160.0,40.0,
2021-08-11 06:30:00,,,,,78.2699966430664,0.0,76.02799987792969,True,True,100.0,0.0,90.302001953125,True,True,100.0,0.0,75.7760009765625,True,True,96.25,0.0,95.23400115966797,True,True,58.5,0.0,73.94000244140625,True,True,77.58999633789062,0.0,76.38800048828125,True,True,65.7300033569336,0.0,73.50800323486328,True,True,100.0,0.0,75.75800323486328,True,True,50.599998474121094,0.0,74.37200164794922,True,True,70.5199966430664,0.0,76.0459976196289,True,True,62.619998931884766,0.0,73.7239990234375,True,True,-25.0,-0.1899999976158142,,,,44.90599822998047,210.0019989013672,45.26599884033203,152.0,38.0,
2021-08-11 06:45:00,,,,,78.02999877929688,0.0,76.01000213623047,True,True,100.0,0.0,89.97799682617188,True,True,100.0,0.0,75.63200378417969,True,True,99.05000305175781,0.0,94.35199737548828,True,True,54.15999984741211,0.0,73.97599792480469,True,True,78.22000122070312,0.0,76.98200225830078,True,True,62.63999938964844,0.0,73.70600128173828,True,True,100.0,0.0,75.5780029296875,True,True,50.900001525878906,0.0,74.44400024414062,True,True,75.98999786376953,0.0,76.0459976196289,True,True,61.59000015258789,0.0,73.81400299072266,True,True,-25.0,-0.19999998807907104,,,,44.97800064086914,210.0019989013672,45.40999984741211,160.0,40.0,
2021-08-11 07:00:00,,,,,82.91000366210938,0.0,77.41400146484375,True,True,100.0,0.0,96.31400299072266,True,True,100.0,0.0,75.6500015258789,True,True,100.0,0.0,101.40799713134766,True,True,52.27000045776367,0.0,74.01200103759766,True,True,73.2699966430664,0.0,77.86399841308594,True,True,62.099998474121094,0.0,74.28199768066406,True,True,100.0,0.0,75.7040023803711,True,True,50.04999923706055,0.0,74.40799713134766,True,True,70.87000274658203,0.0,76.02799987792969,True,True,60.630001068115234,0.0,74.552001953125,True,True,-25.0,-0.17000000178813934,,,,45.194000244140625,210.0019989013672,45.5359992980957,160.0,40.0,
2021-08-11 07:15:00,,,,,86.69000244140625,0.0,77.84600067138672,True,True,100.0,0.0,93.86599731445312,True,True,100.0,0.0,75.66799926757812,True,True,100.0,0.0,97.01599884033203,True,True,49.5099983215332,0.0,74.06600189208984,True,True,71.0199966430664,0.0,78.60199737548828,True,True,62.630001068115234,0.0,74.8219985961914,True,True,100.0,0.0,75.75800323486328,True,True,49.58000183105469,0.0,74.4800033569336,True,True,69.76000213623047,0.0,76.11799621582031,True,True,60.459999084472656,0.0,75.27200317382812,True,True,-25.0,-0.1599999964237213,,,,45.428001403808594,210.0019989013672,45.91400146484375,152.0,38.0,
2021-08-11 07:30:00,,,,,82.81999969482422,0.0,79.14199829101562,True,True,100.0,0.0,85.33399963378906,True,True,100.0,0.0,75.7760009765625,True,True,100.0,0.0,97.26799774169922,True,True,55.470001220703125,0.0,74.22799682617188,True,True,68.30000305175781,0.0,80.31199645996094,True,True,62.38999938964844,0.0,75.95600128173828,True,True,100.0,0.0,75.7760009765625,True,True,48.970001220703125,0.0,74.53399658203125,True,True,68.2300033569336,0.0,76.13600158691406,True,True,66.08999633789062,0.0,76.62200164794922,True,True,-25.0,-0.14000000059604645,,,,46.7239990234375,210.0019989013672,46.7239990234375,160.0,40.0,
2021-08-11 07:45:00,,,,,80.66999816894531,0.0,80.77999877929688,True,True,100.0,0.0,79.9520034790039,True,True,100.0,0.0,75.66799926757812,True,True,100.0,0.0,97.53800201416016,True,True,56.209999084472656,0.0,74.4260025024414,True,True,76.63999938964844,0.0,82.30999755859375,True,True,60.59000015258789,0.0,76.40599822998047,True,True,100.0,0.0,75.68599700927734,True,True,51.060001373291016,0.0,74.58799743652344,True,True,78.05000305175781,0.0,76.1719970703125,True,True,62.779998779296875,0.0,77.39600372314453,True,True,-25.0,-0.10999999940395355,,,,45.84199905395508,210.0019989013672,46.20199966430664,152.0,38.0,
2021-08-11 08:00:00,,,,,80.2300033569336,0.0,82.5260009765625,True,True,100.0,0.0,83.76799774169922,True,True,97.77999877929688,0.0,75.68599700927734,True,True,100.0,0.0,98.22200012207031,True,True,47.459999084472656,0.0,74.552001953125,True,True,65.9000015258789,0.0,83.20999908447266,True,True,59.95000076293945,0.0,78.00800323486328,True,True,100.0,0.0,75.7760009765625,True,True,48.779998779296875,0.0,74.6240005493164,True,True,67.26000213623047,0.0,76.2979965209961,True,True,63.209999084472656,0.0,79.5739974975586,True,True,-25.0,79.51000213623047,,,,46.507999420166016,210.0019989013672,46.90399932861328,168.0,42.0,
2021-08-11 08:15:00,,,,,64.1500015258789,0.0,82.09400177001953,True,True,87.4000015258789,0.0,76.8740005493164,True,True,94.69000244140625,0.0,75.63200378417969,True,True,100.0,0.0,98.31199645996094,True,True,46.880001068115234,0.0,74.40799713134766,True,True,67.93000030517578,0.0,83.6780014038086,True,True,62.88999938964844,0.0,79.87999725341797,True,True,100.0,0.0,75.95600128173828,True,True,51.11000061035156,0.0,74.73200225830078,True,True,63.630001068115234,0.0,76.40599822998047,True,True,67.2300033569336,0.0,81.86000061035156,True,True,-25.0,79.31999969482422,,,,46.99399948120117,210.0019989013672,47.40800094604492,160.0,40.0,
2021-08-11 08:30:00,,,,,65.66999816894531,0.0,81.44599914550781,True,True,85.97000122070312,0.0,76.2979965209961,True,True,81.26000213623047,0.0,75.55999755859375,True,True,100.0,0.0,97.97000122070312,True,True,45.58000183105469,0.0,74.26399993896484,True,True,59.810001373291016,0.0,83.0479965209961,True,True,65.05000305175781,0.0,80.83399963378906,True,True,100.0,0.0,76.02799987792969,True,True,52.33000183105469,0.0,74.91200256347656,True,True,65.69000244140625,0.0,76.71199798583984,True,True,66.9800033569336,0.0,83.552001953125,True,True,-25.0,74.30000305175781,,,,47.534000396728516,210.0019989013672,47.89400100708008,168.0,42.0,
2021-08-11 08:45:00,,,,,65.52999877929688,0.0,80.81600189208984,True,True,91.33999633789062,0.0,76.02799987792969,True,True,85.2699966430664,0.0,75.50599670410156,True,True,100.0,0.0,97.21399688720703,True,True,45.40999984741211,0.0,74.26399993896484,True,True,59.880001068115234,0.0,82.50800323486328,True,True,66.7699966430664,0.0,82.11199951171875,True,True,100.0,0.0,76.02799987792969,True,True,55.869998931884766,0.0,74.91200256347656,True,True,67.62000274658203,0.0,76.71199798583984,True,True,66.55000305175781,0.0,84.32599639892578,True,True,-25.0,72.70999908447266,,,,47.75,210.0019989013672,48.145999908447266,160.0,40.0,
2021-08-11 09:00:00,,,,,66.30999755859375,0.0,81.13999938964844,True,True,96.83000183105469,0.0,75.99199676513672,True,True,93.80999755859375,0.0,75.54199981689453,True,True,100.0,0.0,97.5739974975586,True,True,45.0,0.0,74.35399627685547,True,True,59.529998779296875,0.0,83.85800170898438,True,True,55.869998931884766,0.0,81.10399627685547,True,True,96.02999877929688,0.0,75.93800354003906,True,True,45.75,0.0,75.0199966430664,True,True,57.209999084472656,0.0,76.78399658203125,True,True,63.119998931884766,0.0,82.68800354003906,True,True,-25.0,75.0999984741211,,,,47.80400085449219,210.0019989013672,48.30799865722656,168.0,42.0,
2021-08-11 09:15:00,,,,,64.54000091552734,0.0,81.64399719238281,True,True,100.0,0.0,75.99199676513672,True,True,86.81999969482422,0.0,75.48799896240234,True,True,100.0,0.0,98.2760009765625,True,True,51.540000915527344,0.0,74.4800033569336,True,True,62.86000061035156,0.0,85.15399932861328,True,True,55.16999816894531,0.0,80.2040023803711,True,True,96.2300033569336,0.0,75.83000183105469,True,True,44.5,0.0,74.96600341796875,True,True,55.56999969482422,0.0,76.76599884033203,True,True,63.83000183105469,0.0,80.99600219726562,True,True,-25.0,77.80999755859375,,,,49.316001892089844,210.0019989013672,49.40599822998047,168.0,42.0,
2021-08-11 09:30:00,,,,,68.79000091552734,0.0,81.5719985961914,True,True,100.0,0.0,76.02799987792969,True,True,91.33000183105469,0.0,75.43399810791016,True,True,100.0,0.0,98.22200012207031,True,True,51.09000015258789,0.0,74.37200164794922,True,True,64.81999969482422,0.0,84.93800354003906,True,True,55.2400016784668,0.0,80.16799926757812,True,True,92.66999816894531,0.0,75.9739990234375,True,True,46.09000015258789,0.0,75.0199966430664,True,True,55.130001068115234,0.0,76.71199798583984,True,True,59.81999969482422,0.0,81.41000366210938,True,True,-25.0,77.81999969482422,,,,55.88600158691406,210.0019989013672,55.939998626708984,168.0,42.0,
2021-08-11 09:45:00,,,,,75.37000274658203,0.0,81.75199890136719,True,True,100.0,0.0,76.13600158691406,True,True,100.0,0.0,75.68599700927734,True,True,100.0,0.0,97.86199951171875,True,True,48.25,0.0,74.4800033569336,True,True,68.08000183105469,0.0,85.26200103759766,True,True,54.70000076293945,0.0,80.95999908447266,True,True,95.62999725341797,0.0,76.0459976196289,True,True,45.43000030517578,0.0,75.03800201416016,True,True,59.560001373291016,0.0,76.85600280761719,True,True,67.26000213623047,0.0,82.6520004272461,True,True,-25.0,90.88999938964844,,,,49.71200180053711,210.0019989013672,50.198001861572266,168.0,42.0,
2021-08-11 10:00:00,,,,,64.86000061035156,0.0,81.58999633789062,True,True,100.0,0.0,76.1719970703125,True,True,100.0,0.0,75.59600067138672,True,True,100.0,0.0,98.52799987792969,True,True,53.4900016784668,0.0,74.53399658203125,True,True,69.55999755859375,0.0,85.83799743652344,True,True,57.400001525878906,0.0,81.8239974975586,True,True,95.0199966430664,0.0,75.99199676513672,True,True,48.43000030517578,0.0,75.09200286865234,True,True,55.5,0.0,76.89199829101562,True,True,63.93000030517578,0.0,83.8219985961914,True,True,-25.0,87.38999938964844,,,,49.928001403808594,210.0019989013672,50.37799835205078,168.0,42.0,
2021-08-11 10:15:00,,,,,94.6500015258789,0.0,81.6259994506836,True,True,100.0,0.0,76.49600219726562,True,True,100.0,0.0,75.75800323486328,True,True,100.0,0.0,97.14199829101562,True,True,70.05000305175781,0.0,74.58799743652344,True,True,86.77999877929688,0.0,85.65799713134766,True,True,63.70000076293945,0.0,82.00399780273438,True,True,100.0,0.0,76.0459976196289,True,True,46.7400016784668,0.0,75.11000061035156,True,True,66.66000366210938,0.0,77.0719985961914,True,True,76.05000305175781,0.0,83.8759994506836,True,True,-25.0,99.95999908447266,,,,55.25600051879883,210.0019989013672,56.263999938964844,184.0,46.0,
2021-08-11 10:30:00,,,,,79.43000030517578,0.0,81.94999694824219,True,True,99.05999755859375,0.0,76.40599822998047,True,True,96.9000015258789,0.0,75.75800323486328,True,True,98.44000244140625,0.0,97.43000030517578,True,True,56.150001525878906,0.0,74.56999969482422,True,True,77.12999725341797,0.0,85.42400360107422,True,True,58.83000183105469,0.0,82.00399780273438,True,True,100.0,0.0,76.11799621582031,True,True,48.47999954223633,0.0,75.18199920654297,True,True,56.47999954223633,0.0,77.0719985961914,True,True,61.81999969482422,0.0,83.69599914550781,True,True,-25.0,99.76000213623047,,,,51.27799987792969,210.0019989013672,51.74599838256836,168.0,42.0,
2021-08-11 10:45:00,,,,,76.6500015258789,0.0,82.30999755859375,True,True,100.0,0.0,76.6760025024414,True,True,100.0,0.0,75.7040023803711,True,True,98.41000366210938,0.0,98.2760009765625,True,True,53.54999923706055,0.0,74.58799743652344,True,True,78.0,0.0,86.64800262451172,True,True,68.80999755859375,0.0,82.09400177001953,True,True,100.0,0.0,76.13600158691406,True,True,53.939998626708984,0.0,75.12799835205078,True,True,61.33000183105469,0.0,76.98200225830078,True,True,75.51000213623047,0.0,84.03800201416016,True,True,-25.0,92.0199966430664,,,,50.32400131225586,210.0019989013672,50.75600051879883,176.0,44.0,
2021-08-11 11:00:00,,,,,76.26000213623047,0.0,82.47200012207031,True,True,100.0,0.0,76.01000213623047,True,True,98.56999969482422,0.0,75.7040023803711,True,True,99.95999908447266,0.0,99.12200164794922,True,True,54.790000915527344,0.0,74.56999969482422,True,True,71.80999755859375,0.0,86.43199920654297,True,True,71.06999969482422,0.0,81.93199920654297,True,True,98.1500015258789,0.0,76.26200103759766,True,True,49.970001220703125,0.0,75.34400177001953,True,True,67.30999755859375,0.0,77.0719985961914,True,True,91.76000213623047,0.0,83.69599914550781,True,True,-25.0,90.58999633789062,,,,49.85599899291992,210.0019989013672,50.23400115966797,176.0,44.0,
2021-08-11 11:15:00,,,,,71.3499984741211,0.0,81.06800079345703,True,True,100.0,0.0,75.88400268554688,True,True,95.70999908447266,0.0,75.63200378417969,True,True,93.9000015258789,0.0,100.02200317382812,True,True,50.400001525878906,0.0,74.58799743652344,True,True,71.33000183105469,0.0,87.11599731445312,True,True,66.7300033569336,0.0,82.36399841308594,True,True,99.25,0.0,76.13600158691406,True,True,49.560001373291016,0.0,75.27200317382812,True,True,64.55999755859375,0.0,76.98200225830078,True,True,77.66000366210938,0.0,84.34400177001953,True,True,-25.0,87.4800033569336,,,,49.74800109863281,210.0019989013672,50.198001861572266,168.0,42.0,
2021-08-11 11:30:00,,,,,100.0,0.0,81.19400024414062,True,True,100.0,0.0,75.8479995727539,True,True,100.0,0.0,75.72200012207031,True,True,98.7699966430664,0.0,100.66999816894531,True,True,67.98999786376953,0.0,74.8219985961914,True,True,88.54000091552734,0.0,88.53800201416016,True,True,60.93000030517578,0.0,82.47200012207031,True,True,92.54000091552734,0.0,76.1719970703125,True,True,48.349998474121094,0.0,75.27200317382812,True,True,59.58000183105469,0.0,76.96399688720703,True,True,72.87999725341797,0.0,84.27200317382812,True,True,-25.0,96.20999908447266,,,,58.11800003051758,210.0019989013672,59.486000061035156,168.0,42.0,
2021-08-11 11:45:00,,,,,89.19000244140625,0.0,82.27400207519531,True,True,89.75,0.0,75.75800323486328,True,True,97.37999725341797,0.0,75.73999786376953,True,True,98.5999984741211,0.0,101.89399719238281,True,True,55.34000015258789,0.0,74.6240005493164,True,True,76.0999984741211,0.0,89.77999877929688,True,True,60.029998779296875,0.0,82.7239990234375,True,True,90.52999877929688,0.0,76.15399932861328,True,True,46.029998779296875,0.0,75.14600372314453,True,True,59.41999816894531,0.0,76.96399688720703,True,True,68.22000122070312,0.0,84.66799926757812,True,True,-25.0,92.36000061035156,,,,52.268001556396484,210.0019989013672,52.736000061035156,176.0,44.0,
2021-08-11 12:00:00,,,,,76.48999786376953,0.0,80.49199676513672,True,True,93.33000183105469,0.0,75.79399871826172,True,True,95.58000183105469,0.0,75.68599700927734,True,True,93.44999694824219,0.0,101.28199768066406,True,True,50.90999984741211,0.0,74.58799743652344,True,True,76.5,0.0,89.94200134277344,True,True,59.869998931884766,0.0,83.10199737548828,True,True,97.13999938964844,0.0,76.11799621582031,True,True,48.29999923706055,0.0,75.16400146484375,True,True,53.81999969482422,0.0,77.01799774169922,True,True,70.12999725341797,0.0,85.2979965209961,True,True,-25.0,85.51000213623047,,,,49.90999984741211,210.0019989013672,50.36000061035156,168.0,42.0,
2021-08-11 12:15:00,,,,,85.0199966430664,0.0,82.6520004272461,True,True,97.45999908447266,0.0,75.79399871826172,True,True,100.0,0.0,75.68599700927734,True,True,100.0,0.0,100.7239990234375,True,True,66.26000213623047,0.0,74.69599914550781,True,True,93.31999969482422,0.0,89.49199676513672,True,True,72.4800033569336,0.0,83.60600280761719,True,True,100.0,0.0,76.26200103759766,True,True,53.880001068115234,0.0,75.32599639892578,True,True,70.26000213623047,0.0,77.10800170898438,True,True,76.26000213623047,0.0,85.96399688720703,True,True,-25.0,99.98999786376953,,,,51.97999954223633,210.0019989013672,52.62799835205078,176.0,44.0,
2021-08-11 12:30:00,,,,,72.45999908447266,0.0,83.31800079345703,True,True,85.58999633789062,0.0,75.86599731445312,True,True,90.25,0.0,75.75800323486328,True,True,93.33999633789062,0.0,102.66799926757812,True,True,50.7599983215332,0.0,74.75,True,True,74.58000183105469,0.0,89.81600189208984,True,True,62.79999923706055,0.0,77.77400207519531,True,True,100.0,0.0,76.15399932861328,True,True,48.33000183105469,0.0,75.25399780273438,True,True,59.150001525878906,0.0,76.96399688720703,True,True,63.880001068115234,0.0,85.83799743652344,True,True,-25.0,89.7300033569336,,,,50.1619987487793,210.0019989013672,50.737998962402344,168.0,42.0,
2021-08-11 12:45:00,,,,,82.27999877929688,0.0,82.88600158691406,True,True,100.0,0.0,75.81199645996094,True,True,98.94000244140625,0.0,75.81199645996094,True,True,100.0,0.0,100.9219970703125,True,True,55.81999969482422,0.0,74.76799774169922,True,True,88.0199966430664,0.0,90.4280014038086,True,True,64.88999938964844,0.0,76.98200225830078,True,True,98.87999725341797,0.0,76.08200073242188,True,True,52.54999923706055,0.0,75.18199920654297,True,True,56.02000045776367,0.0,76.96399688720703,True,True,72.97000122070312,0.0,86.0719985961914,True,True,-25.0,99.95999908447266,,,,52.34000015258789,210.0019989013672,53.077999114990234,168.0,42.0,
2021-08-11 13:00:00,,,,,73.5199966430664,0.0,83.6780014038086,True,True,98.97000122070312,0.0,75.81199645996094,True,True,92.7300033569336,0.0,75.73999786376953,True,True,89.91999816894531,0.0,103.40599822998047,True,True,50.70000076293945,0.0,74.85800170898438,True,True,79.54000091552734,0.0,90.78800201416016,True,True,63.439998626708984,0.0,83.38999938964844,True,True,93.69999694824219,0.0,76.0999984741211,True,True,51.31999969482422,0.0,75.25399780273438,True,True,61.119998931884766,0.0,77.08999633789062,True,True,71.76000213623047,0.0,85.96399688720703,True,True,-25.0,92.80000305175781,,,,50.05400085449219,210.0019989013672,50.540000915527344,176.0,44.0,
2021-08-11 13:15:00,,,,,82.9800033569336,0.0,83.31800079345703,True,True,100.0,0.0,75.8479995727539,True,True,86.91000366210938,0.0,75.68599700927734,True,True,90.02999877929688,0.0,102.54199981689453,True,True,50.689998626708984,0.0,74.73200225830078,True,True,74.12999725341797,0.0,91.41799926757812,True,True,81.23999786376953,0.0,78.31400299072266,True,True,94.04000091552734,0.0,76.2979965209961,True,True,56.52000045776367,0.0,75.16400146484375,True,True,61.63999938964844,0.0,77.01799774169922,True,True,91.7300033569336,0.0,86.43199920654297,True,True,-25.0,92.86000061035156,,,,57.18199920654297,210.0019989013672,55.220001220703125,168.0,42.0,
2021-08-11 13:30:00,,,,,98.02999877929688,0.0,82.86799621582031,True,True,100.0,0.0,75.63200378417969,True,True,99.12999725341797,0.0,75.86599731445312,True,True,100.0,0.0,104.21600341796875,True,True,60.5,0.0,75.00199890136719,True,True,100.0,0.0,92.22799682617188,True,True,55.9900016784668,0.0,77.39600372314453,True,True,99.30000305175781,0.0,76.45999908447266,True,True,47.88999938964844,0.0,75.34400177001953,True,True,59.529998779296875,0.0,77.0719985961914,True,True,76.76000213623047,0.0,87.18800354003906,True,True,-25.0,100.0,,,,52.645999908447266,210.0019989013672,53.00600051879883,176.0,44.0,
2021-08-11 13:45:00,,,,,87.55000305175781,0.0,82.99400329589844,True,True,98.68000030517578,0.0,75.93800354003906,True,True,97.9800033569336,0.0,75.83000183105469,True,True,94.16000366210938,0.0,105.33200073242188,True,True,56.290000915527344,0.0,74.96600341796875,True,True,86.7300033569336,0.0,92.35399627685547,True,True,69.02999877929688,0.0,84.11000061035156,True,True,93.66000366210938,0.0,76.35199737548828,True,True,44.52000045776367,0.0,75.27200317382812,True,True,57.70000076293945,0.0,77.16200256347656,True,True,73.05999755859375,0.0,87.36799621582031,True,True,-25.0,93.87000274658203,,,,52.448001861572266,210.0019989013672,52.75400161743164,168.0,42.0,
2021-08-11 14:00:00,,,,,93.8499984741211,0.0,82.81400299072266,True,True,100.0,0.0,75.81199645996094,True,True,94.31999969482422,0.0,75.8479995727539,True,True,93.98999786376953,0.0,105.04399871826172,True,True,54.189998626708984,0.0,74.947998046875,True,True,87.7699966430664,0.0,92.31800079345703,True,True,79.36000061035156,0.0,75.50599670410156,True,True,100.0,0.0,76.40599822998047,True,True,68.37999725341797,0.0,75.43399810791016,True,True,83.86000061035156,0.0,77.14399719238281,True,True,100.0,0.0,88.26799774169922,True,True,-25.0,73.5199966430664,,,,51.097999572753906,210.0019989013672,51.58399963378906,168.0,42.0,
2021-08-11 14:15:00,,,,,98.6500015258789,0.0,84.12799835205078,True,True,100.0,0.0,75.95600128173828,True,True,98.81999969482422,0.0,75.9739990234375,True,True,100.0,0.0,105.87200164794922,True,True,61.099998474121094,0.0,75.09200286865234,True,True,100.0,0.0,91.99400329589844,True,True,67.73999786376953,0.0,84.30799865722656,True,True,98.37000274658203,0.0,76.62200164794922,True,True,56.77000045776367,0.0,75.50599670410156,True,True,71.55999755859375,0.0,77.72000122070312,True,True,89.83000183105469,0.0,88.26799774169922,True,True,-25.0,99.98999786376953,,,,52.84400177001953,210.0019989013672,53.402000427246094,176.0,44.0,
2021-08-11 14:30:00,,,,,89.81999969482422,0.0,82.18399810791016,True,True,99.38999938964844,0.0,76.02799987792969,True,True,100.0,0.0,75.9020004272461,True,True,98.68000030517578,0.0,106.77200317382812,True,True,54.59000015258789,0.0,74.98400115966797,True,True,87.66999816894531,0.0,91.00399780273438,True,True,62.63999938964844,0.0,76.35199737548828,True,True,96.58000183105469,0.0,76.49600219726562,True,True,50.4900016784668,0.0,75.61399841308594,True,True,63.029998779296875,0.0,77.3239974975586,True,True,90.62999725341797,0.0,88.08799743652344,True,True,-25.0,98.54000091552734,,,,52.15999984741211,210.0019989013672,52.68199920654297,168.0,42.0,
2021-08-11 14:45:00,,,,,100.0,0.0,82.74199676513672,True,True,100.0,0.0,76.13600158691406,True,True,100.0,0.0,75.93800354003906,True,True,100.0,0.0,106.23200225830078,True,True,71.36000061035156,0.0,75.14600372314453,True,True,100.0,0.0,91.74199676513672,True,True,86.69999694824219,0.0,81.86000061035156,True,True,95.91999816894531,0.0,76.63999938964844,True,True,67.36000061035156,0.0,75.59600067138672,True,True,68.91999816894531,0.0,77.61199951171875,True,True,100.0,0.0,87.90799713134766,True,True,-25.0,100.0,,,,64.68800354003906,210.0019989013672,65.49800109863281,176.0,44.0,
2021-08-11 15:00:00,,,,,88.9000015258789,0.0,81.96800231933594,True,True,100.0,0.0,76.08200073242188,True,True,100.0,0.0,76.13600158691406,True,True,100.0,0.0,106.41200256347656,True,True,61.22999954223633,0.0,75.18199920654297,True,True,77.63999938964844,0.0,91.56199645996094,True,True,68.77999877929688,0.0,78.90799713134766,True,True,100.0,0.0,76.71199798583984,True,True,53.7400016784668,0.0,75.79399871826172,True,True,69.30999755859375,0.0,77.72000122070312,True,True,91.30000305175781,0.0,87.85399627685547,True,True,-25.0,100.0,,,,53.45600128173828,210.0019989013672,53.869998931884766,168.0,42.0,
2021-08-11 15:15:00,,,,,84.68000030517578,0.0,82.07599639892578,True,True,95.80999755859375,0.0,76.15399932861328,True,True,99.3499984741211,0.0,75.99199676513672,True,True,94.0199966430664,0.0,104.52200317382812,True,True,55.720001220703125,0.0,74.947998046875,True,True,74.3499984741211,0.0,89.85199737548828,True,True,54.939998626708984,0.14999999105930328,75.11000061035156,True,True,97.08000183105469,0.0,76.58599853515625,True,True,53.380001068115234,0.0,75.72200012207031,True,True,66.81999969482422,0.0,77.55799865722656,True,True,89.62000274658203,0.0,87.0260009765625,True,True,-25.0,100.0,,,,52.10599899291992,210.0019989013672,52.50199890136719,176.0,44.0,
2021-08-11 15:30:00,,,,,79.23999786376953,0.0,83.38999938964844,True,True,100.0,0.0,76.1719970703125,True,True,99.81999969482422,0.0,75.99199676513672,True,True,92.33999633789062,0.0,104.66600036621094,True,True,58.41999816894531,0.0,74.947998046875,True,True,76.63999938964844,0.0,89.63600158691406,True,True,90.5999984741211,0.0,84.30799865722656,True,True,100.0,0.0,76.78399658203125,True,True,74.5999984741211,0.0,76.08200073242188,True,True,99.0999984741211,0.0,78.18800354003906,True,True,100.0,0.0,85.8740005493164,True,True,-25.0,98.41000366210938,,,,52.01599884033203,210.0019989013672,52.50199890136719,176.0,44.0,
2021-08-11 15:45:00,,,,,75.58999633789062,0.0,82.6520004272461,True,True,100.0,0.0,76.1719970703125,True,True,100.0,0.0,76.01000213623047,True,True,94.56999969482422,0.0,104.88200378417969,True,True,58.58000183105469,0.0,74.98400115966797,True,True,71.70999908447266,0.0,89.85199737548828,True,True,70.94000244140625,0.0,76.56800079345703,True,True,97.95999908447266,0.0,76.69400024414062,True,True,61.349998474121094,0.0,75.88400268554688,True,True,80.55999755859375,0.0,77.93599700927734,True,True,89.72000122070312,0.0,85.1719970703125,True,True,-25.0,98.73999786376953,,,,63.3380012512207,210.0019989013672,63.6619987487793,176.0,44.0,
2021-08-11 16:00:00,,,,,80.47000122070312,0.0,82.41799926757812,True,True,90.93000030517578,0.0,76.13600158691406,True,True,94.47000122070312,0.0,76.08200073242188,True,True,99.56999969482422,0.0,104.1259994506836,True,True,56.33000183105469,0.0,75.12799835205078,True,True,72.88999938964844,0.0,88.77200317382812,True,True,72.23999786376953,0.0,78.96199798583984,True,True,95.73999786376953,0.0,76.65799713134766,True,True,62.33000183105469,0.0,75.81199645996094,True,True,78.83000183105469,0.0,77.68399810791016,True,True,90.48999786376953,0.0,83.947998046875,True,True,-25.0,99.98999786376953,,,,51.96200180053711,210.0019989013672,52.465999603271484,168.0,42.0,
2021-08-11 16:15:00,,,,,83.70999908447266,0.0,82.63400268554688,True,True,96.11000061035156,0.0,76.13600158691406,True,True,96.95999908447266,0.0,76.0459976196289,True,True,95.58999633789062,0.0,105.2959976196289,True,True,58.16999816894531,0.0,74.91200256347656,True,True,75.22000122070312,0.0,89.02400207519531,True,True,70.26000213623047,0.0,82.83200073242188,True,True,100.0,0.0,76.63999938964844,True,True,58.68000030517578,0.0,75.7040023803711,True,True,76.27999877929688,0.0,77.86399841308594,True,True,90.73999786376953,0.0,83.8759994506836,True,True,-25.0,96.91000366210938,,,,51.20600128173828,210.0019989013672,51.58399963378906,176.0,44.0,
2021-08-11 16:30:00,,,,,82.36000061035156,0.0,81.71600341796875,True,True,95.9000015258789,0.0,76.08200073242188,True,True,92.94999694824219,0.0,75.99199676513672,True,True,94.8499984741211,0.0,104.48600006103516,True,True,52.939998626708984,0.0,74.947998046875,True,True,67.36000061035156,0.0,88.89800262451172,True,True,88.05999755859375,0.0,83.06600189208984,True,True,100.0,0.0,76.76599884033203,True,True,71.44999694824219,0.0,75.88400268554688,True,True,99.66000366210938,0.0,77.97200012207031,True,True,100.0,0.0,83.947998046875,True,True,-25.0,99.95999908447266,,,,50.84600067138672,210.0019989013672,51.242000579833984,176.0,44.0,
2021-08-11 16:45:00,,,,,77.81999969482422,0.0,81.28399658203125,True,True,99.95999908447266,0.0,76.1719970703125,True,True,93.5,0.0,75.93800354003906,True,True,86.88999938964844,0.0,104.36000061035156,True,True,51.720001220703125,0.0,74.91200256347656,True,True,62.27000045776367,0.0,88.5739974975586,True,True,71.13999938964844,0.0,82.99400329589844,True,True,97.0199966430664,0.0,76.89199829101562,True,True,64.36000061035156,0.0,75.7760009765625,True,True,79.6500015258789,0.0,78.06199645996094,True,True,92.29000091552734,0.0,83.69599914550781,True,True,-25.0,96.94999694824219,,,,50.36000061035156,210.0019989013672,50.86399841308594,176.0,44.0,
2021-08-11 17:00:00,,,,,70.79000091552734,0.0,80.43800354003906,True,True,100.0,0.0,76.22599792480469,True,True,90.66999816894531,0.0,75.8479995727539,True,True,87.06999969482422,0.0,104.0,True,True,70.30000305175781,0.0,74.96600341796875,True,True,68.62999725341797,0.0,87.87200164794922,True,True,75.23999786376953,0.0,82.50800323486328,True,True,96.94999694824219,0.0,76.63999938964844,True,True,59.61000061035156,0.0,75.7040023803711,True,True,77.43000030517578,0.0,78.0260009765625,True,True,90.54000091552734,0.0,83.15599822998047,True,True,-25.0,95.69000244140625,,,,49.81999969482422,210.0019989013672,50.305999755859375,168.0,42.0,
2021-08-11 17:15:00,,,,,71.70999908447266,0.0,81.06800079345703,True,True,96.41000366210938,0.0,76.15399932861328,True,True,92.97000122070312,0.0,75.8479995727539,True,True,85.79000091552734,0.0,103.98200225830078,True,True,52.650001525878906,0.0,74.947998046875,True,True,60.439998626708984,0.0,87.51200103759766,True,True,67.73999786376953,0.0,82.76000213623047,True,True,87.97000122070312,0.0,76.58599853515625,True,True,49.130001068115234,0.0,75.66799926757812,True,True,73.98999786376953,0.0,78.00800323486328,True,True,76.27999877929688,0.0,83.8219985961914,True,True,-25.0,90.51000213623047,,,,49.74800109863281,210.0019989013672,50.198001861572266,160.0,40.0,
2021-08-11 17:30:00,,,,,75.9000015258789,0.0,81.51799774169922,True,True,94.18000030517578,0.0,76.0459976196289,True,True,93.61000061035156,0.0,75.81199645996094,True,True,81.04000091552734,0.0,103.01000213623047,True,True,49.63999938964844,0.0,74.85800170898438,True,True,58.810001373291016,0.0,87.00800323486328,True,True,64.3499984741211,0.0,82.09400177001953,True,True,90.20999908447266,0.0,76.44200134277344,True,True,50.70000076293945,0.0,75.63200378417969,True,True,69.52999877929688,0.0,78.0260009765625,True,True,78.08999633789062,0.0,82.86799621582031,True,True,-25.0,90.9000015258789,,,,49.47800064086914,210.0019989013672,49.9640007019043,168.0,42.0,
2021-08-11 17:45:00,,,,,69.69999694824219,0.0,80.31199645996094,True,True,98.38999938964844,0.0,75.9739990234375,True,True,88.5199966430664,0.0,75.75800323486328,True,True,79.04000091552734,0.0,103.1719970703125,True,True,48.90999984741211,0.0,74.8759994506836,True,True,60.93000030517578,0.0,86.30599975585938,True,True,63.11000061035156,0.0,81.93199920654297,True,True,88.77999877929688,0.0,76.62200164794922,True,True,47.650001525878906,0.0,75.66799926757812,True,True,69.68000030517578,0.0,78.0260009765625,True,True,76.91000366210938,0.0,82.5979995727539,True,True,-25.0,89.3499984741211,,,,49.20800018310547,210.0019989013672,49.71200180053711,160.0,40.0,
2021-08-11 18:00:00,,,,,64.83999633789062,0.0,81.41000366210938,True,True,96.98999786376953,0.0,76.15399932861328,True,True,92.27999877929688,0.0,75.75800323486328,True,True,74.77999877929688,0.0,102.50599670410156,True,True,48.439998626708984,0.0,74.80400085449219,True,True,58.22999954223633,0.0,85.49600219726562,True,True,62.13999938964844,0.0,81.53600311279297,True,True,87.4000015258789,0.0,76.63999938964844,True,True,49.18000030517578,0.0,75.63200378417969,True,True,64.4000015258789,0.0,78.0979995727539,True,True,70.83999633789062,0.0,81.84200286865234,True,True,-25.0,85.37000274658203,,,,49.172000885009766,210.0019989013672,49.58599853515625,160.0,40.0,
2021-08-11 18:15:00,,,,,71.25,0.0,81.03199768066406,True,True,100.0,0.0,76.13600158691406,True,True,90.52999877929688,0.0,75.72200012207031,True,True,82.41999816894531,0.0,102.7040023803711,True,True,49.33000183105469,0.0,74.80400085449219,True,True,64.83999633789062,0.0,85.06400299072266,True,True,59.849998474121094,0.0,81.03199768066406,True,True,85.27999877929688,0.0,76.31600189208984,True,True,53.20000076293945,0.0,75.63200378417969,True,True,59.41999816894531,0.0,78.0979995727539,True,True,72.76000213623047,0.0,81.33799743652344,True,True,-25.0,92.81999969482422,,,,49.40599822998047,210.0019989013672,49.81999969482422,160.0,40.0,
2021-08-11 18:30:00,,,,,60.90999984741211,0.0,79.9520034790039,True,True,100.0,0.0,76.15399932861328,True,True,87.5,0.0,75.68599700927734,True,True,73.5999984741211,0.0,102.03800201416016,True,True,47.709999084472656,0.0,74.69599914550781,True,True,57.470001220703125,0.0,84.21800231933594,True,True,59.25,0.0,80.31199645996094,True,True,86.4000015258789,0.0,76.26200103759766,True,True,50.720001220703125,0.0,75.54199981689453,True,True,62.61000061035156,0.0,78.0979995727539,True,True,71.5,0.0,80.3479995727539,True,True,-25.0,84.87000274658203,,,,49.099998474121094,210.0019989013672,49.58599853515625,160.0,40.0,
2021-08-11 18:45:00,,,,,63.25,0.0,79.46600341796875,True,True,100.0,0.0,76.1719970703125,True,True,92.47000122070312,0.0,75.7040023803711,True,True,67.76000213623047,0.0,101.56999969482422,True,True,46.970001220703125,0.0,74.66000366210938,True,True,56.47999954223633,0.0,83.37200164794922,True,True,71.58000183105469,0.0,79.77200317382812,True,True,90.4800033569336,0.0,76.2979965209961,True,True,50.95000076293945,0.0,75.52400207519531,True,True,63.45000076293945,0.0,78.04399871826172,True,True,86.45999908447266,0.0,79.66400146484375,True,True,-25.0,76.4000015258789,,,,48.72200012207031,210.0019989013672,49.11800003051758,152.0,38.0,
2021-08-11 19:00:00,,,,,57.88999938964844,0.0,79.19599914550781,True,True,100.0,0.0,76.13600158691406,True,True,96.91000366210938,0.0,75.68599700927734,True,True,68.66999816894531,0.0,100.86799621582031,True,True,46.56999969482422,0.0,74.66000366210938,True,True,59.20000076293945,0.0,82.70600128173828,True,True,58.70000076293945,0.0,79.35800170898438,True,True,88.5199966430664,0.0,76.2979965209961,True,True,47.939998626708984,0.0,75.4520034790039,True,True,59.22999954223633,0.0,78.04399871826172,True,True,70.66999816894531,0.0,79.14199829101562,True,True,-25.0,74.05999755859375,,,,48.52399826049805,210.0019989013672,48.9379997253418,152.0,38.0,
2021-08-11 19:15:00,,,,,60.20000076293945,0.0,78.88999938964844,True,True,100.0,0.0,75.95600128173828,True,True,96.9000015258789,0.0,75.63200378417969,True,True,75.12000274658203,0.0,102.52400207519531,True,True,45.459999084472656,0.0,74.58799743652344,True,True,55.7400016784668,0.0,81.03199768066406,True,True,58.04999923706055,0.0,78.78199768066406,True,True,91.05000305175781,0.0,76.22599792480469,True,True,47.689998626708984,0.0,75.52400207519531,True,True,59.849998474121094,0.0,78.04399871826172,True,True,61.54999923706055,0.0,78.60199737548828,True,True,-25.0,72.8499984741211,,,,48.30799865722656,210.0019989013672,48.757999420166016,160.0,40.0,
2021-08-11 19:30:00,,,,,59.90999984741211,0.0,77.98999786376953,True,True,100.0,0.0,82.14800262451172,True,True,97.91000366210938,0.0,75.59600067138672,True,True,88.01000213623047,0.0,98.04199981689453,True,True,45.060001373291016,0.0,74.552001953125,True,True,52.119998931884766,0.0,80.85199737548828,True,True,55.790000915527344,0.0,78.24199676513672,True,True,88.5199966430664,0.0,76.11799621582031,True,True,46.52000045776367,0.0,75.37999725341797,True,True,57.22999954223633,0.0,77.88200378417969,True,True,63.16999816894531,0.0,78.0979995727539,True,True,-25.0,69.80999755859375,,,,48.18199920654297,210.0019989013672,48.577999114990234,152.0,38.0,
2021-08-11 19:45:00,,,,,55.09000015258789,0.0,77.59400177001953,True,True,100.0,0.0,85.91000366210938,True,True,99.33999633789062,0.0,75.5780029296875,True,True,95.55000305175781,0.0,97.41200256347656,True,True,49.13999938964844,0.0,74.58799743652344,True,True,60.119998931884766,0.0,80.88800048828125,True,True,56.779998779296875,0.0,78.13400268554688,True,True,89.08000183105469,0.0,76.22599792480469,True,True,45.209999084472656,0.0,75.32599639892578,True,True,56.439998626708984,0.0,77.86399841308594,True,True,61.63999938964844,0.0,77.73799896240234,True,True,-25.0,67.87000274658203,,,,48.145999908447266,210.0019989013672,48.54199981689453,152.0,38.0,
2021-08-11 20:00:00,,,,,53.119998931884766,0.0,77.30599975585938,True,True,89.63999938964844,0.0,81.60800170898438,True,True,96.01000213623047,0.0,75.54199981689453,True,True,93.69999694824219,0.0,96.96199798583984,True,True,48.06999969482422,0.0,74.552001953125,True,True,56.119998931884766,0.0,80.49199676513672,True,True,56.08000183105469,0.0,77.41400146484375,True,True,89.0199966430664,0.0,76.0459976196289,True,True,44.0,0.0,75.34400177001953,True,True,53.13999938964844,0.0,77.68399810791016,True,True,61.29999923706055,0.0,76.47799682617188,True,True,-25.0,66.33999633789062,,,,47.731998443603516,210.0019989013672,48.16400146484375,152.0,38.0,
2021-08-11 20:15:00,,,,,56.970001220703125,0.0,77.01799774169922,True,True,90.5199966430664,0.0,80.76200103759766,True,True,95.70999908447266,0.0,75.5780029296875,True,True,98.16000366210938,0.0,96.81800079345703,True,True,44.029998779296875,0.0,74.49800109863281,True,True,53.70000076293945,0.0,80.0780029296875,True,True,54.83000183105469,0.0,76.69400024414062,True,True,89.48999786376953,0.0,76.11799621582031,True,True,41.4900016784668,0.0,75.34400177001953,True,True,59.47999954223633,0.0,77.57599639892578,True,True,56.650001525878906,0.0,75.75800323486328,True,True,-25.0,64.83999633789062,,,,47.7140007019043,210.0019989013672,48.055999755859375,160.0,40.0,
2021-08-11 20:30:00,,,,,53.02000045776367,0.0,76.81999969482422,True,True,87.62000274658203,0.0,84.03800201416016,True,True,93.54000091552734,0.0,75.5780029296875,True,True,100.0,0.0,96.26000213623047,True,True,47.56999969482422,0.0,74.552001953125,True,True,57.9900016784668,0.0,79.77200317382812,True,True,54.38999938964844,0.0,76.2979965209961,True,True,89.9000015258789,0.0,75.95600128173828,True,True,40.880001068115234,0.0,75.27200317382812,True,True,53.040000915527344,0.0,77.52200317382812,True,True,55.970001220703125,0.0,75.29000091552734,True,True,-25.0,63.11000061035156,,,,47.49800109863281,210.0019989013672,47.89400100708008,152.0,38.0,
2021-08-11 20:45:00,,,,,50.4900016784668,0.0,76.40599822998047,True,True,86.58999633789062,0.0,86.25199890136719,True,True,93.22000122070312,0.0,75.5780029296875,True,True,100.0,0.0,95.37799835205078,True,True,42.970001220703125,0.0,74.4800033569336,True,True,54.119998931884766,0.0,79.1240005493164,True,True,53.52000045776367,0.0,75.91999816894531,True,True,89.98999786376953,0.0,75.79399871826172,True,True,41.130001068115234,0.0,75.34400177001953,True,True,55.130001068115234,0.0,77.37799835205078,True,True,54.90999984741211,0.0,75.00199890136719,True,True,-25.0,60.869998931884766,,,,47.263999938964844,210.0019989013672,47.624000549316406,152.0,38.0,
2021-08-11 21:00:00,,,,,52.91999816894531,0.0,76.58599853515625,True,True,91.62999725341797,0.0,83.28199768066406,True,True,96.18000030517578,0.0,75.5780029296875,True,True,100.0,0.0,95.43199920654297,True,True,42.400001525878906,0.0,74.46199798583984,True,True,53.84000015258789,0.0,78.94400024414062,True,True,52.54999923706055,0.0,75.72200012207031,True,True,94.88999938964844,0.0,76.01000213623047,True,True,41.119998931884766,0.0,75.29000091552734,True,True,52.689998626708984,0.0,77.3239974975586,True,True,54.04999923706055,0.0,74.83999633789062,True,True,-25.0,62.45000076293945,,,,46.939998626708984,210.0019989013672,47.37200164794922,152.0,38.0,
2021-08-11 21:15:00,,,,,52.9900016784668,0.0,76.31600189208984,True,True,89.62999725341797,0.0,84.99199676513672,True,True,92.88999938964844,0.0,75.5780029296875,True,True,100.0,0.0,95.10800170898438,True,True,43.310001373291016,0.0,74.35399627685547,True,True,52.849998474121094,0.0,78.83599853515625,True,True,51.220001220703125,0.0,75.16400146484375,True,True,87.02999877929688,0.0,75.86599731445312,True,True,41.04999923706055,0.0,75.27200317382812,True,True,55.279998779296875,0.0,77.3239974975586,True,True,52.790000915527344,0.0,74.30000305175781,True,True,-25.0,65.0,,,,46.99399948120117,210.0019989013672,47.37200164794922,160.0,40.0,
2021-08-11 21:30:00,,,,,54.11000061035156,0.0,76.44200134277344,True,True,94.87999725341797,0.0,83.33599853515625,True,True,93.62999725341797,0.0,75.52400207519531,True,True,100.0,0.0,95.43199920654297,True,True,43.13999938964844,0.0,74.44400024414062,True,True,53.31999969482422,0.0,78.9260025024414,True,True,52.220001220703125,0.0,75.18199920654297,True,True,87.5,0.0,75.8479995727539,True,True,40.72999954223633,0.0,75.27200317382812,True,True,49.34000015258789,0.0,77.3239974975586,True,True,53.04999923706055,0.0,74.19200134277344,True,True,-25.0,73.36000061035156,,,,47.24599838256836,210.0019989013672,47.731998443603516,144.0,36.0,
2021-08-11 21:45:00,,,,,57.08000183105469,0.0,76.47799682617188,True,True,99.87999725341797,0.0,79.46600341796875,True,True,93.55000305175781,0.0,75.52400207519531,True,True,100.0,0.0,94.96399688720703,True,True,47.91999816894531,0.0,74.4800033569336,True,True,53.79999923706055,0.0,78.69200134277344,True,True,51.029998779296875,0.0,75.05599975585938,True,True,90.9800033569336,0.0,75.81199645996094,True,True,39.91999816894531,0.0,75.27200317382812,True,True,51.68000030517578,0.0,77.3239974975586,True,True,51.54999923706055,0.0,74.12000274658203,True,True,-25.0,69.31999969482422,,,,47.5880012512207,210.0019989013672,47.98400115966797,152.0,38.0,
2021-08-11 22:00:00,,,,,52.77000045776367,0.0,76.33399963378906,True,True,100.0,0.0,78.85399627685547,True,True,95.66999816894531,0.0,75.54199981689453,True,True,100.0,0.0,95.59400177001953,True,True,47.599998474121094,0.0,74.40799713134766,True,True,55.290000915527344,0.0,78.31400299072266,True,True,52.0,0.0,75.05599975585938,True,True,84.7300033569336,0.0,75.95600128173828,True,True,40.31999969482422,0.0,75.27200317382812,True,True,43.83000183105469,0.0,77.21600341796875,True,True,51.95000076293945,0.0,74.19200134277344,True,True,-25.0,69.81999969482422,,,,47.75,210.0019989013672,48.236000061035156,152.0,38.0,
2021-08-11 22:15:00,,,,,52.709999084472656,0.0,76.19000244140625,True,True,100.0,0.0,80.65399932861328,True,True,96.66999816894531,0.0,75.59600067138672,True,True,100.0,0.0,94.53199768066406,True,True,42.47999954223633,0.0,74.4800033569336,True,True,54.54999923706055,0.0,78.18800354003906,True,True,53.86000061035156,0.0,75.19999694824219,True,True,84.25,0.0,75.8479995727539,True,True,40.88999938964844,0.0,75.21800231933594,True,True,49.20000076293945,0.0,77.25199890136719,True,True,52.40999984741211,0.0,74.12000274658203,True,True,-25.0,68.79000091552734,,,,47.551998138427734,210.0019989013672,47.9119987487793,152.0,38.0,
2021-08-11 22:30:00,,,,,52.61000061035156,0.0,76.13600158691406,True,True,100.0,0.0,80.85199737548828,True,True,96.12999725341797,0.0,75.6500015258789,True,True,100.0,0.0,94.11799621582031,True,True,43.06999969482422,0.0,74.4260025024414,True,True,53.880001068115234,0.0,77.88200378417969,True,True,55.099998474121094,0.0,74.96600341796875,True,True,84.91999816894531,0.0,75.79399871826172,True,True,41.5099983215332,0.0,75.27200317382812,True,True,49.209999084472656,0.0,77.197998046875,True,True,52.90999984741211,0.0,74.06600189208984,True,True,-25.0,68.86000061035156,,,,47.5880012512207,210.0019989013672,47.9119987487793,152.0,38.0,
2021-08-11 22:45:00,,,,,47.36000061035156,0.0,76.31600189208984,True,True,100.0,0.0,80.99600219726562,True,True,98.94999694824219,0.0,75.5780029296875,True,True,100.0,0.0,94.49600219726562,True,True,45.90999984741211,0.0,74.38999938964844,True,True,56.68000030517578,0.0,78.56600189208984,True,True,54.040000915527344,0.0,74.8219985961914,True,True,85.47000122070312,0.0,75.88400268554688,True,True,41.04999923706055,0.0,75.27200317382812,True,True,46.380001068115234,0.0,77.14399719238281,True,True,51.470001220703125,0.0,74.10199737548828,True,True,-25.0,68.86000061035156,,,,47.33599853515625,210.0019989013672,47.69599914550781,152.0,38.0,
2021-08-11 23:00:00,,,,,48.88999938964844,0.0,76.33399963378906,True,True,100.0,0.0,81.5719985961914,True,True,95.04000091552734,0.0,75.50599670410156,True,True,100.0,0.0,95.14399719238281,True,True,42.5,0.0,74.40799713134766,True,True,53.0,0.0,78.56600189208984,True,True,52.93000030517578,0.0,75.11000061035156,True,True,89.4000015258789,0.0,75.8479995727539,True,True,40.540000915527344,0.0,75.27200317382812,True,True,47.31999969482422,0.0,77.21600341796875,True,True,50.560001373291016,0.0,74.37200164794922,True,True,-25.0,80.8499984741211,,,,46.58000183105469,210.0019989013672,47.066001892089844,152.0,38.0,
2021-08-11 23:15:00,,,,,48.63999938964844,0.0,76.13600158691406,True,True,100.0,0.0,80.69000244140625,True,True,93.23999786376953,0.0,75.47000122070312,True,True,100.0,0.0,94.1719970703125,True,True,40.849998474121094,0.0,74.30000305175781,True,True,49.25,0.0,78.0979995727539,True,True,51.130001068115234,0.0,75.0739974975586,True,True,85.9000015258789,0.0,75.81199645996094,True,True,40.36000061035156,0.0,75.19999694824219,True,True,45.2400016784668,0.0,77.14399719238281,True,True,50.61000061035156,0.0,74.33599853515625,True,True,-25.0,78.3499984741211,,,,46.597999572753906,210.0019989013672,47.04800033569336,152.0,38.0,
2021-08-11 23:30:00,,,,,51.54999923706055,0.0,76.02799987792969,True,True,100.0,0.0,80.90599822998047,True,True,100.0,0.0,75.52400207519531,True,True,100.0,0.0,93.7040023803711,True,True,44.060001373291016,0.0,74.40799713134766,True,True,49.38999938964844,0.0,77.97200012207031,True,True,50.709999084472656,0.0,74.8759994506836,True,True,88.80000305175781,0.0,75.68599700927734,True,True,40.77000045776367,0.0,75.12799835205078,True,True,49.65999984741211,0.0,77.14399719238281,True,True,50.13999938964844,0.0,74.31800079345703,True,True,-25.0,79.5,,,,52.50199890136719,210.0019989013672,52.06999969482422,152.0,38.0,
2021-08-11 23:45:00,,,,,53.119998931884766,0.0,75.9739990234375,True,True,100.0,0.0,79.447998046875,True,True,100.0,0.0,75.55999755859375,True,True,100.0,0.0,87.24199676513672,True,True,45.06999969482422,0.0,74.20999908447266,True,True,55.7400016784668,0.0,77.75599670410156,True,True,49.150001525878906,0.0,74.71399688720703,True,True,81.83999633789062,0.0,75.6500015258789,True,True,39.72999954223633,0.0,75.18199920654297,True,True,46.91999816894531,0.0,77.14399719238281,True,True,48.349998474121094,0.0,74.12000274658203,True,True,-25.0,82.36000061035156,,,,49.082000732421875,210.0019989013672,49.513999938964844,144.0,36.0,
2021-08-12 00:00:00,,,,,50.0,0.0,76.26200103759766,True,True,100.0,0.0,80.85199737548828,True,True,100.0,0.0,75.5780029296875,True,True,100.0,0.0,86.8280029296875,True,True,46.84000015258789,0.0,74.37200164794922,True,True,56.95000076293945,0.0,77.48600006103516,True,True,50.310001373291016,0.0,74.6240005493164,True,True,84.08000183105469,0.0,75.79399871826172,True,True,41.220001220703125,0.0,75.16400146484375,True,True,46.18000030517578,0.0,77.14399719238281,True,True,49.349998474121094,0.0,73.99400329589844,True,True,-25.0,82.05999755859375,,,,45.895999908447266,210.0019989013672,46.79600143432617,152.0,38.0,
2021-08-12 00:15:00,,,,,45.150001525878906,0.0,76.0459976196289,True,True,100.0,0.0,78.47599792480469,True,True,96.56999969482422,0.0,75.50599670410156,True,True,92.93000030517578,0.0,87.11599731445312,True,True,40.619998931884766,0.0,74.33599853515625,True,True,51.349998474121094,0.0,77.8280029296875,True,True,56.709999084472656,0.0,74.64199829101562,True,True,93.91999816894531,0.0,75.79399871826172,True,True,45.189998626708984,0.0,75.19999694824219,True,True,50.77000045776367,0.0,77.14399719238281,True,True,55.380001068115234,0.0,74.01200103759766,True,True,-25.0,76.86000061035156,,,,45.06800079345703,210.0019989013672,45.44599914550781,144.0,36.0,
2021-08-12 00:30:00,,,,,45.220001220703125,0.0,75.93800354003906,True,True,100.0,0.0,80.22200012207031,True,True,94.04000091552734,0.0,75.47000122070312,True,True,96.87000274658203,0.0,86.36000061035156,True,True,41.709999084472656,0.0,74.26399993896484,True,True,53.720001220703125,0.0,77.66600036621094,True,True,51.83000183105469,0.0,74.64199829101562,True,True,86.93000030517578,0.0,75.9020004272461,True,True,44.439998626708984,0.0,75.19999694824219,True,True,50.22999954223633,0.0,77.18000030517578,True,True,50.720001220703125,0.0,74.02999877929688,True,True,-25.0,75.80999755859375,,,,46.652000427246094,210.0019989013672,47.066001892089844,152.0,38.0,
2021-08-12 00:45:00,,,,,45.75,0.0,75.8479995727539,True,True,90.3499984741211,0.0,79.08799743652344,True,True,96.5999984741211,0.0,75.4520034790039,True,True,100.0,0.0,92.49800109863281,True,True,43.34000015258789,0.0,74.28199768066406,True,True,51.65999984741211,0.0,77.48600006103516,True,True,47.470001220703125,0.0,74.53399658203125,True,True,85.5199966430664,0.0,75.79399871826172,True,True,38.869998931884766,0.0,75.18199920654297,True,True,46.720001220703125,0.0,77.14399719238281,True,True,47.279998779296875,0.0,74.02999877929688,True,True,-25.0,77.43000030517578,,,,47.029998779296875,210.0019989013672,47.46200180053711,152.0,38.0,
2021-08-12 01:00:00,,,,,49.18000030517578,0.0,75.5780029296875,True,True,96.68000030517578,0.0,77.8280029296875,True,True,100.0,0.0,75.5780029296875,True,True,100.0,0.0,93.03800201416016,True,True,44.34000015258789,0.0,74.37200164794922,True,True,49.849998474121094,0.0,76.8740005493164,True,True,48.90999984741211,0.0,74.49800109863281,True,True,86.16000366210938,0.0,75.72200012207031,True,True,39.060001373291016,0.0,75.12799835205078,True,True,44.70000076293945,0.0,77.14399719238281,True,True,47.900001525878906,0.0,73.99400329589844,True,True,-25.0,76.38999938964844,,,,48.00199890136719,210.0019989013672,48.433998107910156,144.0,36.0,
2021-08-12 01:15:00,,,,,48.88999938964844,0.0,75.50599670410156,True,True,100.0,0.0,76.31600189208984,True,True,98.01000213623047,0.0,75.48799896240234,True,True,100.0,0.0,93.16400146484375,True,True,42.41999816894531,0.0,74.28199768066406,True,True,56.790000915527344,0.0,76.7300033569336,True,True,52.279998779296875,0.0,74.46199798583984,True,True,84.12000274658203,0.0,75.75800323486328,True,True,43.470001220703125,0.0,75.09200286865234,True,True,48.150001525878906,0.0,77.1259994506836,True,True,51.45000076293945,0.0,73.90399932861328,True,True,-25.0,77.83999633789062,,,,47.40800094604492,210.0019989013672,47.84000015258789,152.0,38.0,
2021-08-12 01:30:00,,,,,44.63999938964844,0.0,75.37999725341797,True,True,91.18000030517578,0.0,79.08799743652344,True,True,97.80999755859375,0.0,75.52400207519531,True,True,100.0,0.0,92.91200256347656,True,True,42.25,0.0,74.33599853515625,True,True,56.66999816894531,0.0,76.53199768066406,True,True,52.31999969482422,0.0,74.20999908447266,True,True,81.5999984741211,0.0,75.75800323486328,True,True,39.86000061035156,0.0,75.16400146484375,True,True,49.349998474121094,0.0,77.03600311279297,True,True,51.4900016784668,0.0,73.58000183105469,True,True,-25.0,78.44999694824219,,,,47.551998138427734,210.0019989013672,47.89400100708008,152.0,38.0,
2021-08-12 01:45:00,,,,,47.220001220703125,0.0,75.30799865722656,True,True,96.3499984741211,0.0,79.41200256347656,True,True,100.0,0.0,75.52400207519531,True,True,100.0,0.0,93.0739974975586,True,True,41.7400016784668,0.0,74.20999908447266,True,True,52.36000061035156,0.0,76.31600189208984,True,True,52.95000076293945,0.0,74.28199768066406,True,True,87.55999755859375,0.0,75.79399871826172,True,True,43.7400016784668,0.0,75.09200286865234,True,True,50.25,0.0,77.0719985961914,True,True,51.5,0.0,73.63400268554688,True,True,-24.969999313354492,78.69000244140625,,,,47.31800079345703,210.0019989013672,47.69599914550781,144.0,36.0,
2021-08-12 02:00:00,,,,,47.5099983215332,0.0,75.12799835205078,True,True,100.0,0.0,79.55599975585938,True,True,98.43000030517578,0.0,75.52400207519531,True,True,100.0,0.0,93.11000061035156,True,True,42.869998931884766,0.0,74.26399993896484,True,True,52.290000915527344,0.0,76.37000274658203,True,True,52.47999954223633,0.0,74.15599822998047,True,True,82.41000366210938,0.0,75.72200012207031,True,True,40.20000076293945,0.0,75.11000061035156,True,True,47.09000015258789,0.0,77.01799774169922,True,True,50.099998474121094,0.0,73.22000122070312,True,True,-25.0,78.76000213623047,,,,47.5880012512207,210.0019989013672,47.89400100708008,152.0,38.0,
2021-08-12 02:15:00,,,,,48.20000076293945,0.0,74.98400115966797,True,True,100.0,0.0,78.65599822998047,True,True,99.02999877929688,0.0,75.52400207519531,True,True,100.0,0.0,93.48799896240234,True,True,44.29999923706055,0.0,74.30000305175781,True,True,52.91999816894531,0.0,75.8479995727539,True,True,53.15999984741211,0.0,74.12000274658203,True,True,81.51000213623047,0.0,75.72200012207031,True,True,40.119998931884766,0.0,75.0199966430664,True,True,52.5099983215332,0.0,76.98200225830078,True,True,50.16999816894531,0.0,73.04000091552734,True,True,-25.0,78.8499984741211,,,,47.678001403808594,210.0019989013672,48.07400131225586,152.0,38.0,
2021-08-12 02:30:00,,,,,49.43000030517578,0.0,74.83999633789062,True,True,100.0,0.0,78.85399627685547,True,True,100.0,0.0,75.52400207519531,True,True,100.0,0.0,93.41600036621094,True,True,43.220001220703125,0.0,74.28199768066406,True,True,56.630001068115234,0.0,75.8479995727539,True,True,52.560001373291016,0.0,73.90399932861328,True,True,81.66000366210938,0.0,75.7040023803711,True,True,42.45000076293945,0.0,75.00199890136719,True,True,49.029998779296875,0.0,76.96399688720703,True,True,49.470001220703125,0.0,72.84200286865234,True,True,-25.0,79.2300033569336,,,,47.89400100708008,210.0019989013672,48.30799865722656,152.0,38.0,
2021-08-12 02:45:00,,,,,45.91999816894531,0.0,74.56999969482422,True,True,100.0,0.0,77.57599639892578,True,True,99.72000122070312,0.0,75.50599670410156,True,True,100.0,0.0,92.91200256347656,True,True,41.290000915527344,0.0,74.26399993896484,True,True,57.31999969482422,0.0,75.7040023803711,True,True,54.060001373291016,0.0,73.97599792480469,True,True,83.37999725341797,0.0,75.72200012207031,True,True,39.68000030517578,0.0,74.96600341796875,True,True,51.060001373291016,0.0,76.96399688720703,True,True,50.279998779296875,0.0,72.75199890136719,True,True,-25.0,78.69999694824219,,,,47.89400100708008,210.0019989013672,48.36199951171875,152.0,38.0,
2021-08-12 03:00:00,,,,,48.959999084472656,0.0,74.60600280761719,True,True,100.0,0.0,79.01599884033203,True,True,100.0,0.0,75.50599670410156,True,True,100.0,0.0,92.58799743652344,True,True,40.79999923706055,0.0,74.26399993896484,True,True,57.720001220703125,0.0,75.7040023803711,True,True,54.220001220703125,0.0,73.4540023803711,True,True,86.93000030517578,0.0,75.68599700927734,True,True,40.290000915527344,0.0,74.98400115966797,True,True,46.349998474121094,0.0,76.96399688720703,True,True,49.970001220703125,0.0,72.03199768066406,True,True,-25.0,78.36000061035156,,,,47.965999603271484,210.0019989013672,48.433998107910156,152.0,38.0,
2021-08-12 03:15:00,,,,,49.25,0.0,74.38999938964844,True,True,100.0,0.0,80.29399871826172,True,True,100.0,0.0,75.47000122070312,True,True,100.0,0.0,92.552001953125,True,True,44.29999923706055,0.0,74.22799682617188,True,True,54.56999969482422,0.0,75.54199981689453,True,True,53.09000015258789,0.0,73.29199981689453,True,True,85.80000305175781,0.0,75.6500015258789,True,True,40.2400016784668,0.0,74.98400115966797,True,True,46.540000915527344,0.0,76.96399688720703,True,True,50.56999969482422,0.0,72.24800109863281,True,True,-25.0,79.37000274658203,,,,47.89400100708008,210.0019989013672,48.27199935913086,144.0,36.0,
2021-08-12 03:30:00,,,,,48.7400016784668,0.0,73.94000244140625,True,True,100.0,0.0,79.1240005493164,True,True,100.0,0.0,75.52400207519531,True,True,100.0,0.0,84.9020004272461,True,True,45.619998931884766,0.0,74.26399993896484,True,True,57.869998931884766,0.0,74.93000030517578,True,True,53.189998626708984,0.0,72.93199920654297,True,True,86.06999969482422,0.0,75.72200012207031,True,True,40.72999954223633,0.0,74.98400115966797,True,True,52.84000015258789,0.0,76.89199829101562,True,True,50.939998626708984,0.0,71.99600219726562,True,True,-25.0,79.91000366210938,,,,48.03799819946289,210.0019989013672,48.45199966430664,152.0,38.0,
2021-08-12 03:45:00,,,,,48.400001525878906,0.0,73.95800018310547,True,True,100.0,0.0,77.55799865722656,True,True,100.0,0.0,75.55999755859375,True,True,100.0,0.0,85.49600219726562,True,True,41.58000183105469,0.0,74.20999908447266,True,True,57.380001068115234,0.0,75.09200286865234,True,True,53.08000183105469,0.0,72.697998046875,True,True,86.11000061035156,0.0,75.66799926757812,True,True,40.65999984741211,0.0,74.947998046875,True,True,51.040000915527344,0.0,76.83799743652344,True,True,50.95000076293945,0.0,71.76200103759766,True,True,-25.0,78.80999755859375,,,,47.98400115966797,210.0019989013672,48.433998107910156,152.0,38.0,
2021-08-12 04:00:00,,,,,45.560001373291016,0.0,74.06600189208984,True,True,100.0,0.0,78.33200073242188,True,True,100.0,0.0,75.52400207519531,True,True,100.0,0.0,85.2979965209961,True,True,41.31999969482422,0.0,74.19200134277344,True,True,57.7400016784668,0.0,74.93000030517578,True,True,53.36000061035156,0.0,72.44599914550781,True,True,88.36000061035156,0.0,75.68599700927734,True,True,42.20000076293945,0.0,74.96600341796875,True,True,50.29999923706055,0.0,76.76599884033203,True,True,50.56999969482422,0.0,71.43800354003906,True,True,-25.0,78.9000015258789,,,,48.09199905395508,210.0019989013672,48.45199966430664,144.0,36.0,
2021-08-12 04:15:00,,,,,46.27000045776367,0.0,74.0479965209961,True,True,100.0,0.0,76.71199798583984,True,True,100.0,0.0,75.48799896240234,True,True,100.0,0.0,84.7760009765625,True,True,40.150001525878906,0.0,74.20999908447266,True,True,57.22999954223633,0.0,74.53399658203125,True,True,54.0,0.0,72.28399658203125,True,True,83.4800033569336,0.0,75.59600067138672,True,True,41.09000015258789,0.0,74.93000030517578,True,True,47.349998474121094,0.0,76.76599884033203,True,True,51.150001525878906,0.0,71.2760009765625,True,True,-25.0,79.25,,,,48.055999755859375,210.0019989013672,48.433998107910156,144.0,36.0,
2021-08-12 04:30:00,,,,,49.52000045776367,0.0,74.28199768066406,True,True,100.0,0.0,77.80999755859375,True,True,100.0,0.0,75.50599670410156,True,True,100.0,0.0,91.05799865722656,True,True,40.88999938964844,0.0,74.13800048828125,True,True,53.95000076293945,0.0,74.56999969482422,True,True,53.54999923706055,0.0,72.12200164794922,True,True,86.72000122070312,0.0,75.68599700927734,True,True,41.130001068115234,0.0,74.8759994506836,True,True,50.56999969482422,0.0,76.76599884033203,True,True,51.369998931884766,0.0,71.11399841308594,True,True,-25.0,79.19000244140625,,,,47.98400115966797,210.0019989013672,48.433998107910156,144.0,36.0,
2021-08-12 04:45:00,,,,,47.599998474121094,0.0,73.97599792480469,True,True,100.0,0.0,76.35199737548828,True,True,100.0,0.0,75.48799896240234,True,True,100.0,0.0,92.13800048828125,True,True,40.88999938964844,0.0,74.19200134277344,True,True,54.0099983215332,0.0,74.58799743652344,True,True,53.59000015258789,0.0,72.10399627685547,True,True,89.16999816894531,0.0,75.66799926757812,True,True,40.88999938964844,0.0,74.89399719238281,True,True,48.869998931884766,0.0,76.76599884033203,True,True,51.20000076293945,0.0,71.09600067138672,True,True,-25.0,79.20999908447266,,,,48.00199890136719,210.0019989013672,48.41600036621094,152.0,38.0,
2021-08-12 05:00:00,,,,,48.290000915527344,0.0,74.13800048828125,True,True,100.0,0.0,76.15399932861328,True,True,100.0,0.0,75.5780029296875,True,True,100.0,0.0,91.95800018310547,True,True,44.849998474121094,0.0,74.15599822998047,True,True,49.970001220703125,0.0,74.20999908447266,True,True,54.040000915527344,0.0,72.1760025024414,True,True,87.16000366210938,0.0,75.5780029296875,True,True,41.709999084472656,0.0,74.83999633789062,True,True,43.97999954223633,0.0,76.71199798583984,True,True,47.84000015258789,0.0,71.2760009765625,True,True,-25.0,79.54000091552734,,,,48.055999755859375,210.0019989013672,48.487998962402344,152.0,38.0,
2021-08-12 05:15:00,,,,,53.310001373291016,0.0,73.9219970703125,True,True,100.0,0.0,78.2959976196289,True,True,100.0,0.0,75.48799896240234,True,True,100.0,0.0,91.6520004272461,True,True,43.91999816894531,0.0,74.15599822998047,True,True,55.27000045776367,0.0,74.26399993896484,True,True,54.150001525878906,0.0,72.31999969482422,True,True,87.0999984741211,0.0,75.68599700927734,True,True,40.459999084472656,0.0,74.80400085449219,True,True,52.11000061035156,0.0,76.71199798583984,True,True,51.95000076293945,0.0,71.09600067138672,True,True,-25.0,79.4800033569336,,,,48.145999908447266,210.0019989013672,48.577999114990234,152.0,38.0,
2021-08-12 05:30:00,,,,,50.209999084472656,0.0,73.74199676513672,True,True,86.5999984741211,0.0,79.75399780273438,True,True,100.0,0.0,75.50599670410156,True,True,100.0,0.0,91.43599700927734,True,True,44.11000061035156,0.0,74.19200134277344,True,True,58.369998931884766,0.0,74.15599822998047,True,True,54.09000015258789,0.0,72.31999969482422,True,True,87.87000274658203,0.0,75.5780029296875,True,True,39.81999969482422,0.0,74.76799774169922,True,True,47.779998779296875,0.0,76.65799713134766,True,True,52.439998626708984,0.0,70.98799896240234,True,True,-25.0,80.9000015258789,,,,48.39799880981445,210.0019989013672,48.79399871826172,144.0,36.0,
2021-08-12 05:45:00,,,,,51.20000076293945,0.0,73.66999816894531,True,True,92.9800033569336,0.0,78.49400329589844,True,True,100.0,0.0,75.43399810791016,True,True,100.0,0.0,91.77799987792969,True,True,40.939998626708984,0.0,74.12000274658203,True,True,63.380001068115234,0.0,74.01200103759766,True,True,54.61000061035156,0.0,72.5,True,True,85.6500015258789,0.0,75.61399841308594,True,True,43.2599983215332,0.0,74.83999633789062,True,True,46.209999084472656,0.0,76.60399627685547,True,True,47.65999984741211,0.0,71.16799926757812,True,True,-25.0,82.69999694824219,,,,48.39799880981445,210.0019989013672,48.86600112915039,152.0,38.0,
2021-08-12 06:00:00,,,,,47.540000915527344,0.0,73.76000213623047,True,True,97.56999969482422,0.0,75.81199645996094,True,True,100.0,0.0,75.50599670410156,True,True,100.0,0.0,92.4260025024414,True,True,41.56999969482422,0.0,74.15599822998047,True,True,57.790000915527344,0.0,74.10199737548828,True,True,54.79999923706055,0.0,72.31999969482422,True,True,88.86000061035156,0.0,75.59600067138672,True,True,40.86000061035156,0.0,74.8219985961914,True,True,48.959999084472656,0.0,76.60399627685547,True,True,49.91999816894531,0.0,70.91600036621094,True,True,-25.0,82.8499984741211,,,,48.59600067138672,210.0019989013672,48.9739990234375,152.0,38.0,
2021-08-12 06:15:00,,,,,47.040000915527344,0.0,73.81400299072266,True,True,100.0,0.0,76.20800018310547,True,True,100.0,0.0,75.36199951171875,True,True,100.0,0.0,92.26399993896484,True,True,42.27000045776367,0.0,74.12000274658203,True,True,56.189998626708984,0.0,73.77799987792969,True,True,56.150001525878906,0.0,72.35600280761719,True,True,86.63999938964844,0.0,75.59600067138672,True,True,41.470001220703125,0.0,74.8219985961914,True,True,50.91999816894531,0.0,76.56800079345703,True,True,48.5,0.0,70.93399810791016,True,True,-25.0,82.37000274658203,,,,48.9739990234375,210.0019989013672,49.44200134277344,152.0,38.0,
2021-08-12 06:30:00,,,,,55.560001373291016,0.0,74.13800048828125,True,True,96.30999755859375,0.0,76.24400329589844,True,True,100.0,0.0,75.4520034790039,True,True,100.0,0.0,92.24600219726562,True,True,46.95000076293945,0.0,74.17400360107422,True,True,55.65999984741211,0.0,74.06600189208984,True,True,54.63999938964844,0.0,72.46399688720703,True,True,92.1500015258789,0.0,75.55999755859375,True,True,41.58000183105469,0.0,74.76799774169922,True,True,54.43000030517578,0.0,76.49600219726562,True,True,48.43000030517578,0.0,70.98799896240234,True,True,-25.0,82.86000061035156,,,,48.20000076293945,210.0019989013672,48.902000427246094,152.0,38.0,
2021-08-12 06:45:00,,,,,45.36000061035156,0.0,74.44400024414062,True,True,100.0,0.0,76.78399658203125,True,True,100.0,0.0,75.50599670410156,True,True,100.0,0.0,92.85800170898438,True,True,42.83000183105469,0.0,74.12000274658203,True,True,53.02000045776367,0.0,74.33599853515625,True,True,53.86000061035156,0.0,72.24800109863281,True,True,90.83000183105469,0.0,75.5780029296875,True,True,42.849998474121094,0.0,74.76799774169922,True,True,51.060001373291016,0.0,76.45999908447266,True,True,51.0,0.0,70.97000122070312,True,True,-25.0,76.11000061035156,,,,46.86800003051758,210.0019989013672,47.40800094604492,160.0,40.0,
2021-08-12 07:00:00,,,,,54.810001373291016,0.0,75.18199920654297,True,True,96.69999694824219,0.0,76.9280014038086,True,True,100.0,0.0,75.4520034790039,True,True,100.0,0.0,93.0739974975586,True,True,44.9900016784668,0.0,74.12000274658203,True,True,53.86000061035156,0.0,74.56999969482422,True,True,54.939998626708984,0.0,72.4280014038086,True,True,94.18000030517578,0.0,75.59600067138672,True,True,43.810001373291016,0.0,74.73200225830078,True,True,46.25,0.0,76.42400360107422,True,True,49.720001220703125,0.0,71.3479995727539,True,True,-25.0,69.3499984741211,,,,48.25400161743164,210.0019989013672,49.06399917602539,152.0,38.0,
2021-08-12 07:15:00,,,,,48.58000183105469,0.0,75.36199951171875,True,True,100.0,0.0,76.33399963378906,True,True,100.0,0.0,75.47000122070312,True,True,100.0,0.0,93.7040023803711,True,True,40.81999969482422,0.0,74.12000274658203,True,True,52.25,0.0,75.00199890136719,True,True,53.189998626708984,0.0,72.60800170898438,True,True,94.51000213623047,0.0,75.59600067138672,True,True,41.400001525878906,0.0,74.73200225830078,True,True,45.93000030517578,0.0,76.53199768066406,True,True,53.650001525878906,0.0,71.70800018310547,True,True,-25.0,67.81999969482422,,,,48.992000579833984,210.0019989013672,49.316001892089844,144.0,36.0,
2021-08-12 07:30:00,,,,,43.81999969482422,0.0,75.72200012207031,True,True,94.73999786376953,0.0,77.46800231933594,True,True,95.2300033569336,0.0,75.4520034790039,True,True,98.18000030517578,0.0,93.16400146484375,True,True,38.66999816894531,0.0,74.06600189208984,True,True,51.20000076293945,0.0,75.9739990234375,True,True,50.439998626708984,0.0,73.12999725341797,True,True,90.20999908447266,0.0,75.66799926757812,True,True,44.31999969482422,0.0,74.8219985961914,True,True,49.560001373291016,0.0,76.53199768066406,True,True,46.959999084472656,0.0,72.3740005493164,True,True,-25.0,65.37000274658203,,,,41.683998107910156,210.0019989013672,42.097999572753906,152.0,38.0,
2021-08-12 07:45:00,,,,,42.279998779296875,0.0,76.11799621582031,True,True,95.55999755859375,0.0,78.69200134277344,True,True,93.36000061035156,0.0,75.34400177001953,True,True,89.88999938964844,0.0,93.34400177001953,True,True,38.310001373291016,0.0,74.10199737548828,True,True,46.29999923706055,0.0,76.56800079345703,True,True,51.060001373291016,0.0,73.48999786376953,True,True,98.27999877929688,0.0,75.61399841308594,True,True,44.31999969482422,0.0,74.98400115966797,True,True,54.77000045776367,0.0,76.58599853515625,True,True,48.0099983215332,0.0,72.91400146484375,True,True,-25.0,63.2400016784668,,,,41.827999114990234,210.0019989013672,42.27799987792969,152.0,38.0,
2021-08-12 08:00:00,,,,,44.040000915527344,0.0,76.802001953125,True,True,99.05999755859375,0.0,77.14399719238281,True,True,90.77999877929688,0.0,75.30799865722656,True,True,89.11000061035156,0.0,93.68599700927734,True,True,41.349998474121094,0.0,74.26399993896484,True,True,49.54999923706055,0.0,77.16200256347656,True,True,53.0099983215332,0.0,73.68800354003906,True,True,90.61000061035156,0.0,75.7040023803711,True,True,48.310001373291016,0.0,74.947998046875,True,True,51.869998931884766,0.0,76.6760025024414,True,True,53.41999816894531,0.0,73.27400207519531,True,True,-25.0,65.37000274658203,,,,41.79199981689453,210.0019989013672,42.152000427246094,152.0,38.0,
2021-08-12 08:15:00,,,,,40.66999816894531,0.0,77.7020034790039,True,True,100.0,0.0,78.40399932861328,True,True,89.6500015258789,0.0,75.30799865722656,True,True,85.55999755859375,0.0,94.20800018310547,True,True,40.400001525878906,0.0,74.19200134277344,True,True,51.459999084472656,0.0,78.0260009765625,True,True,46.4900016784668,0.0,74.20999908447266,True,True,75.94999694824219,0.0,75.59600067138672,True,True,45.029998779296875,0.0,74.91200256347656,True,True,42.540000915527344,0.0,76.71199798583984,True,True,48.91999816894531,0.0,73.99400329589844,True,True,-25.0,63.38999938964844,,,,41.64799880981445,210.0019989013672,42.007999420166016,160.0,40.0,
2021-08-12 08:30:00,,,,,40.04999923706055,0.0,78.06199645996094,True,True,100.0,0.0,78.63800048828125,True,True,87.7699966430664,0.0,75.36199951171875,True,True,85.11000061035156,0.0,95.14399719238281,True,True,38.11000061035156,0.0,74.19200134277344,True,True,48.959999084472656,0.0,79.25,True,True,45.5099983215332,0.0,74.73200225830078,True,True,84.86000061035156,0.0,75.5780029296875,True,True,43.68000030517578,0.0,74.98400115966797,True,True,45.09000015258789,0.0,76.71199798583984,True,True,44.65999984741211,0.0,74.73200225830078,True,True,-25.0,58.90999984741211,,,,42.11600112915039,210.0019989013672,42.439998626708984,160.0,40.0,
2021-08-12 08:45:00,,,,,43.16999816894531,0.0,78.76399993896484,True,True,90.87999725341797,0.0,78.60199737548828,True,True,87.16999816894531,0.0,75.30799865722656,True,True,86.55000305175781,0.0,95.25199890136719,True,True,42.970001220703125,0.0,74.28199768066406,True,True,55.34000015258789,0.0,79.69999694824219,True,True,45.68000030517578,0.0,75.54199981689453,True,True,72.83999633789062,0.3199999928474426,75.66799926757812,True,True,41.0,0.0,75.03800201416016,True,True,48.43000030517578,0.0,76.89199829101562,True,True,44.25,0.0,75.68599700927734,True,True,-25.0,55.790000915527344,,,,42.349998474121094,210.0019989013672,42.74599838256836,152.0,38.0,
2021-08-12 09:00:00,,,,,37.9900016784668,0.0,79.14199829101562,True,True,92.66999816894531,0.0,80.29399871826172,True,True,84.6500015258789,0.0,75.30799865722656,True,True,85.06999969482422,0.0,95.50399780273438,True,True,35.720001220703125,0.0,74.24600219726562,True,True,47.90999984741211,0.0,81.46399688720703,True,True,43.349998474121094,0.0,76.11799621582031,True,True,70.3499984741211,1.0199999809265137,75.61399841308594,True,True,40.43000030517578,0.0,75.11000061035156,True,True,47.79999923706055,0.0,76.9280014038086,True,True,49.52000045776367,0.0,76.53199768066406,True,True,-25.0,52.29999923706055,,,,42.007999420166016,210.0019989013672,42.422000885009766,168.0,42.0,
2021-08-12 09:15:00,,,,,38.20000076293945,0.0,79.3219985961914,True,True,94.48999786376953,0.0,82.43599700927734,True,True,80.18000030517578,0.0,75.27200317382812,True,True,84.87999725341797,0.0,95.9000015258789,True,True,40.34000015258789,0.0,74.46199798583984,True,True,47.06999969482422,0.0,82.94000244140625,True,True,48.599998474121094,0.0,76.802001953125,True,True,70.63999938964844,0.0,75.72200012207031,True,True,42.529998779296875,0.0,75.21800231933594,True,True,45.470001220703125,0.0,76.9280014038086,True,True,50.779998779296875,0.0,77.43199920654297,True,True,-25.0,53.7400016784668,,,,42.007999420166016,210.0019989013672,42.27799987792969,160.0,40.0,
2021-08-12 09:30:00,,,,,42.369998931884766,0.0,80.5999984741211,True,True,98.62000274658203,0.0,81.46399688720703,True,True,83.16999816894531,0.0,75.34400177001953,True,True,88.88999938964844,0.0,96.2239990234375,True,True,40.900001525878906,0.0,74.552001953125,True,True,52.38999938964844,0.0,84.50599670410156,True,True,49.88999938964844,0.0,77.66600036621094,True,True,73.69000244140625,0.0,75.79399871826172,True,True,42.61000061035156,0.0,75.16400146484375,True,True,43.66999816894531,0.0,76.96399688720703,True,True,58.22999954223633,0.0,78.33200073242188,True,True,-25.0,62.040000915527344,,,,42.90800094604492,210.0019989013672,43.15999984741211,160.0,40.0,
2021-08-12 09:45:00,,,,,44.08000183105469,0.0,81.35600280761719,True,True,100.0,0.0,83.89399719238281,True,True,82.16999816894531,0.0,75.37999725341797,True,True,90.86000061035156,0.0,97.14199829101562,True,True,40.310001373291016,0.0,74.552001953125,True,True,49.540000915527344,0.0,85.33399963378906,True,True,48.209999084472656,0.0,78.24199676513672,True,True,69.5199966430664,0.0,75.8479995727539,True,True,43.150001525878906,0.0,75.16400146484375,True,True,45.400001525878906,0.0,77.0719985961914,True,True,54.380001068115234,0.0,79.43000030517578,True,True,-25.0,60.529998779296875,,,,42.92599868774414,210.0019989013672,43.321998596191406,168.0,42.0,
2021-08-12 10:00:00,,,,,44.880001068115234,0.0,81.19400024414062,True,True,100.0,0.0,80.2040023803711,True,True,83.98999786376953,0.0,75.27200317382812,True,True,95.22000122070312,0.0,97.50199890136719,True,True,44.529998779296875,0.0,74.75,True,True,54.380001068115234,0.0,86.36000061035156,True,True,47.529998779296875,0.0,78.81800079345703,True,True,69.25,0.0,76.01000213623047,True,True,38.2400016784668,0.0,75.19999694824219,True,True,41.5099983215332,0.0,77.10800170898438,True,True,53.130001068115234,0.0,80.69000244140625,True,True,-25.0,65.80000305175781,,,,45.21200180053711,210.0019989013672,45.44599914550781,160.0,40.0,
2021-08-12 10:15:00,,,,,47.86000061035156,0.0,82.83200073242188,True,True,87.41999816894531,0.0,77.68399810791016,True,True,87.2300033569336,0.0,75.37999725341797,True,True,100.0,0.0,98.22200012207031,True,True,44.86000061035156,0.0,74.64199829101562,True,True,55.63999938964844,0.0,87.40399932861328,True,True,49.880001068115234,0.0,80.04199981689453,True,True,64.58000183105469,0.0,75.99199676513672,True,True,42.959999084472656,0.0,75.27200317382812,True,True,50.220001220703125,0.0,77.21600341796875,True,True,51.08000183105469,0.0,82.04000091552734,True,True,-25.0,65.13999938964844,,,,46.7239990234375,210.0019989013672,47.066001892089844,168.0,42.0,
2021-08-12 10:30:00,,,,,45.849998474121094,0.0,82.99400329589844,True,True,93.44999694824219,0.0,76.89199829101562,True,True,89.55999755859375,0.0,75.32599639892578,True,True,100.0,0.0,98.4020004272461,True,True,41.58000183105469,0.0,74.71399688720703,True,True,56.83000183105469,0.0,88.19599914550781,True,True,50.790000915527344,0.0,81.03199768066406,True,True,70.97000122070312,0.0,76.08200073242188,True,True,44.58000183105469,0.0,75.29000091552734,True,True,46.43000030517578,0.0,77.197998046875,True,True,50.150001525878906,0.0,83.33599853515625,True,True,-25.0,66.94000244140625,,,,47.5880012512207,210.0019989013672,48.02000045776367,160.0,40.0,
2021-08-12 10:45:00,,,,,43.900001525878906,0.0,83.17400360107422,True,True,99.88999938964844,0.0,76.802001953125,True,True,90.9000015258789,0.0,75.4520034790039,True,True,100.0,0.0,98.77999877929688,True,True,46.81999969482422,0.0,74.76799774169922,True,True,54.63999938964844,0.0,88.82599639892578,True,True,52.279998779296875,0.0,82.18399810791016,True,True,71.73999786376953,0.0,76.0999984741211,True,True,42.540000915527344,0.0,75.30799865722656,True,True,48.0099983215332,0.0,77.21600341796875,True,True,57.380001068115234,0.0,84.21800231933594,True,True,-25.0,68.95999908447266,,,,47.731998443603516,210.0019989013672,48.18199920654297,176.0,44.0,
2021-08-12 11:00:00,,,,,45.66999816894531,0.0,81.28399658203125,True,True,100.0,0.0,75.9739990234375,True,True,90.66999816894531,0.0,75.4520034790039,True,True,100.0,0.0,98.94200134277344,True,True,46.20000076293945,0.0,74.64199829101562,True,True,58.52000045776367,0.0,89.61799621582031,True,True,54.119998931884766,0.0,83.06600189208984,True,True,75.36000061035156,0.0,76.26200103759766,True,True,42.869998931884766,0.0,75.30799865722656,True,True,56.810001373291016,0.0,77.25199890136719,True,True,84.94000244140625,0.0,84.95600128173828,True,True,-25.0,70.79000091552734,,,,47.80400085449219,210.0019989013672,48.236000061035156,168.0,42.0,
2021-08-12 11:15:00,,,,,48.029998779296875,0.0,82.70600128173828,True,True,98.93000030517578,0.0,75.79399871826172,True,True,92.25,0.0,75.52400207519531,True,True,100.0,0.0,99.26599884033203,True,True,47.2400016784668,0.0,74.76799774169922,True,True,55.189998626708984,0.0,89.90599822998047,True,True,54.84000015258789,0.0,83.64199829101562,True,True,81.20999908447266,0.0,76.58599853515625,True,True,46.709999084472656,0.0,75.30799865722656,True,True,49.130001068115234,0.0,77.44999694824219,True,True,56.06999969482422,0.0,85.42400360107422,True,True,-25.0,60.95000076293945,,,,48.9379997253418,210.0019989013672,49.316001892089844,168.0,42.0,
2021-08-12 11:30:00,,,,,44.70000076293945,0.0,80.11399841308594,True,True,100.0,0.0,75.7760009765625,True,True,94.38999938964844,0.0,75.36199951171875,True,True,100.0,0.0,100.02200317382812,True,True,47.779998779296875,0.0,74.91200256347656,True,True,59.810001373291016,0.0,90.6259994506836,True,True,50.18000030517578,0.0,78.00800323486328,True,True,78.91000366210938,0.0,76.42400360107422,True,True,49.36000061035156,0.0,75.32599639892578,True,True,51.54999923706055,0.0,77.14399719238281,True,True,64.37999725341797,0.0,86.30599975585938,True,True,-25.0,70.29000091552734,,,,49.13600158691406,210.0019989013672,49.513999938964844,160.0,40.0,
2021-08-12 11:45:00,,,,,72.4000015258789,0.0,81.68000030517578,True,True,100.0,0.0,75.7760009765625,True,True,100.0,0.0,75.63200378417969,True,True,100.0,0.0,100.50800323486328,True,True,62.7400016784668,0.0,74.93000030517578,True,True,76.54000091552734,0.0,91.41799926757812,True,True,43.689998626708984,0.0,75.72200012207031,True,True,74.47000122070312,0.0,76.24400329589844,True,True,47.380001068115234,0.0,75.29000091552734,True,True,48.790000915527344,0.0,77.14399719238281,True,True,59.099998474121094,0.0,87.51200103759766,True,True,-25.0,99.95999908447266,,,,55.43600082397461,210.0019989013672,56.38999938964844,168.0,42.0,
2021-08-12 12:00:00,,,,,57.970001220703125,0.0,83.35399627685547,True,True,89.12999725341797,0.0,76.0459976196289,True,True,99.48999786376953,0.0,75.68599700927734,True,True,94.8499984741211,0.0,100.4540023803711,True,True,48.95000076293945,0.0,74.89399719238281,True,True,67.0999984741211,0.0,91.43599700927734,True,True,53.220001220703125,0.0,84.41600036621094,True,True,81.68000030517578,0.0,76.33399963378906,True,True,45.95000076293945,0.0,75.27200317382812,True,True,51.349998474121094,0.0,77.28800201416016,True,True,63.29999923706055,0.0,88.19599914550781,True,True,-25.0,92.81999969482422,,,,54.518001556396484,210.0019989013672,54.895999908447266,168.0,42.0,
2021-08-12 12:15:00,,,,,52.4900016784668,0.0,83.06600189208984,True,True,94.80000305175781,0.0,75.99199676513672,True,True,96.37000274658203,0.0,75.66799926757812,True,True,97.05999755859375,0.0,100.77799987792969,True,True,48.13999938964844,0.0,74.93000030517578,True,True,63.61000061035156,0.0,91.68800354003906,True,True,48.810001373291016,0.0,75.79399871826172,True,True,79.19999694824219,0.0,76.31600189208984,True,True,46.220001220703125,0.0,75.27200317382812,True,True,54.18000030517578,0.0,77.14399719238281,True,True,65.66999816894531,0.0,88.80799865722656,True,True,-25.0,86.1500015258789,,,,51.97999954223633,210.0019989013672,52.321998596191406,168.0,42.0,
2021-08-12 12:30:00,,,,,78.18000030517578,0.0,85.02799987792969,True,True,100.0,0.0,80.4020004272461,True,True,100.0,0.0,75.72200012207031,True,True,100.0,0.0,100.38200378417969,True,True,66.11000061035156,0.0,75.00199890136719,True,True,78.11000061035156,0.0,91.27400207519531,True,True,55.619998931884766,0.0,83.78600311279297,True,True,95.94999694824219,0.0,76.65799713134766,True,True,52.2400016784668,0.0,75.36199951171875,True,True,59.709999084472656,0.0,77.41400146484375,True,True,76.19000244140625,0.0,89.2760009765625,True,True,-25.0,99.95999908447266,,,,57.07400131225586,210.0019989013672,58.24399948120117,168.0,42.0,
2021-08-12 12:45:00,,,,,61.65999984741211,0.0,83.78600311279297,True,True,84.93000030517578,0.0,76.65799713134766,True,True,88.80999755859375,0.0,75.72200012207031,True,True,97.31999969482422,0.0,100.41799926757812,True,True,49.56999969482422,0.0,75.0199966430664,True,True,71.0,0.0,90.84200286865234,True,True,56.97999954223633,0.0,77.05400085449219,True,True,95.37999725341797,0.0,76.47799682617188,True,True,49.5,0.0,75.52400207519531,True,True,57.369998931884766,0.0,77.10800170898438,True,True,68.0,0.0,89.29399871826172,True,True,-25.0,96.01000213623047,,,,54.284000396728516,210.0019989013672,54.4640007019043,168.0,42.0,
2021-08-12 13:00:00,,,,,61.029998779296875,0.0,84.03800201416016,True,True,90.58999633789062,0.0,76.35199737548828,True,True,87.6500015258789,0.0,75.79399871826172,True,True,100.0,0.0,100.63400268554688,True,True,48.61000061035156,0.0,75.0739974975586,True,True,72.16999816894531,0.0,91.63400268554688,True,True,54.209999084472656,0.0,80.29399871826172,True,True,95.16999816894531,0.0,76.44200134277344,True,True,50.150001525878906,0.0,75.4520034790039,True,True,59.66999816894531,0.0,77.0719985961914,True,True,73.38999938964844,0.0,89.09600067138672,True,True,-25.0,93.56999969482422,,,,51.763999938964844,210.0019989013672,52.268001556396484,168.0,42.0,
2021-08-12 13:15:00,,,,,57.310001373291016,0.0,83.31800079345703,True,True,93.72000122070312,0.0,76.89199829101562,True,True,89.43000030517578,0.0,75.79399871826172,True,True,100.0,0.0,100.66999816894531,True,True,46.380001068115234,0.0,74.89399719238281,True,True,65.41000366210938,0.0,90.98600006103516,True,True,59.880001068115234,0.0,79.75399780273438,True,True,100.0,0.0,76.58599853515625,True,True,49.27000045776367,0.0,75.4520034790039,True,True,61.119998931884766,0.0,77.25199890136719,True,True,85.79000091552734,0.0,88.3759994506836,True,True,-25.0,92.8499984741211,,,,49.58599853515625,210.0019989013672,50.05400085449219,168.0,42.0,
2021-08-12 13:30:00,,,,,71.30000305175781,0.0,81.93199920654297,True,True,99.16999816894531,0.0,76.33399963378906,True,True,91.36000061035156,0.0,75.59600067138672,True,True,100.0,0.0,100.41799926757812,True,True,51.33000183105469,0.0,74.91200256347656,True,True,73.33999633789062,0.0,90.41000366210938,True,True,52.33000183105469,0.0,75.09200286865234,True,True,99.08000183105469,0.0,76.47799682617188,True,True,54.83000183105469,0.0,75.5780029296875,True,True,59.720001220703125,0.0,77.14399719238281,True,True,82.01000213623047,0.0,87.13400268554688,True,True,-25.0,90.69999694824219,,,,60.332000732421875,210.0019989013672,59.36000061035156,176.0,44.0,
2021-08-12 13:45:00,,,,,66.93000030517578,0.0,84.6500015258789,True,True,100.0,0.0,77.43199920654297,True,True,94.0,0.0,75.88400268554688,True,True,100.0,0.0,100.4540023803711,True,True,49.7400016784668,0.0,75.09200286865234,True,True,82.27999877929688,0.0,91.34600067138672,True,True,57.93000030517578,0.0,84.12799835205078,True,True,95.69999694824219,0.0,76.47799682617188,True,True,47.59000015258789,0.0,75.50599670410156,True,True,56.91999816894531,0.0,77.34200286865234,True,True,82.54000091552734,0.0,87.00800323486328,True,True,-25.0,97.36000061035156,,,,52.10599899291992,210.0019989013672,52.71799850463867,168.0,42.0,
2021-08-12 14:00:00,,,,,72.01000213623047,0.0,83.17400360107422,True,True,99.47000122070312,0.0,76.49600219726562,True,True,94.4800033569336,0.0,75.75800323486328,True,True,93.88999938964844,0.0,100.22000122070312,True,True,53.540000915527344,0.0,74.98400115966797,True,True,74.94999694824219,0.0,91.04000091552734,True,True,46.15999984741211,0.0,76.33399963378906,True,True,95.63999938964844,0.0,76.38800048828125,True,True,44.7400016784668,0.0,75.50599670410156,True,True,58.380001068115234,0.0,77.37799835205078,True,True,67.4800033569336,0.0,86.48600006103516,True,True,-25.0,96.91000366210938,,,,63.6619987487793,210.0019989013672,63.82400131225586,168.0,42.0,
2021-08-12 14:15:00,,,,,68.27999877929688,0.0,83.73200225830078,True,True,100.0,0.0,76.71199798583984,True,True,96.12999725341797,0.0,75.86599731445312,True,True,95.75,0.0,100.66999816894531,True,True,50.11000061035156,0.0,75.12799835205078,True,True,93.08999633789062,0.0,90.53600311279297,True,True,80.54000091552734,0.0,81.68000030517578,True,True,100.0,0.0,76.44200134277344,True,True,72.20999908447266,0.0,75.66799926757812,True,True,76.23999786376953,0.0,77.77400207519531,True,True,100.0,0.0,87.20600128173828,True,True,-25.0,99.98999786376953,,,,51.709999084472656,210.0019989013672,52.15999984741211,176.0,44.0,
2021-08-12 14:30:00,,,,,68.70999908447266,0.0,84.55999755859375,True,True,90.86000061035156,0.0,77.28800201416016,True,True,96.69000244140625,0.0,75.81199645996094,True,True,95.95999908447266,0.0,100.81400299072266,True,True,48.5,0.0,75.09200286865234,True,True,75.37999725341797,0.0,90.51799774169922,True,True,60.0,0.0,79.75399780273438,True,True,94.45999908447266,0.0,76.47799682617188,True,True,47.66999816894531,0.0,75.63200378417969,True,True,59.529998779296875,0.0,77.57599639892578,True,True,94.38999938964844,0.0,87.13400268554688,True,True,-25.0,99.95999908447266,,,,57.02000045776367,210.0019989013672,56.47999954223633,168.0,42.0,
2021-08-12 14:45:00,,,,,72.83999633789062,0.0,84.66799926757812,True,True,100.0,0.0,76.49600219726562,True,True,100.0,0.0,75.81199645996094,True,True,99.05999755859375,0.0,100.56199645996094,True,True,51.380001068115234,0.0,75.12799835205078,True,True,87.97000122070312,0.0,89.65399932861328,True,True,64.44999694824219,0.0,75.36199951171875,True,True,100.0,0.0,76.47799682617188,True,True,67.16999816894531,0.0,75.86599731445312,True,True,84.58999633789062,0.0,77.43199920654297,True,True,100.0,0.0,85.71199798583984,True,True,-25.0,98.37000274658203,,,,51.58399963378906,210.0019989013672,52.19599914550781,168.0,42.0,
2021-08-12 15:00:00,,,,,69.80999755859375,0.0,84.93800354003906,True,True,100.0,0.0,78.87200164794922,True,True,89.55999755859375,0.0,75.88400268554688,True,True,91.3499984741211,0.0,99.71600341796875,True,True,48.86000061035156,0.0,75.19999694824219,True,True,74.1500015258789,0.0,89.04199981689453,True,True,59.20000076293945,0.0,83.64199829101562,True,True,95.41999816894531,0.0,76.53199768066406,True,True,53.84000015258789,0.0,75.66799926757812,True,True,61.040000915527344,0.0,77.7020034790039,True,True,97.7699966430664,0.0,85.60399627685547,True,True,-25.0,99.91000366210938,,,,50.41400146484375,210.0019989013672,50.917999267578125,184.0,46.0,
2021-08-12 15:15:00,,,,,79.44000244140625,0.0,85.06400299072266,True,True,100.0,0.0,79.73600006103516,True,True,97.66000366210938,0.0,75.9020004272461,True,True,94.30000305175781,0.0,100.04000091552734,True,True,49.189998626708984,0.0,75.14600372314453,True,True,76.58000183105469,0.0,89.00599670410156,True,True,77.81999969482422,0.0,78.36799621582031,True,True,100.0,0.0,76.44200134277344,True,True,68.29000091552734,0.0,75.9020004272461,True,True,85.91000366210938,0.0,77.62999725341797,True,True,100.0,0.0,85.74800109863281,True,True,-25.0,99.94999694824219,,,,50.61199951171875,210.0019989013672,51.097999572753906,168.0,42.0,
2021-08-12 15:30:00,,,,,97.26000213623047,0.0,80.72599792480469,True,True,100.0,0.0,76.49600219726562,True,True,100.0,0.0,75.99199676513672,True,True,100.0,0.0,100.09400177001953,True,True,69.83000183105469,0.0,75.16400146484375,True,True,100.0,0.0,89.58200073242188,True,True,55.56999969482422,0.0,75.29000091552734,True,True,98.69000244140625,0.0,76.53199768066406,True,True,54.68000030517578,0.0,75.91999816894531,True,True,64.68000030517578,0.0,77.7020034790039,True,True,88.72000122070312,0.0,85.78399658203125,True,True,-25.0,99.9800033569336,,,,60.2599983215332,210.0019989013672,60.65599822998047,176.0,44.0,
2021-08-12 15:45:00,,,,,100.0,0.0,85.69400024414062,True,True,100.0,0.0,76.53199768066406,True,True,100.0,0.0,76.1719970703125,True,True,100.0,0.0,100.07599639892578,True,True,71.66999816894531,0.0,75.34400177001953,True,True,80.16000366210938,0.0,89.00599670410156,True,True,56.0,0.0,83.46199798583984,True,True,94.1500015258789,0.0,76.51399993896484,True,True,50.58000183105469,0.0,75.75800323486328,True,True,66.16000366210938,0.0,77.9000015258789,True,True,85.5999984741211,0.0,85.63999938964844,True,True,-25.0,99.98999786376953,,,,58.24399948120117,210.0019989013672,58.891998291015625,168.0,42.0,
2021-08-12 16:00:00,,,,,93.91999816894531,0.0,86.1259994506836,True,True,100.0,0.0,90.33799743652344,True,True,99.37999725341797,0.0,76.24400329589844,True,True,100.0,0.0,100.38200378417969,True,True,59.029998779296875,0.0,75.23600006103516,True,True,79.1500015258789,0.0,88.82599639892578,True,True,80.4800033569336,0.0,78.2239990234375,True,True,100.0,0.0,76.53199768066406,True,True,74.19999694824219,0.0,75.75800323486328,True,True,76.30999755859375,0.0,77.73799896240234,True,True,100.0,0.0,85.71199798583984,True,True,-25.0,99.98999786376953,,,,51.97999954223633,210.0019989013672,52.53799819946289,176.0,44.0,
2021-08-12 16:15:00,,,,,90.7699966430664,0.0,86.16200256347656,True,True,100.0,0.0,81.12200164794922,True,True,88.83999633789062,0.0,76.20800018310547,True,True,97.80999755859375,0.0,100.56199645996094,True,True,52.7599983215332,0.0,75.21800231933594,True,True,67.72000122070312,0.0,88.93399810791016,True,True,79.86000061035156,0.0,75.61399841308594,True,True,100.0,0.0,76.802001953125,True,True,81.95999908447266,0.0,76.31600189208984,True,True,97.55999755859375,0.0,78.74600219726562,True,True,100.0,0.0,85.0459976196289,True,True,-25.0,99.3499984741211,,,,50.43199920654297,210.0019989013672,50.95399856567383,176.0,44.0,
2021-08-12 16:30:00,,,,,82.30999755859375,0.0,85.7300033569336,True,True,88.58999633789062,0.0,77.2699966430664,True,True,83.69999694824219,0.0,75.99199676513672,True,True,98.61000061035156,0.0,100.4540023803711,True,True,51.380001068115234,0.0,75.18199920654297,True,True,65.4800033569336,0.0,89.18599700927734,True,True,87.47000122070312,0.0,83.24600219726562,True,True,100.0,0.0,76.76599884033203,True,True,76.72000122070312,0.0,76.22599792480469,True,True,98.87999725341797,0.0,79.43000030517578,True,True,100.0,0.0,84.8479995727539,True,True,-25.0,93.93000030517578,,,,49.85599899291992,210.0019989013672,50.32400131225586,176.0,44.0,
2021-08-12 16:45:00,,,,,71.5199966430664,0.0,86.43199920654297,True,True,92.19000244140625,0.0,79.82599639892578,True,True,77.63999938964844,0.0,75.93800354003906,True,True,99.62999725341797,0.0,100.29199981689453,True,True,49.33000183105469,0.0,75.09200286865234,True,True,67.02999877929688,0.0,89.0780029296875,True,True,71.94000244140625,0.0,83.91200256347656,True,True,99.95999908447266,0.0,76.802001953125,True,True,68.0999984741211,0.0,76.13600158691406,True,True,98.13999938964844,0.0,79.03399658203125,True,True,93.55000305175781,0.0,85.06400299072266,True,True,-25.0,91.3499984741211,,,,49.02799987792969,210.0019989013672,49.49599838256836,176.0,44.0,
2021-08-12 17:00:00,,,,,76.77999877929688,0.0,85.65799713134766,True,True,96.95999908447266,0.0,81.68000030517578,True,True,76.4800033569336,0.0,75.8479995727539,True,True,100.0,0.0,99.68000030517578,True,True,50.290000915527344,0.0,75.19999694824219,True,True,67.7300033569336,0.0,88.59200286865234,True,True,61.040000915527344,0.0,77.23400115966797,True,True,87.7300033569336,0.0,76.74800109863281,True,True,51.65999984741211,0.0,75.95600128173828,True,True,76.12000274658203,0.0,77.86399841308594,True,True,82.68000030517578,0.0,85.42400360107422,True,True,-25.0,86.30999755859375,,,,49.74800109863281,210.0019989013672,50.198001861572266,168.0,42.0,
2021-08-12 17:15:00,,,,,64.83000183105469,0.0,84.18199920654297,True,True,100.0,0.0,77.2699966430664,True,True,75.62000274658203,0.0,75.81199645996094,True,True,100.0,0.0,98.99600219726562,True,True,49.130001068115234,0.0,75.09200286865234,True,True,64.48999786376953,0.0,87.04399871826172,True,True,58.220001220703125,0.0,75.4520034790039,True,True,86.63999938964844,0.0,76.65799713134766,True,True,55.90999984741211,0.0,75.93800354003906,True,True,72.79000091552734,0.0,77.73799896240234,True,True,72.33000183105469,0.0,85.85600280761719,True,True,-25.0,85.37000274658203,,,,49.13600158691406,210.0019989013672,49.53200149536133,168.0,42.0,
2021-08-12 17:30:00,,,,,86.44000244140625,0.0,83.85800170898438,True,True,90.08000183105469,0.0,80.88800048828125,True,True,85.94999694824219,0.0,75.86599731445312,True,True,100.0,0.0,98.4020004272461,True,True,59.310001373291016,0.0,75.09200286865234,True,True,67.55000305175781,0.0,86.3239974975586,True,True,55.400001525878906,0.0,83.75,True,True,80.88999938964844,0.0,76.58599853515625,True,True,51.18000030517578,0.0,75.81199645996094,True,True,69.2699966430664,0.0,77.97200012207031,True,True,66.93000030517578,0.0,86.43199920654297,True,True,-25.0,99.8499984741211,,,,58.71200180053711,210.0019989013672,59.37799835205078,160.0,40.0,
2021-08-12 17:45:00,,,,,75.22000122070312,0.0,84.61399841308594,True,True,97.18000030517578,0.0,77.46800231933594,True,True,84.31999969482422,0.0,75.93800354003906,True,True,94.04000091552734,0.0,100.56199645996094,True,True,45.220001220703125,0.0,75.12799835205078,True,True,63.630001068115234,0.0,85.35199737548828,True,True,55.439998626708984,0.0,78.18800354003906,True,True,81.9800033569336,0.0,76.51399993896484,True,True,50.27000045776367,0.0,75.86599731445312,True,True,71.98999786376953,0.0,77.88200378417969,True,True,67.20999908447266,0.0,86.05400085449219,True,True,-25.0,89.37000274658203,,,,49.71200180053711,210.0019989013672,50.198001861572266,160.0,40.0,
2021-08-12 18:00:00,,,,,72.08999633789062,0.0,83.19200134277344,True,True,99.62999725341797,0.0,76.63999938964844,True,True,78.48999786376953,0.0,75.88400268554688,True,True,69.12999725341797,0.0,99.12200164794922,True,True,51.34000015258789,0.0,74.96600341796875,True,True,63.27000045776367,0.0,85.62200164794922,True,True,50.70000076293945,0.0,75.41600036621094,True,True,77.91999816894531,0.0,76.49600219726562,True,True,53.2599983215332,0.0,75.83000183105469,True,True,71.08000183105469,0.0,77.79199981689453,True,True,65.19999694824219,0.0,84.4520034790039,True,True,-24.989999771118164,84.66000366210938,,,,49.13600158691406,210.0019989013672,49.56800079345703,160.0,40.0,
2021-08-12 18:15:00,,,,,83.9800033569336,0.0,82.41799926757812,True,True,100.0,0.0,76.13600158691406,True,True,99.16999816894531,0.0,75.88400268554688,True,True,85.02999877929688,0.0,99.86000061035156,True,True,59.11000061035156,0.0,74.98400115966797,True,True,74.66999816894531,0.0,85.08200073242188,True,True,62.7400016784668,0.0,81.697998046875,True,True,99.33000183105469,0.0,76.60399627685547,True,True,53.27000045776367,0.0,75.83000183105469,True,True,82.75,0.0,78.1520004272461,True,True,83.12999725341797,0.0,83.53399658203125,True,True,-25.0,99.95999908447266,,,,53.077999114990234,210.0019989013672,53.88800048828125,160.0,40.0,
2021-08-12 18:30:00,,,,,68.0199966430664,0.0,81.98600006103516,True,True,100.0,0.0,77.61199951171875,True,True,88.05999755859375,0.0,75.86599731445312,True,True,68.55999755859375,0.0,100.7239990234375,True,True,48.65999984741211,0.0,74.96600341796875,True,True,59.95000076293945,0.0,84.16400146484375,True,True,54.40999984741211,0.0,81.24800109863281,True,True,88.91000366210938,0.0,76.42400360107422,True,True,51.150001525878906,0.0,75.7040023803711,True,True,61.439998626708984,0.0,78.11599731445312,True,True,68.87000274658203,0.0,82.34600067138672,True,True,-25.0,83.43000030517578,,,,49.06399917602539,210.0019989013672,49.56800079345703,160.0,40.0,
2021-08-12 18:45:00,,,,,64.23999786376953,0.0,81.21199798583984,True,True,100.0,0.0,76.94599914550781,True,True,81.81999969482422,0.0,75.73999786376953,True,True,61.720001220703125,0.0,100.81400299072266,True,True,47.15999984741211,0.0,74.80400085449219,True,True,53.25,0.0,83.6240005493164,True,True,60.290000915527344,0.0,80.90599822998047,True,True,83.80000305175781,0.0,76.44200134277344,True,True,53.4900016784668,0.0,75.61399841308594,True,True,61.25,0.0,78.04399871826172,True,True,73.47000122070312,0.0,81.80599975585938,True,True,-25.0,67.94000244140625,,,,48.25400161743164,210.0019989013672,48.757999420166016,152.0,38.0,
2021-08-12 19:00:00,,,,,60.150001525878906,0.0,80.65399932861328,True,True,100.0,0.0,76.85600280761719,True,True,79.66000366210938,0.0,75.7040023803711,True,True,57.84000015258789,0.0,92.947998046875,True,True,45.7599983215332,0.0,74.73200225830078,True,True,50.59000015258789,0.0,83.35399627685547,True,True,54.22999954223633,0.0,81.03199768066406,True,True,97.86000061035156,0.0,76.51399993896484,True,True,51.16999816894531,0.0,75.63200378417969,True,True,69.27999877929688,0.0,78.0979995727539,True,True,70.27999877929688,0.0,81.8239974975586,True,True,-25.0,63.869998931884766,,,,47.354000091552734,210.0019989013672,47.731998443603516,160.0,40.0,
2021-08-12 19:15:00,,,,,57.439998626708984,0.0,80.29399871826172,True,True,100.0,0.0,76.49600219726562,True,True,74.63999938964844,0.0,75.59600067138672,True,True,51.95000076293945,0.0,94.08200073242188,True,True,44.09000015258789,0.0,74.6240005493164,True,True,49.41999816894531,0.0,82.95800018310547,True,True,47.15999984741211,0.0,80.52799987792969,True,True,90.56999969482422,0.0,76.35199737548828,True,True,43.75,0.0,75.50599670410156,True,True,64.54000091552734,0.0,78.04399871826172,True,True,58.38999938964844,0.0,81.302001953125,True,True,-25.0,59.36000061035156,,,,51.90800094604492,210.0019989013672,51.60200119018555,152.0,38.0,
2021-08-12 19:30:00,,,,,56.540000915527344,0.0,79.62799835205078,True,True,100.0,0.0,76.13600158691406,True,True,80.27999877929688,0.0,75.7040023803711,True,True,61.75,0.0,94.71199798583984,True,True,45.939998626708984,0.0,74.66000366210938,True,True,59.650001525878906,0.0,82.6520004272461,True,True,44.27000045776367,0.0,80.3479995727539,True,True,86.1500015258789,0.0,76.26200103759766,True,True,40.880001068115234,0.0,75.52400207519531,True,True,61.08000183105469,0.0,77.9000015258789,True,True,52.4900016784668,0.0,80.99600219726562,True,True,-25.0,69.83999633789062,,,,48.39799880981445,210.0019989013672,48.9379997253418,144.0,36.0,
2021-08-12 19:45:00,,,,,57.560001373291016,0.0,79.08799743652344,True,True,92.93000030517578,0.0,75.95600128173828,True,True,80.18000030517578,0.0,75.66799926757812,True,True,58.689998626708984,0.0,100.29199981689453,True,True,46.97999954223633,0.0,74.6240005493164,True,True,48.27000045776367,0.0,81.73400115966797,True,True,46.16999816894531,0.0,79.98799896240234,True,True,81.5,0.0,76.15399932861328,True,True,44.439998626708984,0.0,75.4520034790039,True,True,46.34000015258789,5.710000038146973,77.86399841308594,True,True,54.88999938964844,0.0,80.43800354003906,True,True,-25.0,69.6500015258789,,,,47.7140007019043,210.0019989013672,48.07400131225586,144.0,36.0,
2021-08-12 20:00:00,,,,,53.790000915527344,0.0,78.81800079345703,True,True,98.12000274658203,0.0,79.91600036621094,True,True,74.08999633789062,0.0,75.68599700927734,True,True,62.900001525878906,0.0,95.39600372314453,True,True,41.9900016784668,0.0,74.552001953125,True,True,47.099998474121094,0.0,81.39199829101562,True,True,64.81999969482422,0.0,79.3759994506836,True,True,82.37000274658203,0.0,76.06400299072266,True,True,52.900001525878906,0.0,75.47000122070312,True,True,58.810001373291016,0.0,77.86399841308594,True,True,71.72000122070312,0.0,79.50199890136719,True,True,-25.0,66.83999633789062,,,,46.29199981689453,210.0019989013672,46.70600128173828,144.0,36.0,
2021-08-12 20:15:00,,,,,48.25,0.4899999797344208,78.4219970703125,True,True,100.0,0.0,83.17400360107422,True,True,72.76000213623047,0.0,75.61399841308594,True,True,61.95000076293945,0.0,93.99199676513672,True,True,44.939998626708984,0.0,74.552001953125,True,True,50.31999969482422,0.0,80.4020004272461,True,True,46.56999969482422,0.0,78.51200103759766,True,True,84.73999786376953,0.0,76.13600158691406,True,True,41.400001525878906,0.0,75.41600036621094,True,True,59.72999954223633,0.0,77.84600067138672,True,True,50.0099983215332,0.0,78.2239990234375,True,True,-25.0,81.44999694824219,,,,46.36399841308594,210.0019989013672,46.832000732421875,160.0,40.0,
2021-08-12 20:30:00,,,,,47.290000915527344,0.0,78.38600158691406,True,True,88.05000305175781,0.0,81.41000366210938,True,True,75.51000213623047,0.0,75.5780029296875,True,True,63.83000183105469,0.0,81.80599975585938,True,True,42.5,0.0,74.552001953125,True,True,50.220001220703125,0.0,79.62799835205078,True,True,48.06999969482422,0.0,78.31400299072266,True,True,78.11000061035156,0.0,76.06400299072266,True,True,40.790000915527344,0.0,75.41600036621094,True,True,56.279998779296875,0.0,77.68399810791016,True,True,52.099998474121094,0.0,77.73799896240234,True,True,-25.0,63.34000015258789,,,,45.84199905395508,210.0019989013672,46.310001373291016,152.0,38.0,
2021-08-12 20:45:00,,,,,46.25,0.0,78.06199645996094,True,True,92.73999786376953,0.0,84.32599639892578,True,True,72.22000122070312,0.0,75.54199981689453,True,True,67.73999786376953,0.0,87.45800018310547,True,True,46.130001068115234,0.0,74.552001953125,True,True,50.43000030517578,0.0,79.21399688720703,True,True,45.18000030517578,0.0,77.9000015258789,True,True,76.70999908447266,0.0,75.99199676513672,True,True,39.599998474121094,0.0,75.29000091552734,True,True,43.369998931884766,9.09000015258789,77.57599639892578,True,True,46.599998474121094,0.0,77.34200286865234,True,True,-25.0,64.4000015258789,,,,45.194000244140625,210.0019989013672,45.625999450683594,152.0,38.0,
2021-08-12 21:00:00,,,,,45.33000183105469,0.0,77.84600067138672,True,True,96.75,0.0,83.51599884033203,True,True,71.05999755859375,0.0,75.54199981689453,True,True,67.20999908447266,0.0,87.13400268554688,True,True,46.36000061035156,0.0,74.64199829101562,True,True,52.90999984741211,0.0,78.87200164794922,True,True,46.790000915527344,0.0,77.77400207519531,True,True,77.88999938964844,0.0,75.93800354003906,True,True,40.279998779296875,0.0,75.37999725341797,True,True,50.72999954223633,0.0,77.59400177001953,True,True,76.45999908447266,0.0,76.83799743652344,True,True,-25.0,64.80999755859375,,,,46.6879997253418,210.0019989013672,47.31800079345703,136.0,34.0,
2021-08-12 21:15:00,,,,,47.7400016784668,0.0,77.37799835205078,True,True,100.0,0.0,82.5260009765625,True,True,70.80000305175781,0.0,75.63200378417969,True,True,67.72000122070312,0.0,91.4540023803711,True,True,44.189998626708984,0.0,74.51599884033203,True,True,53.27000045776367,0.0,78.47599792480469,True,True,49.2400016784668,0.0,77.61199951171875,True,True,75.2699966430664,0.0,75.95600128173828,True,True,41.709999084472656,0.0,75.41600036621094,True,True,54.72999954223633,0.0,77.57599639892578,True,True,51.209999084472656,0.0,76.2979965209961,True,True,-25.0,64.51000213623047,,,,45.44599914550781,210.0019989013672,45.87799835205078,152.0,38.0,
2021-08-12 21:30:00,,,,,45.119998931884766,0.0,77.01799774169922,True,True,86.73999786376953,0.0,84.68599700927734,True,True,69.58000183105469,0.0,75.66799926757812,True,True,72.27999877929688,0.0,93.14600372314453,True,True,44.08000183105469,0.0,74.4800033569336,True,True,49.15999984741211,0.0,78.20600128173828,True,True,48.06999969482422,0.0,77.28800201416016,True,True,71.11000061035156,0.0,75.9020004272461,True,True,39.29999923706055,0.0,75.43399810791016,True,True,46.09000015258789,0.0,77.54000091552734,True,True,48.68000030517578,0.0,76.11799621582031,True,True,-25.0,64.55000305175781,,,,45.55400085449219,210.0019989013672,46.00400161743164,152.0,38.0,
2021-08-12 21:45:00,,,,,49.36000061035156,0.0,76.94599914550781,True,True,96.66000366210938,0.0,83.73200225830078,True,True,68.91999816894531,0.0,75.68599700927734,True,True,74.2300033569336,0.0,93.81199645996094,True,True,44.689998626708984,0.0,74.40799713134766,True,True,53.15999984741211,0.0,78.0260009765625,True,True,50.09000015258789,0.0,77.01799774169922,True,True,74.23999786376953,0.0,76.02799987792969,True,True,40.27000045776367,0.0,75.47000122070312,True,True,55.84000015258789,0.0,77.50399780273438,True,True,50.38999938964844,0.0,75.73999786376953,True,True,-25.0,64.55999755859375,,,,45.608001708984375,210.0019989013672,45.96799850463867,152.0,38.0,
2021-08-12 22:00:00,,,,,47.4900016784668,0.0,76.65799713134766,True,True,89.55000305175781,0.0,82.25599670410156,True,True,68.55000305175781,0.0,75.63200378417969,True,True,76.54000091552734,0.0,92.80400085449219,True,True,44.66999816894531,0.0,74.46199798583984,True,True,49.95000076293945,0.0,77.48600006103516,True,True,49.83000183105469,0.0,76.65799713134766,True,True,68.16000366210938,0.0,75.91999816894531,True,True,39.040000915527344,0.0,75.43399810791016,True,True,46.77000045776367,0.0,77.50399780273438,True,True,48.84000015258789,0.0,75.5780029296875,True,True,-25.0,66.11000061035156,,,,45.428001403808594,210.0019989013672,45.84199905395508,152.0,38.0,
2021-08-12 22:15:00,,,,,46.16999816894531,0.0,76.47799682617188,True,True,86.54000091552734,0.0,82.34600067138672,True,True,69.0199966430664,0.0,75.63200378417969,True,True,78.05999755859375,0.0,93.27200317382812,True,True,40.709999084472656,0.0,74.44400024414062,True,True,50.02000045776367,0.0,77.16200256347656,True,True,50.20000076293945,0.0,76.33399963378906,True,True,72.44000244140625,0.0,75.88400268554688,True,True,41.5099983215332,0.0,75.41600036621094,True,True,48.06999969482422,0.0,77.50399780273438,True,True,48.36000061035156,0.0,74.80400085449219,True,True,-25.0,66.83999633789062,,,,45.40999984741211,210.0019989013672,45.84199905395508,144.0,36.0,
2021-08-12 22:30:00,,,,,47.08000183105469,0.0,76.01000213623047,True,True,91.37999725341797,0.0,80.72599792480469,True,True,69.12000274658203,0.0,75.63200378417969,True,True,82.36000061035156,0.0,93.36199951171875,True,True,45.119998931884766,0.0,74.51599884033203,True,True,53.970001220703125,0.0,76.9280014038086,True,True,51.09000015258789,0.0,75.9739990234375,True,True,71.94999694824219,0.0,75.95600128173828,True,True,38.34000015258789,0.0,75.41600036621094,True,True,45.56999969482422,0.0,77.50399780273438,True,True,48.08000183105469,0.0,74.30000305175781,True,True,-25.0,66.33999633789062,,,,45.5359992980957,210.0019989013672,45.96799850463867,160.0,40.0,
2021-08-12 22:45:00,,,,,47.2599983215332,0.0,75.95600128173828,True,True,95.81999969482422,0.0,80.94200134277344,True,True,68.5,0.0,75.63200378417969,True,True,84.31999969482422,0.0,93.14600372314453,True,True,44.709999084472656,0.0,74.4800033569336,True,True,50.7400016784668,0.0,76.94599914550781,True,True,51.70000076293945,0.0,75.54199981689453,True,True,73.05000305175781,0.0,75.8479995727539,True,True,38.45000076293945,0.0,75.43399810791016,True,True,45.380001068115234,0.0,77.46800231933594,True,True,47.529998779296875,0.0,73.7959976196289,True,True,-25.0,67.3499984741211,,,,45.374000549316406,210.0019989013672,45.82400131225586,144.0,36.0,
2021-08-12 23:00:00,,,,,42.720001220703125,0.0,75.9739990234375,True,True,100.0,0.0,82.25599670410156,True,True,70.5999984741211,0.0,75.68599700927734,True,True,86.16000366210938,0.0,93.14600372314453,True,True,43.86000061035156,0.0,74.44400024414062,True,True,50.650001525878906,0.0,76.9280014038086,True,True,50.029998779296875,0.0,75.05599975585938,True,True,72.80000305175781,0.0,75.86599731445312,True,True,38.560001373291016,0.0,75.34400177001953,True,True,45.529998779296875,0.0,77.46800231933594,True,True,47.61000061035156,0.0,73.76000213623047,True,True,-25.0,80.4000015258789,,,,44.45600128173828,210.0019989013672,44.959999084472656,152.0,38.0,
2021-08-12 23:15:00,,,,,42.619998931884766,0.0,75.86599731445312,True,True,86.2699966430664,0.0,82.43599700927734,True,True,65.54000091552734,0.0,75.63200378417969,True,True,85.79000091552734,0.0,93.30799865722656,True,True,43.130001068115234,0.0,74.44400024414062,True,True,48.18000030517578,0.0,76.62200164794922,True,True,49.650001525878906,0.0,75.09200286865234,True,True,73.26000213623047,0.0,75.83000183105469,True,True,38.79999923706055,0.0,75.41600036621094,True,True,43.91999816894531,0.0,77.39600372314453,True,True,47.189998626708984,0.0,73.36399841308594,True,True,-25.0,79.76000213623047,,,,44.85200119018555,210.0019989013672,45.26599884033203,152.0,38.0,
2021-08-12 23:30:00,,,,,49.25,0.0,75.9020004272461,True,True,92.75,0.0,80.43800354003906,True,True,68.6500015258789,0.0,75.63200378417969,True,True,91.06999969482422,0.0,92.71399688720703,True,True,45.15999984741211,0.0,74.40799713134766,True,True,55.45000076293945,0.0,76.35199737548828,True,True,49.790000915527344,0.0,75.0739974975586,True,True,69.87999725341797,0.0,75.88400268554688,True,True,38.70000076293945,0.0,75.41600036621094,True,True,46.72999954223633,0.0,77.39600372314453,True,True,48.63999938964844,0.0,73.4000015258789,True,True,-25.0,81.87000274658203,,,,49.67599868774414,210.0019989013672,48.79399871826172,152.0,38.0,
2021-08-12 23:45:00,,,,,47.38999938964844,0.0,75.7040023803711,True,True,94.83000183105469,0.0,81.26599884033203,True,True,72.52999877929688,0.0,75.75800323486328,True,True,100.0,0.0,93.4520034790039,True,True,45.04999923706055,0.0,74.4260025024414,True,True,52.56999969482422,0.0,75.7760009765625,True,True,47.4900016784668,0.0,75.00199890136719,True,True,69.91000366210938,0.0,75.88400268554688,True,True,38.47999954223633,0.0,75.34400177001953,True,True,44.09000015258789,0.0,77.39600372314453,True,True,47.150001525878906,0.0,73.5979995727539,True,True,-25.0,85.80999755859375,,,,47.17399978637695,210.0019989013672,47.60599899291992,152.0,38.0,
2021-08-13 00:00:00,,,,,49.529998779296875,0.0,75.03800201416016,True,True,97.44000244140625,0.0,81.10399627685547,True,True,71.43000030517578,0.0,75.66799926757812,True,True,100.0,0.0,92.51599884033203,True,True,43.54999923706055,0.0,74.4260025024414,True,True,54.72999954223633,0.0,75.37999725341797,True,True,49.119998931884766,0.0,74.91200256347656,True,True,68.1500015258789,0.0,75.88400268554688,True,True,41.029998779296875,0.0,75.34400177001953,True,True,47.22999954223633,0.0,77.3239974975586,True,True,48.90999984741211,0.0,73.54399871826172,True,True,-25.0,84.51000213623047,,,,47.04800033569336,210.0019989013672,47.40800094604492,152.0,38.0,
2021-08-13 00:15:00,,,,,52.34000015258789,0.0,74.76799774169922,True,True,87.01000213623047,0.0,80.13200378417969,True,True,72.5199966430664,0.0,75.66799926757812,True,True,100.0,0.0,92.22799682617188,True,True,46.959999084472656,0.0,74.44400024414062,True,True,55.04999923706055,0.0,75.18199920654297,True,True,56.939998626708984,0.0,74.40799713134766,True,True,79.33999633789062,0.0,75.75800323486328,True,True,45.72999954223633,0.0,75.36199951171875,True,True,50.68000030517578,0.0,77.28800201416016,True,True,55.150001525878906,0.0,73.04000091552734,True,True,-25.0,83.5199966430664,,,,49.42399978637695,210.0019989013672,49.9640007019043,152.0,38.0,
2021-08-13 00:30:00,,,,,55.0099983215332,0.0,74.66000366210938,True,True,91.08000183105469,0.0,79.5739974975586,True,True,78.87999725341797,0.0,75.68599700927734,True,True,100.0,0.0,92.78600311279297,True,True,47.060001373291016,0.0,74.4260025024414,True,True,59.189998626708984,0.0,74.89399719238281,True,True,49.77000045776367,0.0,73.97599792480469,True,True,74.62999725341797,0.0,75.81199645996094,True,True,43.27000045776367,0.0,75.32599639892578,True,True,49.34000015258789,0.0,77.25199890136719,True,True,48.650001525878906,0.0,72.48200225830078,True,True,-25.0,87.87000274658203,,,,47.15599822998047,210.0019989013672,47.69599914550781,152.0,38.0,
2021-08-13 00:45:00,,,,,54.36000061035156,0.0,74.64199829101562,True,True,90.7300033569336,0.0,82.4540023803711,True,True,77.05000305175781,0.0,75.63200378417969,True,True,100.0,0.0,93.16400146484375,True,True,46.54999923706055,0.0,74.38999938964844,True,True,56.84000015258789,0.0,74.91200256347656,True,True,51.13999938964844,0.0,73.7239990234375,True,True,78.41000366210938,0.0,75.86599731445312,True,True,40.630001068115234,0.0,75.34400177001953,True,True,48.02000045776367,0.0,77.25199890136719,True,True,48.5,0.0,72.12200164794922,True,True,-25.0,85.2699966430664,,,,49.8380012512207,210.0019989013672,50.395999908447266,152.0,38.0,
2021-08-13 01:00:00,,,,,57.470001220703125,0.0,74.58799743652344,True,True,96.95999908447266,0.0,80.83399963378906,True,True,78.77999877929688,0.0,75.7040023803711,True,True,100.0,0.0,93.03800201416016,True,True,47.029998779296875,0.0,74.37200164794922,True,True,59.869998931884766,0.0,74.60600280761719,True,True,58.02000045776367,0.0,73.43599700927734,True,True,79.5,0.0,75.81199645996094,True,True,43.86000061035156,0.0,75.30799865722656,True,True,49.72999954223633,0.0,77.28800201416016,True,True,53.2599983215332,0.0,71.5999984741211,True,True,-25.0,85.0,,,,48.39799880981445,210.0019989013672,48.9379997253418,152.0,38.0,
2021-08-13 01:15:00,,,,,49.029998779296875,0.0,74.26399993896484,True,True,89.55000305175781,0.0,79.35800170898438,True,True,76.79000091552734,0.0,75.68599700927734,True,True,100.0,0.0,92.20999908447266,True,True,42.130001068115234,0.0,74.30000305175781,True,True,57.849998474121094,0.0,74.71399688720703,True,True,51.7400016784668,0.0,73.18399810791016,True,True,80.72000122070312,0.0,75.72200012207031,True,True,40.310001373291016,0.0,75.34400177001953,True,True,52.5,0.0,77.28800201416016,True,True,48.63999938964844,0.0,71.25800323486328,True,True,-25.0,85.31999969482422,,,,47.875999450683594,210.0019989013672,48.36199951171875,152.0,38.0,
2021-08-13 01:30:00,,,,,56.31999969482422,0.0,74.10199737548828,True,True,94.4000015258789,0.0,79.93399810791016,True,True,77.69000244140625,0.0,75.68599700927734,True,True,100.0,0.0,92.8759994506836,True,True,45.720001220703125,0.0,74.26399993896484,True,True,57.86000061035156,0.0,75.00199890136719,True,True,56.189998626708984,0.0,73.18399810791016,True,True,81.18000030517578,0.0,75.7760009765625,True,True,43.97999954223633,0.0,75.34400177001953,True,True,47.47999954223633,0.0,77.28800201416016,True,True,53.20000076293945,0.0,71.4020004272461,True,True,-25.0,84.86000061035156,,,,48.03799819946289,210.0019989013672,48.433998107910156,152.0,38.0,
2021-08-13 01:45:00,,,,,52.099998474121094,0.0,74.12000274658203,True,True,99.70999908447266,0.0,80.85199737548828,True,True,77.62999725341797,0.0,75.68599700927734,True,True,100.0,0.0,91.43599700927734,True,True,45.06999969482422,0.0,74.4260025024414,True,True,57.70000076293945,0.0,74.53399658203125,True,True,53.709999084472656,0.0,73.11199951171875,True,True,85.94000244140625,0.0,75.8479995727539,True,True,42.75,0.0,75.34400177001953,True,True,48.86000061035156,0.0,77.23400115966797,True,True,51.369998931884766,0.0,71.3479995727539,True,True,-25.0,85.06999969482422,,,,48.11000061035156,210.0019989013672,48.560001373291016,152.0,38.0,
2021-08-13 02:00:00,,,,,49.880001068115234,0.0,73.68800354003906,True,True,88.6500015258789,0.0,77.50399780273438,True,True,77.81999969482422,0.0,75.61399841308594,True,True,100.0,0.0,92.4260025024414,True,True,43.38999938964844,0.0,74.30000305175781,True,True,56.41999816894531,0.0,74.38999938964844,True,True,52.90999984741211,0.0,73.02200317382812,True,True,84.94999694824219,0.0,75.72200012207031,True,True,45.68000030517578,0.0,75.27200317382812,True,True,49.5099983215332,0.0,77.14399719238281,True,True,50.52000045776367,0.0,71.4020004272461,True,True,-25.0,85.3499984741211,,,,47.965999603271484,210.0019989013672,48.41600036621094,152.0,38.0,
2021-08-13 02:15:00,,,,,55.2400016784668,0.0,73.7239990234375,True,True,92.86000061035156,0.0,79.052001953125,True,True,81.69000244140625,0.0,75.63200378417969,True,True,100.0,0.0,84.7760009765625,True,True,46.36000061035156,0.0,74.24600219726562,True,True,57.290000915527344,0.0,74.22799682617188,True,True,52.689998626708984,0.0,72.75199890136719,True,True,83.2300033569336,0.0,75.73999786376953,True,True,43.63999938964844,0.0,75.21800231933594,True,True,52.779998779296875,0.0,77.14399719238281,True,True,50.2599983215332,0.0,71.4739990234375,True,True,-25.0,84.1500015258789,,,,47.875999450683594,210.0019989013672,48.32600021362305,160.0,40.0,
2021-08-13 02:30:00,,,,,53.29999923706055,0.0,74.06600189208984,True,True,98.41999816894531,0.0,79.3759994506836,True,True,79.16999816894531,0.0,75.63200378417969,True,True,100.0,0.0,84.99199676513672,True,True,45.91999816894531,0.0,74.22799682617188,True,True,53.40999984741211,0.0,74.19200134277344,True,True,52.599998474121094,0.0,72.66200256347656,True,True,87.36000061035156,0.0,75.68599700927734,True,True,43.5099983215332,0.0,75.16400146484375,True,True,50.25,0.0,77.14399719238281,True,True,49.83000183105469,0.0,71.05999755859375,True,True,-25.0,82.94999694824219,,,,47.69599914550781,210.0019989013672,48.145999908447266,152.0,38.0,
2021-08-13 02:45:00,,,,,52.880001068115234,0.0,73.4000015258789,True,True,90.93000030517578,0.0,78.20600128173828,True,True,79.72000122070312,0.0,75.63200378417969,True,True,100.0,0.0,84.99199676513672,True,True,44.45000076293945,0.0,74.22799682617188,True,True,56.599998474121094,0.0,73.97599792480469,True,True,51.15999984741211,0.0,72.53600311279297,True,True,86.58000183105469,0.0,75.59600067138672,True,True,40.560001373291016,0.0,75.12799835205078,True,True,50.86000061035156,0.0,77.05400085449219,True,True,49.220001220703125,0.0,70.89800262451172,True,True,-25.0,82.86000061035156,,,,47.5880012512207,210.0019989013672,47.965999603271484,144.0,36.0,
2021-08-13 03:00:00,,,,,53.47999954223633,0.0,73.90399932861328,True,True,93.61000061035156,0.0,77.88200378417969,True,True,82.51000213623047,0.0,75.63200378417969,True,True,100.0,0.0,84.83000183105469,True,True,43.380001068115234,0.0,74.22799682617188,True,True,53.47999954223633,0.0,73.97599792480469,True,True,51.209999084472656,0.0,72.21199798583984,True,True,84.9800033569336,0.0,75.61399841308594,True,True,41.15999984741211,0.0,75.14600372314453,True,True,50.52000045776367,0.0,77.01799774169922,True,True,52.34000015258789,0.0,70.68199920654297,True,True,-25.0,82.83999633789062,,,,47.37200164794922,210.0019989013672,47.75,144.0,36.0,
2021-08-13 03:15:00,,,,,48.779998779296875,0.0,73.95800018310547,True,True,98.16999816894531,0.0,79.35800170898438,True,True,79.55000305175781,0.0,75.54199981689453,True,True,100.0,0.0,84.66799926757812,True,True,47.83000183105469,0.0,74.20999908447266,True,True,54.5099983215332,0.0,74.28199768066406,True,True,50.36000061035156,0.0,72.28399658203125,True,True,84.36000061035156,0.0,75.63200378417969,True,True,42.0,0.0,75.16400146484375,True,True,48.43000030517578,0.0,76.96399688720703,True,True,51.93000030517578,0.0,70.5739974975586,True,True,-25.0,82.33999633789062,,,,47.28200149536133,210.0019989013672,47.75,152.0,38.0,
2021-08-13 03:30:00,,,,,51.63999938964844,0.0,73.90399932861328,True,True,100.0,0.0,79.48400115966797,True,True,79.41999816894531,0.0,75.5780029296875,True,True,100.0,0.0,90.64399719238281,True,True,43.52000045776367,0.0,74.15599822998047,True,True,55.43000030517578,0.0,74.13800048828125,True,True,49.79999923706055,0.0,72.1760025024414,True,True,87.2699966430664,0.0,75.72200012207031,True,True,40.209999084472656,0.0,75.0739974975586,True,True,72.76000213623047,0.0,76.96399688720703,True,True,49.83000183105469,0.0,70.73600006103516,True,True,-25.0,83.5999984741211,,,,47.263999938964844,210.0019989013672,47.731998443603516,144.0,36.0,
2021-08-13 03:45:00,,,,,51.630001068115234,0.0,73.68800354003906,True,True,100.0,0.0,77.68399810791016,True,True,79.55000305175781,0.0,75.50599670410156,True,True,100.0,0.0,91.04000091552734,True,True,46.900001525878906,0.0,74.12000274658203,True,True,52.529998779296875,0.0,74.19200134277344,True,True,50.75,0.0,72.1760025024414,True,True,85.19999694824219,0.0,75.63200378417969,True,True,40.810001373291016,0.0,75.03800201416016,True,True,50.2400016784668,0.0,76.9280014038086,True,True,49.869998931884766,0.0,70.62799835205078,True,True,-25.0,82.66000366210938,,,,47.17399978637695,210.0019989013672,47.5880012512207,152.0,38.0,
2021-08-13 04:00:00,,,,,55.939998626708984,0.0,73.54399871826172,True,True,100.0,0.0,77.25199890136719,True,True,83.52999877929688,0.0,75.54199981689453,True,True,100.0,0.0,91.2020034790039,True,True,42.09000015258789,0.0,74.02999877929688,True,True,57.41999816894531,0.0,73.7239990234375,True,True,50.41999816894531,0.0,71.81600189208984,True,True,87.58000183105469,0.0,75.4520034790039,True,True,40.220001220703125,0.0,75.09200286865234,True,True,49.33000183105469,0.0,76.91000366210938,True,True,49.400001525878906,0.0,70.55599975585938,True,True,-25.0,82.36000061035156,,,,47.04800033569336,210.0019989013672,47.46200180053711,152.0,38.0,
2021-08-13 04:15:00,,,,,60.18000030517578,0.0,73.22000122070312,True,True,100.0,0.0,76.802001953125,True,True,80.91999816894531,0.0,75.50599670410156,True,True,100.0,0.0,92.13800048828125,True,True,41.97999954223633,0.0,74.0479965209961,True,True,50.060001373291016,0.0,73.07599639892578,True,True,50.02000045776367,0.0,71.5999984741211,True,True,85.68000030517578,0.0,75.68599700927734,True,True,39.88999938964844,0.0,75.0199966430664,True,True,47.91999816894531,0.0,76.8740005493164,True,True,49.09000015258789,0.0,70.3759994506836,True,True,-25.0,81.2699966430664,,,,46.97600173950195,210.0019989013672,47.42599868774414,152.0,38.0,
2021-08-13 04:30:00,,,,,50.5099983215332,0.0,73.43599700927734,True,True,100.0,0.0,76.65799713134766,True,True,84.12999725341797,0.0,75.5780029296875,True,True,100.0,0.0,92.28199768066406,True,True,46.220001220703125,0.0,73.9219970703125,True,True,52.63999938964844,0.0,73.12999725341797,True,True,52.63999938964844,0.0,71.61799621582031,True,True,88.26000213623047,0.0,75.5780029296875,True,True,39.33000183105469,0.0,74.93000030517578,True,True,45.0,0.0,76.81999969482422,True,True,48.7599983215332,0.0,70.41200256347656,True,True,-25.0,79.55999755859375,,,,46.90399932861328,210.0019989013672,47.33599853515625,152.0,38.0,
2021-08-13 04:45:00,,,,,54.369998931884766,0.0,73.00399780273438,True,True,100.0,0.0,77.21600341796875,True,True,80.5199966430664,0.0,75.50599670410156,True,True,100.0,0.0,90.93199920654297,True,True,41.9900016784668,0.0,74.06600189208984,True,True,49.45000076293945,0.0,73.11199951171875,True,True,52.029998779296875,0.0,71.4739990234375,True,True,87.16000366210938,0.0,75.63200378417969,True,True,40.95000076293945,0.0,74.91200256347656,True,True,45.619998931884766,0.0,76.802001953125,True,True,48.13999938964844,0.0,70.3759994506836,True,True,-25.0,79.83999633789062,,,,46.7599983215332,210.0019989013672,47.209999084472656,152.0,38.0,
2021-08-13 05:00:00,,,,,47.36000061035156,0.0,72.80599975585938,True,True,100.0,0.0,77.0719985961914,True,True,83.87999725341797,0.0,75.59600067138672,True,True,100.0,0.0,85.06400299072266,True,True,42.150001525878906,0.0,74.0479965209961,True,True,56.439998626708984,0.0,73.18399810791016,True,True,50.779998779296875,0.0,71.18599700927734,True,True,87.94999694824219,0.0,75.43399810791016,True,True,41.18000030517578,0.0,74.98400115966797,True,True,54.290000915527344,0.0,76.83799743652344,True,True,45.7400016784668,0.0,69.72799682617188,True,True,-25.0,79.87000274658203,,,,46.7239990234375,210.0019989013672,47.08399963378906,152.0,38.0,
2021-08-13 05:15:00,,,,,51.02000045776367,0.0,72.66200256347656,True,True,94.20999908447266,0.0,78.31400299072266,True,True,81.08000183105469,0.0,75.47000122070312,True,True,100.0,0.0,84.61399841308594,True,True,41.90999984741211,0.0,73.94000244140625,True,True,56.349998474121094,0.0,72.8239974975586,True,True,51.5,0.0,71.4020004272461,True,True,83.93000030517578,0.0,75.43399810791016,True,True,42.08000183105469,0.0,74.98400115966797,True,True,48.08000183105469,0.0,76.78399658203125,True,True,48.040000915527344,0.0,69.94400024414062,True,True,-25.0,80.37000274658203,,,,46.7239990234375,210.0019989013672,47.10200119018555,152.0,38.0,
2021-08-13 05:30:00,,,,,55.41999816894531,0.0,72.60800170898438,True,True,88.66000366210938,0.0,80.16799926757812,True,True,82.26000213623047,0.0,75.50599670410156,True,True,100.0,0.0,83.96600341796875,True,True,41.36000061035156,0.0,73.97599792480469,True,True,56.709999084472656,0.0,72.7699966430664,True,True,51.400001525878906,0.0,71.6719970703125,True,True,81.79000091552734,0.0,75.5780029296875,True,True,44.52000045776367,0.0,74.947998046875,True,True,47.79999923706055,0.0,76.76599884033203,True,True,54.970001220703125,0.0,70.01599884033203,True,True,-25.0,79.4800033569336,,,,46.63399887084961,210.0019989013672,47.04800033569336,152.0,38.0,
2021-08-13 05:45:00,,,,,47.72999954223633,0.0,72.64399719238281,True,True,86.19000244140625,0.0,80.16799926757812,True,True,82.22000122070312,0.0,75.50599670410156,True,True,100.0,0.0,83.78600311279297,True,True,41.29999923706055,0.0,73.86799621582031,True,True,56.380001068115234,0.0,72.302001953125,True,True,51.06999969482422,0.0,71.18599700927734,True,True,83.55000305175781,0.0,75.4520034790039,True,True,39.54999923706055,0.0,74.91200256347656,True,True,47.349998474121094,0.0,76.74800109863281,True,True,52.15999984741211,0.0,69.94400024414062,True,True,-25.0,78.81999969482422,,,,46.400001525878906,210.0019989013672,46.88600158691406,144.0,36.0,
2021-08-13 06:00:00,,,,,51.20000076293945,0.0,72.55400085449219,True,True,87.76000213623047,0.0,79.41200256347656,True,True,81.75,0.0,75.39800262451172,True,True,100.0,0.0,83.947998046875,True,True,41.400001525878906,0.0,73.97599792480469,True,True,55.58000183105469,0.0,72.5719985961914,True,True,50.40999984741211,0.0,70.73600006103516,True,True,86.33999633789062,0.0,75.50599670410156,True,True,45.65999984741211,0.0,74.85800170898438,True,True,52.0,0.0,76.65799713134766,True,True,45.849998474121094,0.0,69.5479965209961,True,True,-25.0,78.79000091552734,,,,46.310001373291016,210.0019989013672,46.7599983215332,152.0,38.0,
2021-08-13 06:15:00,,,,,54.09000015258789,0.0,72.78800201416016,True,True,92.8499984741211,0.0,80.51000213623047,True,True,82.08999633789062,0.0,75.4520034790039,True,True,100.0,0.0,88.80799865722656,True,True,46.38999938964844,0.0,74.01200103759766,True,True,52.54999923706055,0.0,72.64399719238281,True,True,50.029998779296875,0.0,70.41200256347656,True,True,84.61000061035156,0.0,75.52400207519531,True,True,41.43000030517578,0.0,74.8759994506836,True,True,48.16999816894531,0.0,76.60399627685547,True,True,45.79999923706055,0.0,69.2239990234375,True,True,-25.0,78.66000366210938,,,,46.29199981689453,210.0019989013672,46.7239990234375,144.0,36.0,
2021-08-13 06:30:00,,,,,46.54999923706055,0.0,73.00399780273438,True,True,97.7300033569336,0.0,80.1500015258789,True,True,81.23999786376953,0.0,75.50599670410156,True,True,100.0,0.0,90.71600341796875,True,True,41.470001220703125,0.0,73.94000244140625,True,True,55.34000015258789,0.0,73.02200317382812,True,True,49.65999984741211,0.0,70.73600006103516,True,True,81.08999633789062,0.0,75.37999725341797,True,True,44.369998931884766,0.0,74.89399719238281,True,True,51.290000915527344,0.0,76.58599853515625,True,True,50.060001373291016,0.0,69.4219970703125,True,True,-25.0,78.91000366210938,,,,46.327999114990234,210.0019989013672,46.7239990234375,152.0,38.0,
2021-08-13 06:45:00,,,,,49.86000061035156,0.0,73.50800323486328,True,True,100.0,0.0,81.12200164794922,True,True,81.80000305175781,0.0,75.50599670410156,True,True,100.0,0.0,91.7959976196289,True,True,41.939998626708984,0.0,74.02999877929688,True,True,51.41999816894531,0.0,73.2020034790039,True,True,48.90999984741211,0.0,71.02400207519531,True,True,85.9800033569336,0.0,75.50599670410156,True,True,39.36000061035156,0.0,74.80400085449219,True,True,44.25,0.0,76.58599853515625,True,True,47.68000030517578,0.0,69.76399993896484,True,True,-25.0,75.36000061035156,,,,46.29199981689453,210.0019989013672,46.7239990234375,152.0,38.0,
2021-08-13 07:00:00,,,,,51.150001525878906,0.0,74.10199737548828,True,True,100.0,0.0,78.31400299072266,True,True,88.2699966430664,0.0,75.48799896240234,True,True,100.0,0.0,91.86799621582031,True,True,46.060001373291016,0.0,74.08399963378906,True,True,51.060001373291016,0.0,73.90399932861328,True,True,48.5099983215332,0.0,71.00599670410156,True,True,79.05000305175781,0.0,75.48799896240234,True,True,46.2599983215332,0.0,74.78600311279297,True,True,46.66999816894531,0.0,76.58599853515625,True,True,48.540000915527344,0.0,69.87200164794922,True,True,-25.0,66.55999755859375,,,,48.34400177001953,210.0019989013672,49.262001037597656,152.0,38.0,
2021-08-13 07:15:00,,,,,44.560001373291016,0.0,74.8219985961914,True,True,100.0,0.0,78.74600219726562,True,True,83.0,0.0,75.50599670410156,True,True,100.0,0.0,92.06600189208984,True,True,38.58000183105469,0.0,74.10199737548828,True,True,54.599998474121094,0.0,74.49800109863281,True,True,48.34000015258789,0.0,71.56400299072266,True,True,79.2300033569336,0.0,75.30799865722656,True,True,38.279998779296875,0.0,74.8219985961914,True,True,53.11000061035156,0.0,76.58599853515625,True,True,47.130001068115234,0.0,70.447998046875,True,True,-25.0,66.3499984741211,,,,45.3380012512207,210.0019989013672,45.78799819946289,152.0,38.0,
2021-08-13 07:30:00,,,,,54.29999923706055,0.0,75.18199920654297,True,True,100.0,0.0,78.2959976196289,True,True,80.20999908447266,0.0,75.47000122070312,True,True,97.55999755859375,0.0,92.64199829101562,True,True,39.41999816894531,0.0,74.12000274658203,True,True,49.380001068115234,0.0,75.19999694824219,True,True,48.529998779296875,0.0,72.26599884033203,True,True,79.30000305175781,0.0,75.59600067138672,True,True,42.5099983215332,0.0,74.8219985961914,True,True,45.45000076293945,0.0,76.58599853515625,True,True,49.83000183105469,0.0,71.2760009765625,True,True,-25.0,63.45000076293945,,,,44.45600128173828,210.0019989013672,44.45600128173828,152.0,38.0,
2021-08-13 07:45:00,,,,,50.529998779296875,0.0,75.54199981689453,True,True,100.0,0.0,75.93800354003906,True,True,80.62000274658203,0.0,75.47000122070312,True,True,100.0,0.0,85.20800018310547,True,True,39.4900016784668,0.0,74.08399963378906,True,True,49.2599983215332,0.0,75.75800323486328,True,True,47.04999923706055,0.0,72.64399719238281,True,True,84.52999877929688,0.0,75.6500015258789,True,True,44.189998626708984,0.0,75.0199966430664,True,True,51.540000915527344,0.0,76.71199798583984,True,True,46.08000183105469,0.0,72.06800079345703,True,True,-25.0,63.61000061035156,,,,43.53799819946289,210.0019989013672,44.09600067138672,160.0,40.0,
2021-08-13 08:00:00,,,,,46.36000061035156,0.0,76.33399963378906,True,True,95.33999633789062,0.0,77.3239974975586,True,True,76.02999877929688,0.0,75.41600036621094,True,True,89.02999877929688,0.0,86.43199920654297,True,True,36.9900016784668,0.0,74.12000274658203,True,True,51.02000045776367,0.0,77.34200286865234,True,True,48.2400016784668,0.0,73.05799865722656,True,True,83.06999969482422,0.0,75.59600067138672,True,True,38.939998626708984,0.0,75.0199966430664,True,True,49.5099983215332,0.0,76.71199798583984,True,True,49.290000915527344,0.0,72.73400115966797,True,True,-25.0,61.84000015258789,,,,42.2239990234375,210.0019989013672,42.63800048828125,152.0,38.0,
2021-08-13 08:15:00,,,,,47.349998474121094,0.0,76.6760025024414,True,True,97.5,0.0,80.83399963378906,True,True,74.08000183105469,0.0,75.27200317382812,True,True,83.91000366210938,0.0,86.61199951171875,True,True,37.52000045776367,0.0,74.10199737548828,True,True,47.369998931884766,0.0,77.79199981689453,True,True,50.4900016784668,0.0,73.7959976196289,True,True,77.1500015258789,0.0,75.54199981689453,True,True,42.5099983215332,0.0,75.09200286865234,True,True,45.349998474121094,0.0,76.71199798583984,True,True,52.91999816894531,0.0,73.63400268554688,True,True,-25.0,60.79999923706055,,,,41.683998107910156,210.0019989013672,42.13399887084961,144.0,36.0,
2021-08-13 08:30:00,,,,,42.72999954223633,0.0,77.61199951171875,True,True,100.0,0.0,82.11199951171875,True,True,77.69999694824219,0.0,75.36199951171875,True,True,82.72000122070312,0.0,86.25199890136719,True,True,37.369998931884766,0.0,74.0479965209961,True,True,43.849998474121094,0.0,78.96199798583984,True,True,44.84000015258789,0.0,74.73200225830078,True,True,75.45999908447266,0.0,75.63200378417969,True,True,39.54999923706055,0.0,75.14600372314453,True,True,50.709999084472656,0.0,76.8740005493164,True,True,49.119998931884766,0.0,75.09200286865234,True,True,-25.0,60.4900016784668,,,,42.58399963378906,210.0019989013672,42.99800109863281,152.0,38.0,
2021-08-13 08:45:00,,,,,43.31999969482422,0.0,78.20600128173828,True,True,100.0,0.0,81.91400146484375,True,True,74.33000183105469,0.0,75.37999725341797,True,True,84.58000183105469,0.0,92.06600189208984,True,True,42.70000076293945,0.0,74.20999908447266,True,True,47.31999969482422,0.0,79.77200317382812,True,True,42.310001373291016,0.0,75.36199951171875,True,True,72.26000213623047,0.0,75.52400207519531,True,True,38.66999816894531,0.0,75.16400146484375,True,True,44.97999954223633,0.0,76.89199829101562,True,True,47.400001525878906,0.0,75.81199645996094,True,True,-25.0,62.06999969482422,,,,42.83599853515625,210.0019989013672,43.178001403808594,152.0,38.0,
2021-08-13 09:00:00,,,,,42.5099983215332,0.0,78.58399963378906,True,True,88.2699966430664,0.0,81.94999694824219,True,True,73.31999969482422,0.0,75.39800262451172,True,True,88.83000183105469,0.0,93.61399841308594,True,True,43.029998779296875,0.0,74.30000305175781,True,True,45.59000015258789,0.0,80.58200073242188,True,True,42.720001220703125,0.0,76.0459976196289,True,True,67.20999908447266,0.0,75.54199981689453,True,True,42.869998931884766,0.0,75.23600006103516,True,True,44.41999816894531,0.0,76.89199829101562,True,True,44.41999816894531,0.0,76.53199768066406,True,True,-25.0,64.81999969482422,,,,42.79999923706055,210.0019989013672,43.231998443603516,160.0,40.0,
2021-08-13 09:15:00,,,,,47.939998626708984,0.0,78.96199798583984,True,True,91.79000091552734,0.0,83.0479965209961,True,True,72.25,0.0,75.41600036621094,True,True,88.70999908447266,0.0,94.2979965209961,True,True,37.220001220703125,0.0,74.28199768066406,True,True,48.2599983215332,0.0,81.44599914550781,True,True,45.099998474121094,0.0,76.69400024414062,True,True,67.81999969482422,0.0,75.63200378417969,True,True,40.099998474121094,0.0,75.27200317382812,True,True,47.369998931884766,0.0,76.94599914550781,True,True,51.09000015258789,0.0,77.39600372314453,True,True,-25.0,61.29999923706055,,,,47.40800094604492,210.0019989013672,47.768001556396484,160.0,40.0,
2021-08-13 09:30:00,,,,,47.099998474121094,0.0,79.5199966430664,True,True,99.75,0.0,81.5719985961914,True,True,80.25,0.0,75.50599670410156,True,True,96.61000061035156,0.0,95.14399719238281,True,True,40.40999984741211,0.0,74.37200164794922,True,True,48.720001220703125,0.0,83.10199737548828,True,True,48.779998779296875,0.0,77.1259994506836,True,True,65.91999816894531,0.0,75.79399871826172,True,True,41.290000915527344,0.0,75.34400177001953,True,True,44.560001373291016,0.0,77.03600311279297,True,True,50.189998626708984,0.0,77.9540023803711,True,True,-25.0,68.20999908447266,,,,45.391998291015625,210.0019989013672,45.75199890136719,160.0,40.0,
2021-08-13 09:45:00,,,,,44.560001373291016,0.0,80.23999786376953,True,True,87.58000183105469,0.0,81.93199920654297,True,True,77.91999816894531,0.0,75.50599670410156,True,True,95.13999938964844,0.0,87.0979995727539,True,True,40.029998779296875,0.0,74.31800079345703,True,True,52.29999923706055,0.0,84.0739974975586,True,True,45.810001373291016,0.0,77.9540023803711,True,True,70.05000305175781,0.0,75.9020004272461,True,True,40.79999923706055,0.0,75.34400177001953,True,True,43.650001525878906,0.0,77.0719985961914,True,True,53.5099983215332,0.0,79.03399658203125,True,True,-25.0,66.3499984741211,,,,45.44599914550781,210.0019989013672,45.895999908447266,168.0,42.0,
2021-08-13 10:00:00,,,,,47.06999969482422,0.0,80.41999816894531,True,True,93.56999969482422,0.0,83.66000366210938,True,True,83.73999786376953,0.0,75.50599670410156,True,True,95.16999816894531,0.0,89.11399841308594,True,True,42.16999816894531,0.0,74.37200164794922,True,True,52.20000076293945,0.0,84.7760009765625,True,True,47.40999984741211,0.0,78.74600219726562,True,True,69.88999938964844,0.0,75.72200012207031,True,True,44.189998626708984,0.0,75.39800262451172,True,True,47.220001220703125,0.0,77.1259994506836,True,True,52.0099983215332,0.0,80.11399841308594,True,True,-25.0,66.68000030517578,,,,43.91600036621094,210.0019989013672,45.013999938964844,168.0,42.0,
2021-08-13 10:15:00,,,,,39.5,0.0,81.33799743652344,True,True,93.77999877929688,0.0,82.30999755859375,True,True,70.87999725341797,0.0,75.4520034790039,True,True,82.94000244140625,0.0,88.75399780273438,True,True,42.08000183105469,0.0,74.44400024414062,True,True,43.36000061035156,0.0,85.51399993896484,True,True,44.9900016784668,0.0,79.3759994506836,True,True,68.94000244140625,0.0,75.68599700927734,True,True,41.310001373291016,0.0,75.41600036621094,True,True,48.33000183105469,0.0,77.1259994506836,True,True,48.779998779296875,0.0,81.58999633789062,True,True,-25.0,60.810001373291016,,,,42.152000427246094,210.0019989013672,42.45800018310547,152.0,38.0,
2021-08-13 10:30:00,,,,,41.209999084472656,0.0,81.5719985961914,True,True,95.91999816894531,0.0,83.8759994506836,True,True,68.52999877929688,0.0,75.43399810791016,True,True,75.83999633789062,0.0,88.73600006103516,True,True,37.70000076293945,0.0,74.4800033569336,True,True,41.2599983215332,0.0,86.34200286865234,True,True,43.91999816894531,0.0,80.09600067138672,True,True,70.18000030517578,0.0,75.8479995727539,True,True,42.56999969482422,0.0,75.37999725341797,True,True,47.72999954223633,0.0,77.1259994506836,True,True,47.20000076293945,0.0,81.86000061035156,True,True,-25.0,59.90999984741211,,,,41.071998596191406,210.0019989013672,41.486000061035156,160.0,40.0,
2021-08-13 10:45:00,,,,,33.36000061035156,0.0,79.82599639892578,True,True,94.0999984741211,0.0,81.302001953125,True,True,64.1500015258789,0.0,75.37999725341797,True,True,77.18000030517578,0.0,94.71199798583984,True,True,43.0,0.0,74.46199798583984,True,True,43.97999954223633,0.0,86.28800201416016,True,True,39.86000061035156,0.0,80.77999877929688,True,True,64.73999786376953,0.0,75.99199676513672,True,True,36.58000183105469,0.0,75.41600036621094,True,True,45.2599983215332,0.0,77.197998046875,True,True,52.439998626708984,0.0,82.74199676513672,True,True,-25.0,63.59000015258789,,,,42.0620002746582,210.0019989013672,42.422000885009766,160.0,40.0,
2021-08-13 11:00:00,,,,,35.459999084472656,0.0,79.48400115966797,True,True,100.0,0.0,78.74600219726562,True,True,66.94000244140625,0.0,75.34400177001953,True,True,78.23999786376953,0.0,94.38800048828125,True,True,38.599998474121094,0.0,74.51599884033203,True,True,46.459999084472656,0.0,86.77400207519531,True,True,39.5099983215332,0.0,81.44599914550781,True,True,65.05999755859375,0.0,75.93800354003906,True,True,39.619998931884766,0.0,75.39800262451172,True,True,41.04999923706055,0.0,77.14399719238281,True,True,46.63999938964844,0.0,83.46199798583984,True,True,-25.0,61.25,,,,45.481998443603516,210.0019989013672,45.73400115966797,168.0,42.0,
2021-08-13 11:15:00,,,,,42.16999816894531,0.0,79.53800201416016,True,True,91.23999786376953,0.0,77.50399780273438,True,True,70.5999984741211,0.0,75.4520034790039,True,True,85.95999908447266,0.0,95.50399780273438,True,True,42.529998779296875,0.0,74.58799743652344,True,True,45.540000915527344,0.0,86.61199951171875,True,True,38.959999084472656,0.0,81.64399719238281,True,True,62.56999969482422,0.0,75.9739990234375,True,True,38.83000183105469,0.0,75.37999725341797,True,True,47.15999984741211,0.0,77.14399719238281,True,True,45.09000015258789,0.0,83.947998046875,True,True,-25.0,66.30999755859375,,,,46.86800003051758,210.0019989013672,47.22800064086914,160.0,40.0,
2021-08-13 11:30:00,,,,,42.369998931884766,0.0,81.1760025024414,True,True,97.41000366210938,0.0,77.0719985961914,True,True,70.45999908447266,0.0,75.48799896240234,True,True,89.19000244140625,0.0,97.01599884033203,True,True,40.7400016784668,0.0,74.66000366210938,True,True,47.22999954223633,0.0,87.51200103759766,True,True,39.619998931884766,0.0,82.25599670410156,True,True,56.91999816894531,0.0,76.0459976196289,True,True,38.9900016784668,0.0,75.36199951171875,True,True,46.95000076293945,0.0,77.14399719238281,True,True,49.08000183105469,0.0,84.47000122070312,True,True,-25.0,64.29000091552734,,,,46.38199996948242,210.0019989013672,46.6879997253418,160.0,40.0,
2021-08-13 11:45:00,,,,,38.470001220703125,0.0,81.8239974975586,True,True,100.0,0.0,78.72799682617188,True,True,70.87999725341797,0.0,75.63200378417969,True,True,94.43000030517578,0.0,88.23200225830078,True,True,40.02000045776367,0.0,74.76799774169922,True,True,51.93000030517578,0.0,87.60199737548828,True,True,44.880001068115234,0.0,82.54399871826172,True,True,61.54999923706055,0.0,76.08200073242188,True,True,40.939998626708984,0.0,75.29000091552734,True,True,47.040000915527344,0.0,77.197998046875,True,True,48.290000915527344,0.0,84.9020004272461,True,True,-25.0,63.310001373291016,,,,47.04800033569336,210.0019989013672,47.551998138427734,160.0,40.0,
2021-08-13 12:00:00,,,,,44.86000061035156,0.0,81.44599914550781,True,True,94.08999633789062,0.0,75.95600128173828,True,True,71.38999938964844,0.0,75.5780029296875,True,True,92.5,0.0,92.35399627685547,True,True,43.849998474121094,0.0,74.552001953125,True,True,48.08000183105469,0.0,88.53800201416016,True,True,47.7599983215332,0.0,83.06600189208984,True,True,62.779998779296875,0.0,76.15399932861328,True,True,44.38999938964844,0.0,75.36199951171875,True,True,45.279998779296875,0.0,77.23400115966797,True,True,51.43000030517578,0.0,85.11799621582031,True,True,-25.0,65.37000274658203,,,,47.444000244140625,210.0019989013672,47.821998596191406,168.0,42.0,
2021-08-13 12:15:00,,,,,44.4900016784668,0.0,80.74400329589844,True,True,95.20999908447266,0.0,75.81199645996094,True,True,75.08000183105469,0.0,75.61399841308594,True,True,87.66000366210938,0.0,91.02200317382812,True,True,40.88999938964844,0.0,74.552001953125,True,True,51.95000076293945,0.0,87.81800079345703,True,True,42.20000076293945,0.0,83.46199798583984,True,True,66.22000122070312,0.0,76.08200073242188,True,True,44.650001525878906,0.0,75.37999725341797,True,True,42.900001525878906,0.0,77.197998046875,True,True,45.97999954223633,0.0,86.30599975585938,True,True,-25.0,65.33999633789062,,,,47.5880012512207,210.0019989013672,47.89400100708008,160.0,40.0,
2021-08-13 12:30:00,,,,,45.099998474121094,0.0,82.5260009765625,True,True,100.0,0.0,78.33200073242188,True,True,72.18000030517578,0.0,75.52400207519531,True,True,89.55999755859375,0.0,96.3499984741211,True,True,45.90999984741211,0.0,74.83999633789062,True,True,48.599998474121094,0.0,88.1780014038086,True,True,44.65999984741211,0.0,83.80400085449219,True,True,64.41000366210938,0.0,76.11799621582031,True,True,45.720001220703125,0.0,75.37999725341797,True,True,48.45000076293945,0.0,77.14399719238281,True,True,43.72999954223633,0.0,86.05400085449219,True,True,-25.0,64.36000061035156,,,,54.55400085449219,210.0019989013672,52.10599899291992,152.0,38.0,
2021-08-13 12:45:00,,,,,47.27000045776367,0.0,82.14800262451172,True,True,100.0,0.0,76.20800018310547,True,True,85.94000244140625,0.0,75.68599700927734,True,True,100.0,0.0,97.25,True,True,47.36000061035156,0.0,74.80400085449219,True,True,67.95999908447266,0.0,88.53800201416016,True,True,38.04999923706055,0.0,75.8479995727539,True,True,65.55000305175781,0.0,76.06400299072266,True,True,40.79999923706055,0.0,75.41600036621094,True,True,42.380001068115234,0.0,77.14399719238281,True,True,45.5099983215332,0.0,85.96399688720703,True,True,-25.0,88.62000274658203,,,,49.63999938964844,210.0019989013672,50.305999755859375,160.0,40.0,
2021-08-13 13:00:00,,,,,45.29999923706055,0.0,83.40799713134766,True,True,89.23999786376953,0.0,76.85600280761719,True,True,77.75,0.0,75.75800323486328,True,True,92.4800033569336,0.0,98.1500015258789,True,True,43.58000183105469,0.0,74.91200256347656,True,True,52.83000183105469,0.0,88.62799835205078,True,True,41.84000015258789,0.0,81.60800170898438,True,True,63.810001373291016,0.0,76.08200073242188,True,True,44.849998474121094,0.0,75.43399810791016,True,True,45.81999969482422,0.0,77.23400115966797,True,True,52.650001525878906,0.0,86.2699966430664,True,True,-25.0,69.29000091552734,,,,49.76599884033203,210.0019989013672,50.18000030517578,168.0,42.0,
2021-08-13 13:15:00,,,,,41.869998931884766,0.0,83.98400115966797,True,True,94.76000213623047,0.0,76.6760025024414,True,True,82.9000015258789,0.0,75.59600067138672,True,True,94.16000366210938,0.0,98.4020004272461,True,True,43.709999084472656,0.0,74.91200256347656,True,True,49.439998626708984,0.0,89.3479995727539,True,True,67.81999969482422,0.0,83.51599884033203,True,True,75.4000015258789,0.0,76.15399932861328,True,True,53.0099983215332,0.0,75.36199951171875,True,True,49.400001525878906,0.0,77.197998046875,True,True,74.54000091552734,0.0,86.16200256347656,True,True,-25.0,72.12000274658203,,,,58.928001403808594,210.0019989013672,57.847999572753906,160.0,40.0,
2021-08-13 13:30:00,,,,,45.41999816894531,0.0,82.95800018310547,True,True,100.0,0.0,76.1719970703125,True,True,84.88999938964844,0.0,75.72200012207031,True,True,94.43000030517578,0.0,87.83599853515625,True,True,44.47999954223633,0.0,74.8759994506836,True,True,57.279998779296875,0.0,89.65399932861328,True,True,46.84000015258789,0.0,75.66799926757812,True,True,72.88999938964844,0.0,76.26200103759766,True,True,44.65999984741211,0.0,75.4520034790039,True,True,50.869998931884766,0.0,77.14399719238281,True,True,52.130001068115234,0.0,86.79199981689453,True,True,-25.0,85.44000244140625,,,,50.52199935913086,210.0019989013672,51.11600112915039,160.0,40.0,
2021-08-13 13:45:00,,,,,43.68000030517578,0.0,82.3280029296875,True,True,100.0,0.0,76.1719970703125,True,True,81.20999908447266,0.0,75.66799926757812,True,True,82.94999694824219,0.0,91.54399871826172,True,True,47.63999938964844,0.0,74.8219985961914,True,True,55.63999938964844,0.0,89.29399871826172,True,True,50.540000915527344,0.0,82.70600128173828,True,True,73.33999633789062,0.0,76.26200103759766,True,True,46.83000183105469,0.0,75.52400207519531,True,True,49.810001373291016,0.0,77.3239974975586,True,True,60.29999923706055,0.0,86.75599670410156,True,True,-25.0,69.70999908447266,,,,48.7760009765625,210.0019989013672,49.40599822998047,168.0,42.0,
2021-08-13 14:00:00,,,,,48.29999923706055,0.0,83.6780014038086,True,True,94.77999877929688,0.0,76.0459976196289,True,True,78.23999786376953,0.0,75.7040023803711,True,True,82.23999786376953,0.0,94.94599914550781,True,True,44.2400016784668,0.0,74.73200225830078,True,True,54.38999938964844,0.0,89.02400207519531,True,True,67.7699966430664,0.0,83.78600311279297,True,True,88.3499984741211,0.0,76.20800018310547,True,True,60.22999954223633,0.0,75.5780029296875,True,True,61.11000061035156,0.0,77.50399780273438,True,True,84.75,0.0,85.60399627685547,True,True,-25.0,73.55999755859375,,,,59.95399856567383,210.0019989013672,59.37799835205078,168.0,42.0,
2021-08-13 14:15:00,,,,,45.75,0.0,84.16400146484375,True,True,88.30000305175781,0.0,76.35199737548828,True,True,88.80999755859375,0.0,75.7760009765625,True,True,96.18000030517578,0.0,98.1500015258789,True,True,43.810001373291016,0.0,74.98400115966797,True,True,59.34000015258789,0.0,88.98799896240234,True,True,47.130001068115234,0.0,75.8479995727539,True,True,78.41999816894531,0.0,76.35199737548828,True,True,43.75,0.0,75.7040023803711,True,True,45.689998626708984,0.0,77.37799835205078,True,True,58.0099983215332,0.0,85.53199768066406,True,True,-25.0,89.76000213623047,,,,50.09000015258789,210.0019989013672,50.683998107910156,160.0,40.0,
2021-08-13 14:30:00,,,,,45.22999954223633,0.0,84.09200286865234,True,True,86.94000244140625,0.0,76.15399932861328,True,True,83.87000274658203,0.0,75.7040023803711,True,True,86.30999755859375,0.0,98.6719970703125,True,True,43.40999984741211,0.0,74.91200256347656,True,True,58.79999923706055,0.0,89.13200378417969,True,True,47.5,0.0,81.64399719238281,True,True,72.86000061035156,0.0,76.35199737548828,True,True,45.72999954223633,0.0,75.68599700927734,True,True,51.220001220703125,0.0,77.43199920654297,True,True,62.40999984741211,0.0,85.35199737548828,True,True,-25.0,79.05999755859375,,,,49.24399948120117,210.0019989013672,49.74800109863281,160.0,40.0,
2021-08-13 14:45:00,,,,,47.790000915527344,0.0,83.06600189208984,True,True,92.12999725341797,0.0,75.99199676513672,True,True,83.45999908447266,0.0,75.72200012207031,True,True,87.77999877929688,0.0,99.21199798583984,True,True,44.540000915527344,0.0,74.98400115966797,True,True,51.08000183105469,0.0,89.43800354003906,True,True,59.529998779296875,0.0,83.46199798583984,True,True,95.97000122070312,0.0,76.2979965209961,True,True,54.97999954223633,0.0,75.79399871826172,True,True,65.97000122070312,0.0,77.79199981689453,True,True,85.12999725341797,0.0,84.81199645996094,True,True,-25.0,77.36000061035156,,,,54.35599899291992,210.0019989013672,54.518001556396484,168.0,42.0,
2021-08-13 15:00:00,,,,,45.790000915527344,0.0,83.76799774169922,True,True,99.55000305175781,0.0,76.35199737548828,True,True,84.2300033569336,0.0,75.7040023803711,True,True,95.37000274658203,0.0,99.06800079345703,True,True,42.869998931884766,0.0,75.12799835205078,True,True,56.20000076293945,0.0,89.0780029296875,True,True,57.11000061035156,0.0,83.17400360107422,True,True,79.51000213623047,0.0,76.53199768066406,True,True,44.0099983215332,0.0,75.59600067138672,True,True,53.900001525878906,0.0,77.7020034790039,True,True,61.5099983215332,0.0,84.88400268554688,True,True,-25.0,78.80999755859375,,,,48.50600051879883,210.0019989013672,48.95600128173828,168.0,42.0,
2021-08-13 15:15:00,,,,,60.4900016784668,0.0,84.43399810791016,True,True,100.0,0.0,76.47799682617188,True,True,93.87000274658203,0.0,75.75800323486328,True,True,94.56999969482422,0.0,91.7239990234375,True,True,52.220001220703125,0.0,75.09200286865234,True,True,56.90999984741211,0.0,88.93399810791016,True,True,40.70000076293945,0.0,75.68599700927734,True,True,75.8499984741211,0.0,76.53199768066406,True,True,47.81999969482422,0.0,75.81199645996094,True,True,53.18000030517578,0.0,77.68399810791016,True,True,64.88999938964844,0.0,84.6500015258789,True,True,-25.0,83.38999938964844,,,,58.874000549316406,210.0019989013672,60.45800018310547,160.0,40.0,
2021-08-13 15:30:00,,,,,44.2400016784668,0.0,84.8479995727539,True,True,99.48999786376953,0.0,76.1719970703125,True,True,86.55999755859375,0.0,75.75800323486328,True,True,89.9800033569336,0.0,91.54399871826172,True,True,42.529998779296875,0.0,75.09200286865234,True,True,53.709999084472656,0.0,88.28600311279297,True,True,46.939998626708984,0.0,82.16600036621094,True,True,87.30000305175781,0.0,76.58599853515625,True,True,41.310001373291016,0.0,75.86599731445312,True,True,58.0099983215332,0.0,77.79199981689453,True,True,69.01000213623047,0.0,84.47000122070312,True,True,-25.0,80.81999969482422,,,,48.54199981689453,210.0019989013672,48.95600128173828,168.0,42.0,
2021-08-13 15:45:00,,,,,45.529998779296875,0.0,83.93000030517578,True,True,100.0,0.0,76.0459976196289,True,True,82.87000274658203,0.0,75.72200012207031,True,True,91.33000183105469,0.0,97.052001953125,True,True,43.83000183105469,0.0,74.91200256347656,True,True,54.36000061035156,0.0,88.46600341796875,True,True,47.47999954223633,0.0,83.60600280761719,True,True,80.36000061035156,0.0,76.55000305175781,True,True,46.47999954223633,0.0,75.86599731445312,True,True,53.369998931884766,0.0,78.1520004272461,True,True,65.8499984741211,0.0,84.29000091552734,True,True,-25.0,80.86000061035156,,,,48.8120002746582,210.0019989013672,49.172000885009766,160.0,40.0,
2021-08-13 16:00:00,,,,,67.54000091552734,0.0,84.12799835205078,True,True,100.0,0.0,76.69400024414062,True,True,100.0,0.0,75.81199645996094,True,True,100.0,0.0,98.18599700927734,True,True,62.97999954223633,0.0,75.09200286865234,True,True,73.0199966430664,0.0,88.28600311279297,True,True,45.369998931884766,0.0,84.12799835205078,True,True,98.83999633789062,0.0,76.7300033569336,True,True,45.61000061035156,0.0,75.93800354003906,True,True,59.52000045776367,0.0,78.1520004272461,True,True,67.0,0.0,85.60399627685547,True,True,-25.0,99.94999694824219,,,,54.17599868774414,210.0019989013672,55.88600158691406,168.0,42.0,
2021-08-13 16:15:00,,,,,47.66999816894531,0.0,84.68599700927734,True,True,98.33999633789062,0.0,76.35199737548828,True,True,86.30999755859375,0.0,75.81199645996094,True,True,86.05999755859375,0.0,98.90599822998047,True,True,43.36000061035156,0.0,75.12799835205078,True,True,56.119998931884766,0.0,88.77200317382812,True,True,48.18000030517578,0.0,76.6760025024414,True,True,77.87999725341797,0.0,76.58599853515625,True,True,46.209999084472656,0.0,75.93800354003906,True,True,52.63999938964844,0.0,77.86399841308594,True,True,67.58000183105469,0.0,85.42400360107422,True,True,-25.0,83.61000061035156,,,,48.902000427246094,210.0019989013672,49.29800033569336,160.0,40.0,
2021-08-13 16:30:00,,,,,46.029998779296875,0.0,84.16400146484375,True,True,96.87000274658203,0.0,75.95600128173828,True,True,84.75,0.0,75.75800323486328,True,True,87.0199966430664,0.0,98.83399963378906,True,True,43.93000030517578,0.0,75.16400146484375,True,True,57.93000030517578,0.0,88.3759994506836,True,True,47.11000061035156,0.0,76.6760025024414,True,True,81.22000122070312,0.0,76.53199768066406,True,True,46.70000076293945,0.0,75.93800354003906,True,True,52.599998474121094,0.0,78.1520004272461,True,True,64.27999877929688,0.0,85.53199768066406,True,True,-25.0,79.31999969482422,,,,48.9379997253418,210.0019989013672,49.38800048828125,160.0,40.0,
2021-08-13 16:45:00,,,,,46.779998779296875,0.0,84.9739990234375,True,True,100.0,0.0,78.13400268554688,True,True,84.33999633789062,0.0,75.79399871826172,True,True,83.8499984741211,0.0,88.75399780273438,True,True,44.11000061035156,0.0,75.16400146484375,True,True,51.310001373291016,0.0,88.28600311279297,True,True,44.869998931884766,0.0,83.78600311279297,True,True,93.77999877929688,0.0,76.83799743652344,True,True,46.470001220703125,0.0,76.06400299072266,True,True,58.939998626708984,0.0,78.69200134277344,True,True,69.01000213623047,0.0,86.25199890136719,True,True,-25.0,77.8499984741211,,,,52.34000015258789,210.0019989013672,49.90999984741211,168.0,42.0,
2021-08-13 17:00:00,,,,,78.2699966430664,0.0,85.08200073242188,True,True,100.0,0.0,80.02400207519531,True,True,94.52999877929688,0.0,75.93800354003906,True,True,99.58999633789062,0.0,91.18399810791016,True,True,45.79999923706055,0.0,75.16400146484375,True,True,62.400001525878906,0.0,87.3499984741211,True,True,47.20000076293945,0.0,77.05400085449219,True,True,83.69999694824219,0.0,76.55000305175781,True,True,42.650001525878906,0.0,76.0459976196289,True,True,58.13999938964844,0.0,78.0260009765625,True,True,67.33000183105469,0.0,85.7300033569336,True,True,-25.0,94.2699966430664,,,,49.65800094604492,210.0019989013672,50.305999755859375,160.0,40.0,
2021-08-13 17:15:00,,,,,43.13999938964844,0.0,84.23600006103516,True,True,99.48999786376953,0.0,79.23200225830078,True,True,85.0999984741211,0.0,75.8479995727539,True,True,82.8499984741211,0.0,90.31999969482422,True,True,43.119998931884766,0.0,75.16400146484375,True,True,53.130001068115234,0.0,86.80999755859375,True,True,48.29999923706055,0.0,76.98200225830078,True,True,80.81999969482422,0.0,76.56800079345703,True,True,46.650001525878906,0.0,76.0459976196289,True,True,48.47999954223633,0.0,77.9540023803711,True,True,63.31999969482422,0.0,85.51399993896484,True,True,-25.0,80.37000274658203,,,,48.7760009765625,210.0019989013672,49.15399932861328,152.0,38.0,
2021-08-13 17:30:00,,,,,46.16999816894531,0.0,83.98400115966797,True,True,100.0,0.0,81.4280014038086,True,True,83.02999877929688,0.0,75.81199645996094,True,True,85.58000183105469,0.0,95.79199981689453,True,True,41.720001220703125,0.0,75.0199966430664,True,True,54.45000076293945,0.0,85.94599914550781,True,True,65.0199966430664,0.0,82.81400299072266,True,True,90.55999755859375,0.0,76.42400360107422,True,True,61.86000061035156,0.0,75.99199676513672,True,True,68.36000061035156,0.0,78.26000213623047,True,True,92.01000213623047,0.0,84.72200012207031,True,True,-25.0,77.93000030517578,,,,47.678001403808594,210.0019989013672,48.09199905395508,152.0,38.0,
2021-08-13 17:45:00,,,,,65.94999694824219,0.0,83.49800109863281,True,True,95.01000213623047,0.0,85.40599822998047,True,True,100.0,0.0,75.81199645996094,True,True,100.0,0.0,95.91799926757812,True,True,60.689998626708984,0.0,74.98400115966797,True,True,75.0199966430664,0.0,84.63200378417969,True,True,43.060001373291016,0.0,82.5979995727539,True,True,85.31999969482422,0.0,76.65799713134766,True,True,45.900001525878906,0.0,76.02799987792969,True,True,51.130001068115234,0.0,78.2239990234375,True,True,64.72000122070312,0.0,84.09200286865234,True,True,-25.0,99.94000244140625,,,,53.83399963378906,210.0019989013672,54.895999908447266,160.0,40.0,
2021-08-13 18:00:00,,,,,44.66999816894531,0.0,83.06600189208984,True,True,95.30000305175781,0.0,85.11799621582031,True,True,82.5,0.0,75.81199645996094,True,True,86.55999755859375,0.0,95.73799896240234,True,True,43.470001220703125,0.0,74.947998046875,True,True,54.099998474121094,0.0,84.09200286865234,True,True,42.7599983215332,0.0,82.25599670410156,True,True,77.79000091552734,0.0,76.53199768066406,True,True,45.18000030517578,0.0,75.9020004272461,True,True,54.599998474121094,0.0,78.1520004272461,True,True,66.18000030517578,0.0,83.40799713134766,True,True,-25.0,80.91000366210938,,,,48.12799835205078,210.0019989013672,48.59600067138672,152.0,38.0,
2021-08-13 18:15:00,,,,,51.029998779296875,0.0,81.89600372314453,True,True,97.66999816894531,0.0,81.24800109863281,True,True,83.04000091552734,0.0,75.7760009765625,True,True,80.86000061035156,0.0,89.58200073242188,True,True,45.33000183105469,0.0,74.91200256347656,True,True,51.72999954223633,0.0,83.6780014038086,True,True,41.59000015258789,0.0,81.10399627685547,True,True,82.72000122070312,0.0,76.40599822998047,True,True,41.650001525878906,0.0,75.88400268554688,True,True,53.18000030517578,0.0,78.1520004272461,True,True,62.400001525878906,0.0,81.98600006103516,True,True,-25.0,76.98999786376953,,,,47.98400115966797,210.0019989013672,48.487998962402344,160.0,40.0,
2021-08-13 18:30:00,,,,,41.709999084472656,0.0,80.61799621582031,True,True,87.08000183105469,0.0,84.09200286865234,True,True,79.41000366210938,0.0,75.7760009765625,True,True,74.19000244140625,0.0,88.447998046875,True,True,43.31999969482422,0.0,74.98400115966797,True,True,48.880001068115234,0.0,82.77799987792969,True,True,46.31999969482422,0.0,80.49199676513672,True,True,91.68000030517578,0.0,76.49600219726562,True,True,41.52000045776367,0.0,75.9020004272461,True,True,56.41999816894531,0.0,78.1520004272461,True,True,69.95999908447266,0.0,81.03199768066406,True,True,-25.0,74.2300033569336,,,,47.354000091552734,210.0019989013672,47.731998443603516,152.0,38.0,
2021-08-13 18:45:00,,,,,45.22999954223633,0.0,79.71800231933594,True,True,91.61000061035156,0.0,80.74400329589844,True,True,78.86000061035156,0.0,75.7040023803711,True,True,69.83999633789062,0.0,87.49400329589844,True,True,43.02000045776367,0.0,74.76799774169922,True,True,50.5,0.0,81.94999694824219,True,True,44.02000045776367,0.0,80.0780029296875,True,True,79.55999755859375,0.0,76.47799682617188,True,True,42.290000915527344,0.0,75.99199676513672,True,True,55.880001068115234,0.0,77.93599700927734,True,True,58.400001525878906,0.0,80.25800323486328,True,True,-25.0,72.56999969482422,,,,47.80400085449219,210.0019989013672,48.055999755859375,144.0,36.0,
2021-08-13 19:00:00,,,,,48.599998474121094,0.0,79.19599914550781,True,True,95.48999786376953,0.0,81.26599884033203,True,True,78.69999694824219,0.0,75.7040023803711,True,True,75.33999633789062,0.0,92.89399719238281,True,True,47.630001068115234,0.0,74.76799774169922,True,True,53.20000076293945,0.0,81.28399658203125,True,True,42.5099983215332,0.0,79.46600341796875,True,True,77.04000091552734,0.0,76.35199737548828,True,True,44.4900016784668,0.0,75.66799926757812,True,True,50.959999084472656,0.0,77.91799926757812,True,True,60.130001068115234,0.0,79.53800201416016,True,True,-25.0,73.23999786376953,,,,46.61600112915039,210.0019989013672,47.04800033569336,152.0,38.0,
2021-08-13 19:15:00,,,,,38.29999923706055,0.0,78.31400299072266,True,True,87.26000213623047,0.0,83.15599822998047,True,True,0.0,0.0,77.34200286865234,True,True,70.19000244140625,0.0,92.78600311279297,True,True,40.90999984741211,0.0,74.64199829101562,True,True,49.970001220703125,0.0,80.38400268554688,True,True,41.209999084472656,0.0,78.83599853515625,True,True,74.58999633789062,0.0,76.26200103759766,True,True,43.2599983215332,0.0,75.63200378417969,True,True,44.209999084472656,0.0,77.86399841308594,True,True,52.34000015258789,0.0,78.78199768066406,True,True,-25.0,69.7699966430664,,,,44.90599822998047,210.0019989013672,45.3380012512207,144.0,36.0,
2021-08-13 19:30:00,,,,,41.849998474121094,0.0,77.55799865722656,True,True,89.69000244140625,0.0,83.33599853515625,True,True,0.0,0.0,77.30599975585938,True,True,72.16000366210938,0.0,93.81199645996094,True,True,43.7400016784668,0.0,74.58799743652344,True,True,47.13999938964844,0.0,80.22200012207031,True,True,46.34000015258789,0.0,78.2239990234375,True,True,71.12999725341797,0.0,76.24400329589844,True,True,44.540000915527344,0.0,75.54199981689453,True,True,48.25,0.0,77.73799896240234,True,True,53.16999816894531,0.0,77.88200378417969,True,True,-25.0,69.29000091552734,,,,44.599998474121094,210.0019989013672,44.99599838256836,152.0,38.0,
2021-08-13 19:45:00,,,,,37.84000015258789,0.0,77.21600341796875,True,True,86.62000274658203,0.0,81.73400115966797,True,True,0.0,0.0,77.05400085449219,True,True,73.37000274658203,0.0,93.16400146484375,True,True,42.75,0.0,74.60600280761719,True,True,46.34000015258789,0.0,79.59200286865234,True,True,46.060001373291016,0.0,77.34200286865234,True,True,72.62999725341797,0.0,76.1719970703125,True,True,38.97999954223633,0.0,75.59600067138672,True,True,49.470001220703125,0.0,77.68399810791016,True,True,52.599998474121094,0.0,76.62200164794922,True,True,-25.0,68.79000091552734,,,,44.41999816894531,210.0019989013672,44.72600173950195,144.0,36.0,
2021-08-13 20:00:00,,,,,41.90999984741211,0.0,76.83799743652344,True,True,90.94999694824219,0.0,82.74199676513672,True,True,0.0,0.0,76.74800109863281,True,True,74.11000061035156,0.0,93.52400207519531,True,True,39.599998474121094,0.0,74.58799743652344,True,True,46.0099983215332,0.0,79.41200256347656,True,True,44.560001373291016,0.0,76.69400024414062,True,True,71.05999755859375,0.0,76.11799621582031,True,True,42.5,0.0,75.59600067138672,True,True,47.209999084472656,0.0,77.61199951171875,True,True,50.5099983215332,0.0,75.7040023803711,True,True,-25.0,68.63999938964844,,,,43.86199951171875,210.0019989013672,44.347999572753906,152.0,38.0,
2021-08-13 20:15:00,,,,,39.7400016784668,0.0,76.62200164794922,True,True,93.30000305175781,0.0,80.43800354003906,True,True,0.0,0.0,76.58599853515625,True,True,74.87000274658203,0.0,94.06400299072266,True,True,45.06999969482422,0.0,74.66000366210938,True,True,49.31999969482422,0.0,79.03399658203125,True,True,45.560001373291016,0.0,76.26200103759766,True,True,66.72000122070312,0.0,76.08200073242188,True,True,38.630001068115234,0.0,75.54199981689453,True,True,55.61000061035156,0.0,77.50399780273438,True,True,50.11000061035156,0.0,75.18199920654297,True,True,-25.0,68.63999938964844,,,,43.82600021362305,210.0019989013672,44.3120002746582,152.0,38.0,
2021-08-13 20:30:00,,,,,37.630001068115234,0.0,76.47799682617188,True,True,86.62999725341797,0.0,82.12999725341797,True,True,72.20999908447266,0.0,76.33399963378906,True,True,74.4800033569336,0.0,86.48600006103516,True,True,39.33000183105469,0.0,74.6240005493164,True,True,45.77000045776367,0.0,78.56600189208984,True,True,44.95000076293945,0.0,75.91999816894531,True,True,68.31999969482422,0.0,76.11799621582031,True,True,38.06999969482422,0.0,75.61399841308594,True,True,52.0099983215332,0.0,77.50399780273438,True,True,48.619998931884766,0.0,74.8219985961914,True,True,-25.0,69.36000061035156,,,,43.645999908447266,210.0019989013672,44.09600067138672,152.0,38.0,
2021-08-13 20:45:00,,,,,41.849998474121094,0.0,76.11799621582031,True,True,88.87999725341797,0.0,84.68599700927734,True,True,46.470001220703125,0.0,75.59600067138672,True,True,71.05999755859375,0.0,86.197998046875,True,True,43.0099983215332,0.0,74.6240005493164,True,True,45.0,0.0,78.13400268554688,True,True,43.79999923706055,0.0,75.52400207519531,True,True,70.73999786376953,0.0,76.0459976196289,True,True,38.7400016784668,0.0,75.5780029296875,True,True,41.599998474121094,0.0,77.37799835205078,True,True,47.34000015258789,0.0,74.28199768066406,True,True,-25.0,69.30000305175781,,,,43.53799819946289,210.0019989013672,43.89799880981445,144.0,36.0,
2021-08-13 21:00:00,,,,,36.619998931884766,0.0,75.7040023803711,True,True,86.19000244140625,0.0,84.55999755859375,True,True,37.68000030517578,0.0,76.01000213623047,True,True,70.62999725341797,0.0,85.85600280761719,True,True,43.47999954223633,0.0,74.6240005493164,True,True,45.97999954223633,0.0,77.77400207519531,True,True,43.86000061035156,0.0,75.23600006103516,True,True,62.0099983215332,0.0,75.86599731445312,True,True,39.130001068115234,0.0,75.43399810791016,True,True,44.16999816894531,0.0,77.43199920654297,True,True,47.529998779296875,0.0,73.99400329589844,True,True,-25.0,68.79000091552734,,,,42.99800109863281,210.0019989013672,43.4119987487793,144.0,36.0,
2021-08-13 21:15:00,,,,,39.95000076293945,0.0,75.72200012207031,True,True,89.31999969482422,0.0,84.09200286865234,True,True,40.16999816894531,0.0,75.93800354003906,True,True,71.19999694824219,0.0,90.39199829101562,True,True,41.439998626708984,0.0,74.6240005493164,True,True,48.84000015258789,0.0,77.16200256347656,True,True,43.27000045776367,0.0,74.96600341796875,True,True,62.06999969482422,0.0,75.99199676513672,True,True,39.06999969482422,0.0,75.4520034790039,True,True,49.0,0.0,77.46800231933594,True,True,46.869998931884766,0.0,73.74199676513672,True,True,-25.0,67.33999633789062,,,,42.0260009765625,210.0019989013672,42.512001037597656,144.0,36.0,
2021-08-13 21:30:00,,,,,36.06999969482422,0.0,75.37999725341797,True,True,92.0,0.0,84.6500015258789,True,True,40.04999923706055,0.0,75.8479995727539,True,True,74.11000061035156,0.0,91.5979995727539,True,True,39.0,0.0,74.56999969482422,True,True,44.119998931884766,0.0,77.1259994506836,True,True,43.36000061035156,0.0,74.6780014038086,True,True,62.18000030517578,0.0,75.9739990234375,True,True,39.56999969482422,0.0,75.50599670410156,True,True,43.810001373291016,0.0,77.46800231933594,True,True,45.779998779296875,0.0,73.4000015258789,True,True,-25.0,68.76000213623047,,,,41.88199996948242,210.0019989013672,42.2599983215332,152.0,38.0,
2021-08-13 21:45:00,,,,,36.189998626708984,0.0,75.36199951171875,True,True,95.83000183105469,0.0,80.6719970703125,True,True,40.650001525878906,0.0,75.81199645996094,True,True,74.30999755859375,0.0,92.31800079345703,True,True,42.599998474121094,0.0,74.56999969482422,True,True,44.349998474121094,0.0,76.802001953125,True,True,42.099998474121094,0.0,74.44400024414062,True,True,56.279998779296875,0.0,75.88400268554688,True,True,38.29999923706055,0.0,75.4520034790039,True,True,44.83000183105469,0.0,77.46800231933594,True,True,45.2599983215332,0.0,73.2020034790039,True,True,-25.0,69.33999633789062,,,,41.108001708984375,210.0019989013672,41.59400177001953,144.0,36.0,
2021-08-13 22:00:00,,,,,40.779998779296875,0.0,75.11000061035156,True,True,98.6500015258789,0.0,83.73200225830078,True,True,36.34000015258789,0.0,75.75800323486328,True,True,73.36000061035156,0.0,91.94000244140625,True,True,39.939998626708984,0.0,74.4800033569336,True,True,43.720001220703125,0.0,76.802001953125,True,True,42.63999938964844,0.0,74.12000274658203,True,True,58.90999984741211,0.0,75.9020004272461,True,True,40.619998931884766,0.0,75.43399810791016,True,True,41.11000061035156,0.0,77.37799835205078,True,True,44.619998931884766,0.0,72.91400146484375,True,True,-25.0,68.26000213623047,,,,41.57600021362305,210.0019989013672,41.93600082397461,152.0,38.0,
2021-08-13 22:15:00,,,,,40.84000015258789,0.0,75.00199890136719,True,True,87.20999908447266,0.0,82.25599670410156,True,True,37.369998931884766,0.0,75.75800323486328,True,True,70.58000183105469,0.0,92.60600280761719,True,True,41.18000030517578,0.0,74.53399658203125,True,True,45.52000045776367,0.0,77.10800170898438,True,True,42.279998779296875,0.0,74.08399963378906,True,True,54.59000015258789,0.0,75.81199645996094,True,True,37.029998779296875,0.0,75.39800262451172,True,True,42.9900016784668,0.0,77.39600372314453,True,True,44.900001525878906,0.0,72.84200286865234,True,True,-25.0,68.36000061035156,,,,41.827999114990234,210.0019989013672,42.1879997253418,152.0,38.0,
2021-08-13 22:30:00,,,,,35.56999969482422,0.0,75.00199890136719,True,True,86.8499984741211,0.0,82.97599792480469,True,True,40.7599983215332,0.0,75.79399871826172,True,True,75.18000030517578,0.0,91.90399932861328,True,True,40.43000030517578,0.0,74.4800033569336,True,True,49.790000915527344,0.0,76.94599914550781,True,True,42.869998931884766,0.0,74.10199737548828,True,True,56.650001525878906,0.0,75.9739990234375,True,True,37.119998931884766,0.0,75.36199951171875,True,True,41.310001373291016,0.0,77.36000061035156,True,True,43.36000061035156,0.0,72.84200286865234,True,True,-25.0,68.0,,,,41.86399841308594,210.0019989013672,42.31399917602539,152.0,38.0,
2021-08-13 22:45:00,,,,,40.4900016784668,0.0,74.98400115966797,True,True,94.33000183105469,0.0,76.53199768066406,True,True,38.2400016784668,0.0,75.72200012207031,True,True,72.16000366210938,0.0,92.6780014038086,True,True,41.77000045776367,0.0,74.4800033569336,True,True,50.459999084472656,0.0,76.7300033569336,True,True,43.75,0.0,73.94000244140625,True,True,55.06999969482422,0.0,75.93800354003906,True,True,41.34000015258789,0.0,75.36199951171875,True,True,42.939998626708984,0.0,77.3239974975586,True,True,43.90999984741211,0.0,72.75199890136719,True,True,-25.0,66.81999969482422,,,,42.007999420166016,210.0019989013672,42.45800018310547,152.0,38.0,
2021-08-13 23:00:00,,,,,42.459999084472656,0.0,74.83999633789062,True,True,98.94999694824219,0.0,76.20800018310547,True,True,41.41999816894531,0.0,75.7760009765625,True,True,73.19000244140625,0.0,92.30000305175781,True,True,41.029998779296875,0.0,74.4800033569336,True,True,48.2599983215332,0.0,76.2979965209961,True,True,45.29999923706055,0.0,73.9219970703125,True,True,55.959999084472656,0.0,75.83000183105469,True,True,37.4900016784668,0.0,75.30799865722656,True,True,49.77000045776367,0.0,77.3239974975586,True,True,44.33000183105469,0.0,72.66200256347656,True,True,-25.0,79.86000061035156,,,,42.16999816894531,210.0019989013672,42.60200119018555,152.0,38.0,
2021-08-13 23:15:00,,,,,42.349998474121094,0.0,74.98400115966797,True,True,100.0,0.0,77.03600311279297,True,True,39.59000015258789,0.0,75.72200012207031,True,True,75.86000061035156,0.0,85.49600219726562,True,True,42.79999923706055,0.0,74.4800033569336,True,True,49.9900016784668,0.0,75.88400268554688,True,True,45.790000915527344,0.0,73.7239990234375,True,True,57.22999954223633,0.0,75.81199645996094,True,True,37.4900016784668,0.0,75.37999725341797,True,True,40.5,0.0,77.25199890136719,True,True,43.15999984741211,0.0,72.6259994506836,True,True,-25.0,81.54000091552734,,,,45.194000244140625,210.0019989013672,44.72600173950195,144.0,36.0,
2021-08-13 23:30:00,,,,,41.060001373291016,0.0,74.6780014038086,True,True,100.0,0.0,76.85600280761719,True,True,45.5099983215332,0.0,75.79399871826172,True,True,80.93000030517578,0.0,85.20800018310547,True,True,45.369998931884766,0.0,74.44400024414062,True,True,53.599998474121094,0.0,75.72200012207031,True,True,46.369998931884766,0.0,73.54399871826172,True,True,59.869998931884766,0.0,75.88400268554688,True,True,38.880001068115234,0.0,75.29000091552734,True,True,46.5099983215332,0.0,77.197998046875,True,True,43.5099983215332,0.0,72.53600311279297,True,True,-25.0,85.9800033569336,,,,47.75,210.0019989013672,47.98400115966797,152.0,38.0,
2021-08-13 23:45:00,,,,,44.43000030517578,0.0,74.4800033569336,True,True,100.0,0.0,76.24400329589844,True,True,48.9900016784668,0.0,75.88400268554688,True,True,99.48999786376953,0.0,85.24400329589844,True,True,42.47999954223633,0.0,74.46199798583984,True,True,58.880001068115234,0.0,76.01000213623047,True,True,46.4900016784668,0.0,73.4000015258789,True,True,54.20000076293945,0.0,75.86599731445312,True,True,38.52000045776367,0.0,75.36199951171875,True,True,44.630001068115234,0.0,77.21600341796875,True,True,42.97999954223633,0.0,72.302001953125,True,True,-25.0,89.80999755859375,,,,48.18199920654297,210.0019989013672,48.757999420166016,144.0,36.0,
2021-08-14 00:00:00,,,,,45.45000076293945,0.0,74.35399627685547,True,True,100.0,0.0,76.76599884033203,True,True,47.63999938964844,0.0,75.88400268554688,True,True,92.51000213623047,0.0,84.99199676513672,True,True,44.22999954223633,0.0,74.46199798583984,True,True,49.310001373291016,0.0,75.75800323486328,True,True,49.2599983215332,0.0,73.34600067138672,True,True,58.959999084472656,0.0,75.79399871826172,True,True,41.0,0.0,75.27200317382812,True,True,52.56999969482422,0.0,77.197998046875,True,True,48.11000061035156,0.0,72.26599884033203,True,True,-25.0,86.12000274658203,,,,46.86800003051758,210.0019989013672,47.33599853515625,144.0,36.0,
2021-08-14 00:15:00,,,,,47.06999969482422,0.0,74.28199768066406,True,True,100.0,0.0,77.39600372314453,True,True,42.709999084472656,0.0,75.93800354003906,True,True,95.98999786376953,0.0,89.88800048828125,True,True,43.290000915527344,0.0,74.44400024414062,True,True,53.220001220703125,0.0,75.27200317382812,True,True,56.86000061035156,0.0,73.18399810791016,True,True,61.66999816894531,0.0,75.95600128173828,True,True,45.2599983215332,0.0,75.30799865722656,True,True,49.11000061035156,0.0,77.14399719238281,True,True,54.45000076293945,0.0,72.08599853515625,True,True,-25.0,86.31999969482422,,,,47.37200164794922,210.0019989013672,48.02000045776367,152.0,38.0,
2021-08-14 00:30:00,,,,,43.400001525878906,0.0,74.10199737548828,True,True,100.0,0.0,77.73799896240234,True,True,44.040000915527344,0.0,75.43399810791016,True,True,99.75,0.0,91.41799926757812,True,True,46.720001220703125,0.0,74.44400024414062,True,True,53.4900016784668,0.0,75.0739974975586,True,True,48.36000061035156,0.0,72.96800231933594,True,True,69.08000183105469,0.0,75.93800354003906,True,True,41.93000030517578,0.0,75.34400177001953,True,True,46.130001068115234,0.0,77.14399719238281,True,True,47.86000061035156,0.0,71.88800048828125,True,True,-25.0,85.81999969482422,,,,46.4900016784668,210.0019989013672,47.012001037597656,152.0,38.0,
2021-08-14 00:45:00,,,,,66.81999969482422,0.0,73.95800018310547,True,True,100.0,0.0,79.89800262451172,True,True,50.0,0.0,74.4800033569336,True,True,100.0,0.0,92.06600189208984,True,True,42.060001373291016,0.0,74.4260025024414,True,True,53.150001525878906,0.0,74.76799774169922,True,True,48.9900016784668,0.0,72.80599975585938,True,True,65.51000213623047,0.0,75.86599731445312,True,True,40.81999969482422,0.0,75.27200317382812,True,True,48.0,0.0,77.1259994506836,True,True,47.849998474121094,0.0,71.70800018310547,True,True,-25.0,86.01000213623047,,,,47.40800094604492,210.0019989013672,47.75,144.0,36.0,
2021-08-14 01:00:00,,,,,43.43000030517578,0.0,73.86799621582031,True,True,86.94999694824219,0.0,84.39800262451172,True,True,52.849998474121094,0.0,73.68800354003906,True,True,100.0,0.0,91.50800323486328,True,True,42.0099983215332,0.0,74.37200164794922,True,True,51.09000015258789,0.0,74.73200225830078,True,True,49.75,0.0,72.84200286865234,True,True,63.75,0.0,75.83000183105469,True,True,40.29999923706055,0.0,75.27200317382812,True,True,45.970001220703125,0.0,77.1259994506836,True,True,48.68000030517578,0.0,71.4739990234375,True,True,-25.0,85.80999755859375,,,,47.84000015258789,210.0019989013672,48.290000915527344,152.0,38.0,
2021-08-14 01:15:00,,,,,47.02000045776367,0.0,73.6520004272461,True,True,93.66000366210938,0.0,76.60399627685547,True,True,51.349998474121094,0.0,73.74199676513672,True,True,100.0,0.0,92.0479965209961,True,True,43.9900016784668,0.0,74.40799713134766,True,True,56.540000915527344,0.0,74.46199798583984,True,True,49.34000015258789,0.0,72.66200256347656,True,True,68.5,0.0,75.8479995727539,True,True,39.58000183105469,0.0,75.19999694824219,True,True,46.560001373291016,0.0,77.1259994506836,True,True,47.93000030517578,0.0,71.4739990234375,True,True,-25.0,86.4800033569336,,,,43.48400115966797,210.0019989013672,43.95199966430664,152.0,38.0,
2021-08-14 01:30:00,,,,,41.880001068115234,0.0,73.70600128173828,True,True,93.41000366210938,0.0,79.46600341796875,True,True,51.63999938964844,0.0,73.70600128173828,True,True,96.36000061035156,0.0,91.50800323486328,True,True,41.939998626708984,0.0,74.30000305175781,True,True,47.77000045776367,0.0,73.95800018310547,True,True,51.83000183105469,0.0,72.71600341796875,True,True,67.97000122070312,0.0,75.75800323486328,True,True,40.290000915527344,0.0,75.18199920654297,True,True,51.029998779296875,0.0,77.10800170898438,True,True,49.25,0.0,71.29399871826172,True,True,-24.989999771118164,83.93000030517578,,,,44.672000885009766,210.0019989013672,45.08599853515625,152.0,38.0,
2021-08-14 01:45:00,,,,,41.77000045776367,0.0,73.58000183105469,True,True,91.56999969482422,0.0,80.2040023803711,True,True,44.59000015258789,0.0,74.37200164794922,True,True,99.44000244140625,0.0,91.36399841308594,True,True,44.5,0.0,74.28199768066406,True,True,49.20000076293945,0.0,73.7959976196289,True,True,55.4900016784668,0.0,72.51799774169922,True,True,68.08999633789062,0.0,75.7040023803711,True,True,42.68000030517578,0.0,75.12799835205078,True,True,49.88999938964844,0.0,77.1259994506836,True,True,52.2599983215332,0.0,71.2760009765625,True,True,-25.0,83.4000015258789,,,,45.75199890136719,210.0019989013672,46.14799880981445,160.0,40.0,
2021-08-14 02:00:00,,,,,43.060001373291016,0.0,73.5260009765625,True,True,98.47000122070312,0.0,81.4280014038086,True,True,48.77000045776367,0.0,74.58799743652344,True,True,100.0,0.0,91.07599639892578,True,True,42.43000030517578,0.0,74.19200134277344,True,True,54.810001373291016,0.0,73.7959976196289,True,True,46.04999923706055,0.0,72.8239974975586,True,True,65.5999984741211,0.0,75.86599731445312,True,True,37.95000076293945,0.0,75.19999694824219,True,True,46.470001220703125,0.0,77.1259994506836,True,True,45.02000045776367,0.0,71.16799926757812,True,True,-25.0,83.94000244140625,,,,47.444000244140625,210.0019989013672,47.858001708984375,152.0,38.0,
2021-08-14 02:15:00,,,,,48.2599983215332,0.0,73.36399841308594,True,True,100.0,0.0,82.97599792480469,True,True,49.11000061035156,0.0,74.58799743652344,True,True,100.0,0.0,91.5260009765625,True,True,41.5099983215332,0.0,74.22799682617188,True,True,52.75,0.0,73.61599731445312,True,True,47.810001373291016,0.0,72.66200256347656,True,True,61.13999938964844,0.0,75.63200378417969,True,True,38.90999984741211,0.0,75.09200286865234,True,True,48.709999084472656,0.0,77.03600311279297,True,,46.58000183105469,0.0,70.86199951171875,True,True,-25.0,83.98999786376953,,,,47.768001556396484,210.0019989013672,48.21799850463867,152.0,38.0,
2021-08-14 02:30:00,,,,,51.20000076293945,0.0,73.50800323486328,True,True,100.0,0.0,82.81400299072266,True,True,49.52000045776367,0.0,75.0199966430664,True,True,100.0,0.0,91.3280029296875,True,True,42.25,0.0,74.15599822998047,True,True,55.84000015258789,0.0,73.61599731445312,True,True,50.15999984741211,0.0,72.33799743652344,True,True,65.11000061035156,0.0,75.73999786376953,True,True,39.97999954223633,0.0,75.09200286865234,True,True,48.439998626708984,0.0,76.96399688720703,True,,49.79999923706055,0.0,70.61000061035156,True,True,-25.0,84.05000305175781,,,,49.8380012512207,210.0019989013672,50.28799819946289,152.0,38.0,
2021-08-14 02:45:00,,,,,45.31999969482422,0.0,73.36399841308594,True,True,100.0,0.0,79.82599639892578,True,True,49.29999923706055,0.0,75.18199920654297,True,True,100.0,0.0,83.8759994506836,True,True,47.470001220703125,0.0,74.19200134277344,True,True,54.900001525878906,0.0,73.68800354003906,True,True,52.150001525878906,0.0,72.13999938964844,True,True,70.19000244140625,0.0,75.68599700927734,True,True,40.31999969482422,0.0,75.12799835205078,True,True,52.18000030517578,0.0,76.96399688720703,True,,50.68000030517578,0.0,70.447998046875,True,True,-25.0,85.66000366210938,,,,49.172000885009766,210.0019989013672,49.58599853515625,152.0,38.0,
2021-08-14 03:00:00,,,,,49.68000030517578,0.0,72.91400146484375,True,True,100.0,0.0,81.58999633789062,True,True,49.40999984741211,0.0,75.52400207519531,True,True,100.0,0.0,83.552001953125,True,True,44.08000183105469,0.0,74.22799682617188,True,True,58.31999969482422,0.0,73.56199645996094,True,True,52.63999938964844,0.0,71.76200103759766,True,True,70.93000030517578,0.0,75.72200012207031,True,True,41.93000030517578,0.0,75.05599975585938,True,True,44.02000045776367,0.0,76.96399688720703,True,,51.20000076293945,0.0,70.21399688720703,True,True,-25.0,86.18000030517578,,,,49.24399948120117,210.0019989013672,49.74800109863281,152.0,38.0,
2021-08-14 03:15:00,,,,,50.189998626708984,0.0,72.64399719238281,True,True,100.0,0.0,79.1780014038086,True,True,53.31999969482422,0.0,75.50599670410156,True,True,100.0,0.0,84.0739974975586,True,True,44.130001068115234,0.0,74.12000274658203,True,True,56.2400016784668,0.0,73.36399841308594,True,True,54.7400016784668,0.0,71.85199737548828,True,True,70.04000091552734,0.0,75.54199981689453,True,True,42.09000015258789,0.0,75.0199966430664,True,True,53.869998931884766,0.0,76.96399688720703,True,,53.040000915527344,0.0,70.39399719238281,True,True,-25.0,86.8499984741211,,,,49.06399917602539,210.0019989013672,49.513999938964844,144.0,36.0,
2021-08-14 03:30:00,,,,,50.93000030517578,0.0,72.71600341796875,True,True,88.91999816894531,0.0,80.72599792480469,True,True,51.060001373291016,0.0,75.5780029296875,True,True,100.0,0.0,84.25399780273438,True,True,46.63999938964844,0.0,74.08399963378906,True,True,55.900001525878906,0.0,72.89600372314453,True,True,54.5099983215332,0.0,71.52799987792969,True,True,74.70999908447266,0.0,75.63200378417969,True,True,42.11000061035156,0.0,75.19999694824219,True,True,47.68000030517578,0.0,76.9280014038086,True,,52.95000076293945,0.0,70.41200256347656,True,True,-25.0,85.86000061035156,,,,49.172000885009766,210.0019989013672,49.604000091552734,144.0,36.0,
2021-08-14 03:45:00,,,,,55.31999969482422,0.0,72.98600006103516,True,True,99.55000305175781,0.0,78.65599822998047,True,True,50.689998626708984,0.0,75.59600067138672,True,True,100.0,0.0,87.74600219726562,True,True,45.83000183105469,0.0,74.12000274658203,True,True,58.68000030517578,0.0,73.18399810791016,True,True,54.68000030517578,0.0,71.61799621582031,True,True,72.33000183105469,0.0,75.61399841308594,True,True,41.38999938964844,0.0,75.03800201416016,True,True,46.709999084472656,0.0,76.9280014038086,True,,52.439998626708984,0.0,70.052001953125,True,True,-25.0,87.0,,,,49.316001892089844,210.0019989013672,49.71200180053711,144.0,36.0,
2021-08-14 04:00:00,,,,,52.13999938964844,0.0,73.00399780273438,True,True,91.9800033569336,0.0,78.51200103759766,True,True,50.349998474121094,0.0,75.5780029296875,True,True,100.0,0.0,90.21199798583984,True,True,45.9900016784668,0.0,74.12000274658203,True,True,55.90999984741211,0.0,72.93199920654297,True,True,55.130001068115234,0.0,71.25800323486328,True,True,76.18000030517578,0.0,75.5780029296875,True,True,41.779998779296875,0.0,75.0199966430664,True,True,48.66999816894531,0.0,76.78399658203125,True,,52.529998779296875,0.0,69.65599822998047,True,True,-25.0,87.38999938964844,,,,49.22600173950195,210.0019989013672,49.74800109863281,152.0,38.0,
2021-08-14 04:15:00,,,,,53.209999084472656,0.0,73.00399780273438,True,True,97.83999633789062,0.0,80.16799926757812,True,True,54.040000915527344,0.0,75.5780029296875,True,True,100.0,0.0,89.0780029296875,True,True,43.439998626708984,0.0,74.12000274658203,True,True,56.72999954223633,0.0,72.6259994506836,True,True,55.540000915527344,0.0,71.09600067138672,True,True,78.08000183105469,0.0,75.50599670410156,True,True,46.060001373291016,0.0,75.00199890136719,True,True,49.33000183105469,0.0,76.78399658203125,True,,52.470001220703125,0.0,69.36799621582031,True,True,-25.0,87.73999786376953,,,,49.35200119018555,210.0019989013672,49.801998138427734,144.0,36.0,
2021-08-14 04:30:00,,,,,53.4900016784668,0.0,72.8239974975586,True,True,100.0,0.0,79.39399719238281,True,True,57.880001068115234,0.0,75.50599670410156,True,True,100.0,0.0,91.34600067138672,True,True,46.66999816894531,0.0,74.06600189208984,True,True,60.439998626708984,0.0,72.39199829101562,True,True,55.349998474121094,0.0,71.56400299072266,True,True,80.63999938964844,0.0,75.59600067138672,True,True,42.25,0.0,74.98400115966797,True,True,49.59000015258789,0.0,76.78399658203125,True,,52.88999938964844,0.0,69.58399963378906,True,True,-25.0,88.51000213623047,,,,49.56800079345703,210.0019989013672,50.0,152.0,38.0,
2021-08-14 04:45:00,,,,,54.650001525878906,0.0,72.93199920654297,True,True,94.18000030517578,0.0,77.34200286865234,True,True,54.20000076293945,0.0,75.54199981689453,True,True,100.0,0.0,91.7239990234375,True,True,49.810001373291016,0.0,74.08399963378906,True,True,60.95000076293945,0.0,72.21199798583984,True,True,56.5099983215332,0.0,71.5999984741211,True,True,80.75,0.0,75.41600036621094,True,True,44.869998931884766,0.0,75.05599975585938,True,True,53.529998779296875,0.0,76.78399658203125,True,,50.47999954223633,0.0,69.94400024414062,True,True,-25.0,88.87000274658203,,,,49.49599838256836,210.0019989013672,49.9640007019043,152.0,38.0,
2021-08-14 05:00:00,,,,,51.27000045776367,0.0,72.87799835205078,True,True,96.43000030517578,0.0,78.58399963378906,True,True,51.08000183105469,0.0,75.52400207519531,True,True,100.0,0.0,91.50800323486328,True,True,46.15999984741211,0.0,74.06600189208984,True,True,57.27000045776367,0.0,72.1760025024414,True,True,57.36000061035156,0.0,71.63600158691406,True,True,79.3499984741211,0.0,75.50599670410156,True,True,41.5,0.0,74.91200256347656,True,True,50.790000915527344,0.0,76.7300033569336,True,,51.33000183105469,0.0,69.94400024414062,True,True,-25.0,87.3499984741211,,,,49.67599868774414,210.0019989013672,50.108001708984375,152.0,38.0,
2021-08-14 05:15:00,,,,,55.75,0.0,72.84200286865234,True,True,93.52999877929688,0.0,77.21600341796875,True,True,51.56999969482422,0.0,75.54199981689453,True,True,100.0,0.0,90.8239974975586,True,True,45.43000030517578,0.0,74.01200103759766,True,True,60.90999984741211,0.0,72.28399658203125,True,True,55.90999984741211,0.0,71.36599731445312,True,True,79.37999725341797,0.0,75.52400207519531,True,True,47.709999084472656,0.0,74.91200256347656,True,True,57.15999984741211,0.0,76.74800109863281,True,,50.54999923706055,0.0,69.56600189208984,True,True,-25.0,88.3499984741211,,,,49.67599868774414,210.0019989013672,50.09000015258789,152.0,38.0,
2021-08-14 05:30:00,,,,,56.220001220703125,0.0,72.64399719238281,True,True,99.75,0.0,78.99800109863281,True,True,52.060001373291016,0.0,75.50599670410156,True,True,100.0,0.0,90.28399658203125,True,True,45.72999954223633,0.0,73.95800018310547,True,True,61.02000045776367,0.0,72.28399658203125,True,True,56.779998779296875,0.0,71.2760009765625,True,True,80.7300033569336,0.0,75.50599670410156,True,True,43.66999816894531,0.0,74.89399719238281,True,True,50.869998931884766,0.0,76.60399627685547,True,,53.16999816894531,0.0,69.62000274658203,True,True,-25.0,88.13999938964844,,,,49.67599868774414,210.0019989013672,50.1619987487793,152.0,38.0,
2021-08-14 05:45:00,,,,,51.5099983215332,0.0,72.46399688720703,True,True,100.0,0.0,79.39399719238281,True,True,52.31999969482422,0.0,75.52400207519531,True,True,100.0,0.0,90.48200225830078,True,True,45.040000915527344,0.0,73.94000244140625,True,True,61.849998474121094,0.0,72.48200225830078,True,True,57.040000915527344,0.0,71.09600067138672,True,True,84.94999694824219,0.0,75.5780029296875,True,True,43.189998626708984,0.0,74.8759994506836,True,True,47.5099983215332,0.0,76.60399627685547,True,,54.369998931884766,0.0,69.58399963378906,True,True,-25.0,87.98999786376953,,,,49.71200180053711,210.0019989013672,50.198001861572266,152.0,38.0,
2021-08-14 06:00:00,,,,,56.380001068115234,0.0,72.10399627685547,True,True,100.0,0.0,78.51200103759766,True,True,52.560001373291016,0.0,75.50599670410156,True,True,100.0,0.0,91.86799621582031,True,True,48.2599983215332,0.0,73.90399932861328,True,True,59.790000915527344,0.0,72.28399658203125,True,True,57.2400016784668,0.0,71.04199981689453,True,True,84.86000061035156,0.0,75.41600036621094,True,True,42.97999954223633,0.0,74.85800170898438,True,True,44.619998931884766,0.0,76.60399627685547,True,,51.5,0.0,69.47599792480469,True,True,-25.0,89.6500015258789,,,,49.694000244140625,210.0019989013672,50.14400100708008,152.0,38.0,
2021-08-14 06:15:00,,,,,56.33000183105469,0.0,72.1760025024414,True,True,88.23999786376953,0.0,78.67400360107422,True,True,55.4900016784668,0.0,75.52400207519531,True,True,100.0,0.0,91.00399780273438,True,True,44.83000183105469,0.0,73.9219970703125,True,True,61.779998779296875,0.0,72.24800109863281,True,True,57.61000061035156,0.0,70.48400115966797,True,True,84.94000244140625,0.0,75.48799896240234,True,True,46.209999084472656,0.0,74.8219985961914,True,True,52.529998779296875,0.0,76.56800079345703,True,,51.5,0.0,69.04399871826172,True,True,-25.0,87.86000061035156,,,,49.67599868774414,210.0019989013672,50.14400100708008,152.0,38.0,
2021-08-14 06:30:00,,,,,55.68000030517578,0.0,72.08599853515625,True,True,90.55999755859375,0.0,79.08799743652344,True,True,54.689998626708984,0.0,75.48799896240234,True,True,100.0,0.0,83.552001953125,True,True,44.04999923706055,0.0,73.8499984741211,True,True,61.029998779296875,0.0,72.13999938964844,True,True,58.959999084472656,0.0,70.21399688720703,True,True,87.20999908447266,0.0,75.52400207519531,True,True,42.77000045776367,0.0,74.83999633789062,True,True,54.5099983215332,0.0,76.55000305175781,True,,49.9900016784668,0.0,68.80999755859375,True,True,-25.0,87.36000061035156,,,,49.316001892089844,210.0019989013672,49.71200180053711,152.0,38.0,
2021-08-14 06:45:00,,,,,55.7599983215332,0.0,72.98600006103516,True,True,95.5199966430664,0.0,79.08799743652344,True,True,54.150001525878906,0.0,75.5780029296875,True,True,100.0,0.0,84.30799865722656,True,True,43.439998626708984,0.0,73.95800018310547,True,True,57.65999984741211,0.0,72.39199829101562,True,True,56.29999923706055,0.0,69.94400024414062,True,True,87.3499984741211,0.0,75.47000122070312,True,True,42.189998626708984,0.0,74.80400085449219,True,True,48.7400016784668,0.0,76.47799682617188,True,,53.130001068115234,0.0,68.61199951171875,True,True,-25.0,83.38999938964844,,,,49.11800003051758,210.0019989013672,49.54999923706055,144.0,36.0,
2021-08-14 07:00:00,,,,,60.63999938964844,0.0,72.71600341796875,True,True,100.0,0.0,81.08599853515625,True,True,53.95000076293945,0.0,75.52400207519531,True,True,100.0,0.0,84.09200286865234,True,True,45.900001525878906,0.0,73.94000244140625,True,True,57.540000915527344,0.0,72.60800170898438,True,True,55.16999816894531,0.0,69.83599853515625,True,True,92.54000091552734,0.0,75.41600036621094,True,True,42.38999938964844,0.0,74.83999633789062,True,True,50.16999816894531,0.0,76.44200134277344,True,,49.790000915527344,0.0,68.52200317382812,True,True,-25.0,76.29000091552734,,,,50.14400100708008,210.0019989013672,50.86399841308594,152.0,38.0,
2021-08-14 07:15:00,,,,,54.0099983215332,0.0,73.27400207519531,True,True,88.36000061035156,0.0,81.24800109863281,True,True,53.4900016784668,0.0,75.47000122070312,True,True,100.0,0.0,83.89399719238281,True,True,43.56999969482422,0.0,73.95800018310547,True,True,56.63999938964844,0.0,72.78800201416016,True,True,54.5,0.0,70.30400085449219,True,True,88.2699966430664,0.0,75.25399780273438,True,True,41.63999938964844,0.0,74.76799774169922,True,True,52.209999084472656,0.0,76.42400360107422,True,,51.900001525878906,0.0,69.04399871826172,True,True,-25.0,68.80000305175781,,,,46.6879997253418,210.0019989013672,47.19200134277344,144.0,36.0,
2021-08-14 07:30:00,,,,,47.939998626708984,0.0,73.7959976196289,True,True,90.36000061035156,0.0,77.28800201416016,True,True,50.4900016784668,0.0,75.4520034790039,True,True,100.0,0.0,91.36399841308594,True,True,40.27000045776367,0.0,73.90399932861328,True,True,52.40999984741211,0.0,73.27400207519531,True,True,54.459999084472656,0.0,70.62799835205078,True,True,86.69000244140625,0.0,75.34400177001953,True,True,41.31999969482422,0.0,74.89399719238281,True,True,48.189998626708984,0.0,76.49600219726562,True,,53.72999954223633,0.0,69.40399932861328,True,True,-25.0,65.48999786376953,,,,45.55400085449219,210.0019989013672,46.07600021362305,144.0,36.0,
2021-08-14 07:45:00,,,,,48.79999923706055,0.0,74.22799682617188,True,True,97.11000061035156,0.0,79.79000091552734,True,True,51.36000061035156,0.0,75.4520034790039,True,True,100.0,0.0,90.98600006103516,True,True,41.52000045776367,0.0,73.99400329589844,True,True,52.709999084472656,0.0,73.70600128173828,True,True,53.70000076293945,0.0,70.447998046875,True,True,94.12000274658203,0.0,75.4520034790039,True,True,42.150001525878906,0.0,74.91200256347656,True,True,48.81999969482422,0.0,76.53199768066406,True,,50.72999954223633,0.0,69.40399932861328,True,True,-25.0,67.33999633789062,,,,44.04199981689453,210.0019989013672,44.63600158691406,144.0,36.0,
2021-08-14 08:00:00,,,,,43.9900016784668,0.0,75.00199890136719,True,True,96.91999816894531,0.0,82.43599700927734,True,True,45.0,0.0,75.43399810791016,True,True,100.0,0.0,91.05799865722656,True,True,39.439998626708984,0.0,74.06600189208984,True,True,55.459999084472656,0.0,74.40799713134766,True,True,50.09000015258789,0.0,70.93399810791016,True,True,87.97000122070312,0.0,75.43399810791016,True,True,38.16999816894531,0.0,74.947998046875,True,True,51.20000076293945,0.0,76.62200164794922,True,,48.349998474121094,0.0,69.76399993896484,True,True,-25.0,63.310001373291016,,,,43.06999969482422,210.0019989013672,43.62799835205078,152.0,38.0,
2021-08-14 08:15:00,,,,,45.7400016784668,0.0,75.68599700927734,True,True,100.0,0.0,81.89600372314453,True,True,44.90999984741211,0.0,75.4520034790039,True,True,93.73999786376953,0.0,91.9219970703125,True,True,43.13999938964844,0.0,74.0479965209961,True,True,53.060001373291016,0.0,75.29000091552734,True,True,53.68000030517578,0.0,71.2040023803711,True,True,86.93000030517578,0.0,75.54199981689453,True,True,48.349998474121094,0.0,75.0199966430664,True,True,49.029998779296875,0.0,76.71199798583984,True,,48.400001525878906,0.0,70.30400085449219,True,True,-25.0,62.36000061035156,,,,42.2599983215332,210.0019989013672,42.79999923706055,152.0,38.0,
2021-08-14 08:30:00,,,,,47.849998474121094,0.0,76.11799621582031,True,True,91.5199966430664,0.0,82.25599670410156,True,True,42.869998931884766,0.0,75.39800262451172,True,True,93.33000183105469,0.0,92.947998046875,True,True,38.04999923706055,0.0,73.99400329589844,True,True,47.22999954223633,0.0,76.26200103759766,True,True,45.25,0.0,71.56400299072266,True,True,83.5,0.0,75.7040023803711,True,True,40.61000061035156,0.0,75.0199966430664,True,True,45.54999923706055,0.0,76.71199798583984,True,,47.130001068115234,0.0,70.9520034790039,True,True,-25.0,61.31999969482422,,,,41.737998962402344,210.0019989013672,42.13399887084961,144.0,36.0,
2021-08-14 08:45:00,,,,,44.029998779296875,0.0,76.83799743652344,True,True,95.0199966430664,0.0,83.17400360107422,True,True,45.40999984741211,0.0,75.37999725341797,True,True,92.8499984741211,0.0,93.43399810791016,True,True,38.040000915527344,0.0,74.17400360107422,True,True,49.06999969482422,0.0,77.7020034790039,True,True,46.43000030517578,0.0,72.51799774169922,True,True,77.62999725341797,0.0,75.52400207519531,True,True,43.720001220703125,0.0,74.96600341796875,True,True,46.93000030517578,0.0,76.7300033569336,True,,44.2599983215332,0.0,72.24800109863281,True,True,-25.0,61.560001373291016,,,,42.60200119018555,210.0019989013672,42.96200180053711,152.0,38.0,
2021-08-14 09:00:00,,,,,42.61000061035156,0.0,76.44200134277344,True,True,99.87000274658203,0.0,82.43599700927734,True,True,41.81999969482422,0.0,75.39800262451172,True,True,88.45999908447266,0.0,93.37999725341797,True,True,43.18000030517578,0.0,74.13800048828125,True,True,44.59000015258789,0.0,78.74600219726562,True,True,45.189998626708984,0.0,73.23799896240234,True,True,75.05999755859375,0.8799999952316284,75.52400207519531,True,True,41.68000030517578,0.0,75.09200286865234,True,True,45.29999923706055,0.0,76.76599884033203,True,,49.16999816894531,0.0,73.27400207519531,True,True,-25.0,60.63999938964844,,,,42.60200119018555,210.0019989013672,43.06999969482422,152.0,38.0,
2021-08-14 09:15:00,,,,,38.18000030517578,0.0,77.86399841308594,True,True,100.0,0.0,78.45800018310547,True,True,39.65999984741211,0.0,75.37999725341797,True,True,80.77999877929688,0.0,81.93199920654297,True,True,37.349998474121094,0.0,74.10199737548828,True,True,50.13999938964844,0.0,79.9520034790039,True,True,46.43000030517578,0.0,74.19200134277344,True,True,72.41999816894531,0.0,75.5780029296875,True,True,37.95000076293945,0.0,75.14600372314453,True,True,43.810001373291016,0.0,76.78399658203125,True,,46.09000015258789,0.0,74.28199768066406,True,True,-25.0,59.84000015258789,,,,47.624000549316406,210.0019989013672,47.263999938964844,152.0,38.0,
2021-08-14 09:30:00,,,,,48.279998779296875,0.0,78.58399963378906,True,True,96.9000015258789,0.0,82.12999725341797,True,True,42.97999954223633,0.0,75.47000122070312,True,True,79.83999633789062,0.0,87.0979995727539,True,True,42.4900016784668,0.0,74.20999908447266,True,True,46.959999084472656,0.0,81.21199798583984,True,True,42.16999816894531,0.0,74.64199829101562,True,True,70.58999633789062,0.0,75.61399841308594,True,True,39.40999984741211,0.0,75.09200286865234,True,True,47.5,0.0,76.83799743652344,True,,48.849998474121094,0.0,75.09200286865234,True,True,-25.0,64.13999938964844,,,,44.83399963378906,210.0019989013672,45.104000091552734,152.0,38.0,
2021-08-14 09:45:00,,,,,39.02000045776367,0.0,79.21399688720703,True,True,86.97000122070312,0.0,83.8759994506836,True,True,41.779998779296875,0.0,75.37999725341797,True,True,78.41999816894531,0.0,87.13400268554688,True,True,41.25,0.0,74.28199768066406,True,True,45.38999938964844,0.0,82.30999755859375,True,True,41.2599983215332,0.0,75.63200378417969,True,True,71.48999786376953,0.0,75.6500015258789,True,True,41.189998626708984,0.0,75.16400146484375,True,True,39.09000015258789,0.0,76.802001953125,True,,44.7400016784668,0.0,76.2979965209961,True,True,-25.0,62.720001220703125,,,,44.70800018310547,210.0019989013672,45.22999954223633,136.0,34.0,
2021-08-14 10:00:00,,,,,38.9900016784668,0.0,79.66400146484375,True,True,90.37999725341797,0.0,81.55400085449219,True,True,41.709999084472656,0.0,75.39800262451172,True,True,78.38999938964844,0.0,87.47599792480469,True,True,39.06999969482422,0.0,74.22799682617188,True,True,42.95000076293945,0.0,83.30000305175781,True,True,45.27000045776367,0.0,76.6760025024414,True,True,72.9800033569336,0.0,75.63200378417969,True,True,44.75,0.0,75.18199920654297,True,True,44.459999084472656,0.0,76.78399658203125,True,,49.33000183105469,0.0,77.59400177001953,True,True,-25.0,62.439998626708984,,,,44.4379997253418,210.0019989013672,44.99599838256836,144.0,36.0,
2021-08-14 10:15:00,,,,,41.619998931884766,0.0,80.36599731445312,True,True,93.87000274658203,0.0,85.13600158691406,True,True,39.7599983215332,0.0,75.37999725341797,True,True,77.94999694824219,0.0,93.12799835205078,True,True,41.939998626708984,0.0,74.30000305175781,True,True,46.959999084472656,0.0,83.78600311279297,True,True,43.27000045776367,0.0,77.41400146484375,True,True,70.94000244140625,0.0,75.66799926757812,True,True,40.689998626708984,0.0,75.21800231933594,True,True,44.13999938964844,0.0,76.89199829101562,True,,44.11000061035156,0.0,78.63800048828125,True,True,-25.0,64.31999969482422,,,,43.231998443603516,210.0019989013672,43.77199935913086,144.0,36.0,
2021-08-14 10:30:00,,,,,43.11000061035156,0.0,80.58200073242188,True,True,86.48999786376953,0.0,85.96399688720703,True,True,42.56999969482422,0.0,75.37999725341797,True,True,77.88999938964844,0.0,94.60399627685547,True,True,42.77000045776367,0.0,74.37200164794922,True,True,45.72999954223633,0.0,83.19200134277344,True,True,45.2400016784668,0.0,78.11599731445312,True,True,65.80000305175781,0.0,75.61399841308594,True,True,41.189998626708984,0.0,75.21800231933594,True,True,44.75,0.0,76.89199829101562,True,,43.189998626708984,0.0,79.39399719238281,True,True,-25.0,63.470001220703125,,,,43.68199920654297,210.0019989013672,44.060001373291016,144.0,36.0,
2021-08-14 10:45:00,,,,,45.65999984741211,0.0,80.81600189208984,True,True,100.0,0.0,84.39800262451172,True,True,42.77000045776367,0.0,75.4520034790039,True,True,81.8499984741211,0.0,95.21600341796875,True,True,42.08000183105469,0.0,74.44400024414062,True,True,45.970001220703125,0.0,84.41600036621094,True,True,43.34000015258789,0.0,78.78199768066406,True,True,68.68000030517578,0.0,75.72200012207031,True,True,40.56999969482422,0.0,75.23600006103516,True,True,52.36000061035156,0.0,76.89199829101562,True,,42.880001068115234,0.0,80.1500015258789,True,True,-25.0,65.86000061035156,,,,43.82600021362305,210.0019989013672,44.20399856567383,152.0,38.0,
2021-08-14 11:00:00,,,,,39.459999084472656,0.0,81.1760025024414,True,True,89.1500015258789,0.0,83.51599884033203,True,True,40.45000076293945,0.0,75.55999755859375,True,True,87.7699966430664,0.0,96.58399963378906,True,True,43.61000061035156,0.0,74.53399658203125,True,True,47.52000045776367,0.0,84.41600036621094,True,True,43.34000015258789,0.0,79.35800170898438,True,True,61.650001525878906,0.0,75.81199645996094,True,True,39.79999923706055,0.0,75.27200317382812,True,True,43.779998779296875,0.0,76.94599914550781,True,,44.88999938964844,0.0,80.81600189208984,True,True,-25.0,66.25,,,,44.54600143432617,210.0019989013672,44.92399978637695,152.0,38.0,
2021-08-14 11:15:00,,,,,44.61000061035156,0.0,81.08599853515625,True,True,94.44000244140625,0.0,81.6259994506836,True,True,43.65999984741211,0.0,75.4520034790039,True,True,89.20999908447266,0.0,98.49199676513672,True,True,44.529998779296875,0.0,74.4800033569336,True,True,49.459999084472656,0.0,85.31600189208984,True,True,42.63999938964844,0.0,79.87999725341797,True,True,64.22000122070312,0.0,75.7760009765625,True,True,39.290000915527344,0.0,75.30799865722656,True,True,45.33000183105469,0.0,76.96399688720703,True,,50.060001373291016,0.0,81.05000305175781,True,True,-25.0,67.94000244140625,,,,45.12200164794922,210.0019989013672,45.55400085449219,152.0,38.0,
2021-08-14 11:30:00,,,,,46.380001068115234,0.0,81.5,True,True,100.0,0.0,78.27799987792969,True,True,45.619998931884766,0.0,75.52400207519531,True,True,83.6500015258789,0.0,99.31999969482422,True,True,45.459999084472656,0.0,74.64199829101562,True,True,49.33000183105469,0.0,86.75599670410156,True,True,48.279998779296875,0.0,80.41999816894531,True,True,58.47999954223633,0.0,75.9020004272461,True,True,39.95000076293945,0.0,75.32599639892578,True,True,40.22999954223633,0.0,77.01799774169922,True,,39.91999816894531,0.0,81.58999633789062,True,True,-25.0,66.62000274658203,,,,46.237998962402344,210.0019989013672,46.54399871826172,152.0,38.0,
2021-08-14 11:45:00,,,,,39.540000915527344,0.0,81.5,True,True,100.0,0.0,76.74800109863281,True,True,46.5,0.0,75.52400207519531,True,True,79.08999633789062,0.0,96.76399993896484,True,True,45.36000061035156,0.0,74.6240005493164,True,True,49.459999084472656,0.0,87.33200073242188,True,True,48.189998626708984,0.0,80.16799926757812,True,True,63.27000045776367,0.0,75.88400268554688,True,True,44.52000045776367,0.0,75.30799865722656,True,True,47.369998931884766,0.0,76.98200225830078,True,,51.029998779296875,0.0,81.3740005493164,True,True,-25.0,84.05000305175781,,,,47.04800033569336,210.0019989013672,47.40800094604492,152.0,38.0,
2021-08-14 12:00:00,,,,,43.77000045776367,0.0,81.64399719238281,True,True,100.0,0.0,76.35199737548828,True,True,47.0,0.0,75.5780029296875,True,True,77.86000061035156,0.0,96.24199676513672,True,True,46.599998474121094,0.0,74.552001953125,True,True,53.119998931884766,0.0,87.94400024414062,True,True,48.560001373291016,0.0,81.01399993896484,True,True,68.44000244140625,0.0,75.81199645996094,True,True,42.369998931884766,0.0,75.34400177001953,True,True,47.83000183105469,0.0,77.03600311279297,True,,48.630001068115234,0.0,82.58000183105469,True,True,-25.0,69.48999786376953,,,,47.49800109863281,210.0019989013672,47.9119987487793,144.0,36.0,
2021-08-14 12:15:00,,,,,43.119998931884766,0.0,82.30999755859375,True,True,100.0,0.0,76.0459976196289,True,True,46.97999954223633,0.0,75.61399841308594,True,True,76.19000244140625,0.0,96.83599853515625,True,True,46.349998474121094,0.0,74.66000366210938,True,True,52.75,0.0,88.84400177001953,True,True,50.09000015258789,0.0,81.80599975585938,True,True,73.4000015258789,0.0,76.02799987792969,True,True,40.93000030517578,0.0,75.29000091552734,True,True,45.18000030517578,0.0,77.0719985961914,True,,46.939998626708984,0.0,83.22799682617188,True,True,-25.0,67.19000244140625,,,,46.79600143432617,210.0019989013672,47.28200149536133,152.0,38.0,
2021-08-14 12:30:00,,,,,43.599998474121094,0.0,82.34600067138672,True,True,100.0,0.0,75.95600128173828,True,True,43.63999938964844,0.0,75.63200378417969,True,True,73.36000061035156,0.0,97.91600036621094,True,True,42.380001068115234,0.0,74.66000366210938,True,True,47.72999954223633,0.0,88.1240005493164,True,True,47.0,0.0,82.34600067138672,True,True,69.12000274658203,0.0,76.11799621582031,True,True,43.459999084472656,0.0,75.34400177001953,True,True,47.08000183105469,0.0,77.05400085449219,True,,39.15999984741211,0.0,84.16400146484375,True,True,-25.0,67.37000274658203,,,,47.37200164794922,210.0019989013672,47.75,152.0,38.0,
2021-08-14 12:45:00,,,,,42.779998779296875,0.0,82.29199981689453,True,True,98.38999938964844,0.0,75.75800323486328,True,True,44.900001525878906,0.0,75.59600067138672,True,True,71.87000274658203,0.0,98.22200012207031,True,True,44.34000015258789,0.0,74.58799743652344,True,True,51.77000045776367,0.0,86.93599700927734,True,True,45.540000915527344,0.0,82.90399932861328,True,True,75.05000305175781,0.0,76.13600158691406,True,True,47.650001525878906,0.0,75.32599639892578,True,True,45.130001068115234,0.0,77.0719985961914,True,,47.86000061035156,0.0,84.6500015258789,True,True,-25.0,69.05999755859375,,,,46.507999420166016,210.0019989013672,46.86800003051758,144.0,36.0,
2021-08-14 13:00:00,,,,,46.459999084472656,0.0,82.16600036621094,True,True,94.94999694824219,0.0,75.95600128173828,True,True,43.09000015258789,0.0,75.6500015258789,True,True,68.79000091552734,0.0,98.94200134277344,True,True,42.720001220703125,0.0,74.6780014038086,True,True,51.34000015258789,0.0,88.5739974975586,True,True,43.93000030517578,0.0,83.26399993896484,True,True,72.36000061035156,0.0,76.13600158691406,True,True,50.27000045776367,0.0,75.37999725341797,True,True,43.08000183105469,0.0,77.16200256347656,True,,49.22999954223633,0.0,85.13600158691406,True,True,-25.0,72.93000030517578,,,,46.61600112915039,210.0019989013672,47.15599822998047,152.0,38.0,
2021-08-14 13:15:00,,,,,42.31999969482422,0.0,82.56199645996094,True,True,92.41999816894531,0.0,76.85600280761719,True,True,45.709999084472656,0.0,75.5780029296875,True,True,65.62000274658203,0.0,98.81600189208984,True,True,41.849998474121094,0.0,74.69599914550781,True,True,46.68000030517578,0.0,86.86399841308594,True,True,45.02000045776367,0.0,83.24600219726562,True,True,65.19999694824219,0.0,75.95600128173828,True,True,37.90999984741211,0.0,75.37999725341797,True,True,48.279998779296875,0.0,77.16200256347656,True,,48.7400016784668,0.0,85.1719970703125,True,True,-25.0,67.29000091552734,,,,46.849998474121094,210.0019989013672,47.263999938964844,152.0,38.0,
2021-08-14 13:30:00,,,,,41.310001373291016,0.0,81.68000030517578,True,True,96.7300033569336,0.0,76.13600158691406,True,True,45.09000015258789,0.0,75.54199981689453,True,True,61.31999969482422,0.0,94.02799987792969,True,True,41.58000183105469,0.0,74.6780014038086,True,True,49.52000045776367,0.0,86.39600372314453,True,True,46.11000061035156,0.0,82.83200073242188,True,True,70.48999786376953,0.0,76.22599792480469,True,True,40.38999938964844,0.0,75.41600036621094,True,True,43.61000061035156,0.0,77.25199890136719,True,,51.43000030517578,0.0,84.7040023803711,True,True,-25.0,67.37000274658203,,,,46.00400161743164,210.0019989013672,46.27399826049805,152.0,38.0,
2021-08-14 13:45:00,,,,,38.77000045776367,0.0,81.35600280761719,True,True,96.44000244140625,0.0,76.89199829101562,True,True,44.13999938964844,0.0,75.5780029296875,True,True,60.56999969482422,0.0,94.24400329589844,True,True,42.689998626708984,0.0,74.552001953125,True,True,45.099998474121094,0.0,86.2699966430664,True,True,44.83000183105469,0.0,83.19200134277344,True,True,67.76000213623047,0.0,76.08200073242188,True,True,37.43000030517578,0.0,75.43399810791016,True,True,46.619998931884766,0.0,77.30599975585938,True,,44.380001068115234,0.0,84.83000183105469,True,True,-25.0,66.31999969482422,,,,46.45399856567383,210.0019989013672,46.86800003051758,144.0,36.0,
2021-08-14 14:00:00,,,,,46.77000045776367,0.0,81.66200256347656,True,True,100.0,0.0,76.71199798583984,True,True,43.099998474121094,0.0,75.54199981689453,True,True,56.86000061035156,0.0,94.06400299072266,True,True,41.060001373291016,0.0,74.66000366210938,True,True,47.33000183105469,0.0,86.43199920654297,True,True,42.369998931884766,0.0,82.58000183105469,True,True,67.5,0.0,76.06400299072266,True,True,42.099998474121094,0.0,75.4520034790039,True,True,49.119998931884766,0.0,77.44999694824219,True,,48.09000015258789,0.0,84.00199890136719,True,True,-25.0,72.05999755859375,,,,46.90399932861328,210.0019989013672,47.33599853515625,144.0,36.0,
2021-08-14 14:15:00,,,,,36.779998779296875,0.0,81.66200256347656,True,True,100.0,0.0,76.13600158691406,True,True,39.63999938964844,0.0,75.5780029296875,True,True,53.77000045776367,0.0,99.302001953125,True,True,43.599998474121094,0.0,74.6780014038086,True,True,45.540000915527344,0.0,86.50399780273438,True,True,40.70000076293945,0.0,82.61599731445312,True,True,62.4900016784668,0.0,76.15399932861328,True,True,40.619998931884766,0.0,75.32599639892578,True,True,45.13999938964844,0.0,77.44999694824219,True,,50.939998626708984,0.0,83.8219985961914,True,True,-25.0,70.31999969482422,,,,44.33000183105469,210.0019989013672,44.99599838256836,144.0,36.0,
2021-08-14 14:30:00,,,,,33.970001220703125,0.0,81.3740005493164,True,True,100.0,0.0,76.27999877929688,True,True,37.130001068115234,0.0,75.50599670410156,True,True,48.40999984741211,1.309999942779541,99.96800231933594,True,True,39.63999938964844,0.0,74.66000366210938,True,True,46.68000030517578,0.0,86.50399780273438,True,True,44.11000061035156,0.0,82.56199645996094,True,True,68.19999694824219,0.0,76.15399932861328,True,True,38.529998779296875,0.0,75.39800262451172,True,True,47.029998779296875,0.0,77.43199920654297,True,,49.290000915527344,0.0,83.58799743652344,True,True,-25.0,67.41000366210938,,,,40.74800109863281,210.0019989013672,41.28799819946289,144.0,36.0,
2021-08-14 14:45:00,,,,,50.040000915527344,0.0,80.99600219726562,True,True,100.0,0.0,75.79399871826172,True,True,57.189998626708984,0.0,75.5780029296875,True,True,63.91999816894531,0.0,99.46399688720703,True,True,54.75,0.0,74.64199829101562,True,True,54.09000015258789,0.0,85.9280014038086,True,True,46.0099983215332,0.0,81.96800231933594,True,True,66.79000091552734,0.0,76.26200103759766,True,True,44.720001220703125,0.0,75.4520034790039,True,True,48.13999938964844,0.0,77.43199920654297,True,,52.38999938964844,0.0,82.76000213623047,True,True,-25.0,85.36000061035156,,,,48.95600128173828,210.0019989013672,49.513999938964844,152.0,38.0,
2021-08-14 15:00:00,,,,,38.63999938964844,0.0,80.97799682617188,True,True,96.80000305175781,0.0,75.50599670410156,True,True,39.290000915527344,0.0,75.55999755859375,True,True,52.77000045776367,0.0,99.96800231933594,True,True,40.599998474121094,0.0,74.71399688720703,True,True,47.08000183105469,0.0,85.40599822998047,True,True,43.349998474121094,0.0,81.28399658203125,True,True,62.400001525878906,0.0,76.08200073242188,True,True,42.2400016784668,0.0,75.50599670410156,True,True,44.11000061035156,0.0,77.48600006103516,True,,46.689998626708984,0.0,81.3740005493164,True,True,-25.0,67.68000030517578,,,,45.301998138427734,210.0019989013672,45.698001861572266,152.0,38.0,
2021-08-14 15:15:00,,,,,41.279998779296875,0.0,80.83399963378906,True,True,100.0,0.0,75.4520034790039,True,True,43.75,0.0,75.47000122070312,True,True,50.209999084472656,0.0,101.28199768066406,True,True,45.0,0.0,74.6240005493164,True,True,46.9900016784668,0.0,85.15399932861328,True,True,41.06999969482422,0.0,81.26599884033203,True,True,51.720001220703125,0.9799999594688416,76.1719970703125,True,True,45.939998626708984,0.0,75.4520034790039,True,True,41.4900016784668,0.0,77.61199951171875,True,,47.52000045776367,0.0,81.86000061035156,True,True,-25.0,67.8499984741211,,,,46.36399841308594,210.0019989013672,46.7599983215332,144.0,36.0,
2021-08-14 15:30:00,,,,,35.63999938964844,0.0,80.25800323486328,True,True,100.0,0.0,75.54199981689453,True,True,45.02000045776367,0.0,75.52400207519531,True,True,48.93000030517578,0.0,99.96800231933594,True,True,42.13999938964844,0.0,74.64199829101562,True,True,49.720001220703125,0.0,84.43399810791016,True,True,42.54999923706055,0.0,80.81600189208984,True,True,73.55000305175781,0.0,76.27999877929688,True,True,36.720001220703125,0.0,75.48799896240234,True,True,46.08000183105469,0.0,77.72000122070312,True,,46.560001373291016,0.0,80.81600189208984,True,True,-25.0,67.19000244140625,,,,42.36800003051758,210.0019989013672,43.051998138427734,152.0,38.0,
2021-08-14 15:45:00,,,,,38.619998931884766,0.0,80.58200073242188,True,True,100.0,0.0,75.52400207519531,True,True,37.959999084472656,0.0,75.4520034790039,True,True,46.54999923706055,0.0,99.60800170898438,True,True,40.0099983215332,0.0,74.6240005493164,True,True,42.310001373291016,0.0,84.19999694824219,True,True,43.040000915527344,0.0,80.56400299072266,True,True,62.7599983215332,0.0,76.11799621582031,True,True,42.81999969482422,0.0,75.47000122070312,True,True,41.33000183105469,0.0,77.64800262451172,True,,48.810001373291016,0.0,80.58200073242188,True,True,-25.0,65.83999633789062,,,,44.492000579833984,210.0019989013672,45.04999923706055,152.0,38.0,
2021-08-14 16:00:00,,,,,39.0099983215332,0.0,80.56400299072266,True,True,100.0,0.0,75.25399780273438,True,True,41.959999084472656,0.0,75.52400207519531,True,True,51.290000915527344,0.0,99.4280014038086,True,True,42.2599983215332,0.0,74.60600280761719,True,True,47.31999969482422,0.0,84.52400207519531,True,True,46.58000183105469,0.0,80.11399841308594,True,True,60.84000015258789,0.0,76.13600158691406,True,True,43.529998779296875,0.0,75.50599670410156,True,True,45.72999954223633,0.0,77.66600036621094,True,,47.209999084472656,0.0,80.25800323486328,True,True,-25.0,67.3499984741211,,,,43.933998107910156,210.0019989013672,44.3120002746582,152.0,38.0,
2021-08-14 16:15:00,,,,,36.34000015258789,0.0,80.4020004272461,True,True,100.0,0.0,75.09200286865234,True,True,41.650001525878906,0.0,75.50599670410156,True,True,46.650001525878906,0.0,99.3740005493164,True,True,43.349998474121094,0.0,74.58799743652344,True,True,45.599998474121094,0.0,83.93000030517578,True,True,39.90999984741211,0.0,79.80799865722656,True,True,52.84000015258789,0.0,76.01000213623047,True,True,42.130001068115234,0.0,75.36199951171875,True,True,42.79999923706055,0.0,77.66600036621094,True,,45.66999816894531,0.0,80.11399841308594,True,True,-25.0,69.3499984741211,,,,44.18600082397461,210.0019989013672,44.63600158691406,144.0,36.0,
2021-08-14 16:30:00,,,,,38.529998779296875,0.0,80.05999755859375,True,True,100.0,0.0,75.05599975585938,True,True,40.400001525878906,0.0,75.50599670410156,True,True,45.029998779296875,0.0,98.33000183105469,True,True,42.58000183105469,0.0,74.53399658203125,True,True,44.900001525878906,0.0,83.17400360107422,True,True,45.47999954223633,0.0,79.84400177001953,True,True,61.529998779296875,0.0,76.08200073242188,True,True,43.779998779296875,0.0,75.37999725341797,True,True,48.900001525878906,0.0,77.64800262451172,True,,44.04999923706055,0.0,80.09600067138672,True,True,-25.0,66.91000366210938,,,,42.332000732421875,210.0019989013672,42.92599868774414,152.0,38.0,
2021-08-14 16:45:00,,,,,57.720001220703125,0.0,79.50199890136719,True,True,100.0,0.0,74.98400115966797,True,True,52.439998626708984,0.0,75.29000091552734,True,True,47.970001220703125,0.0,97.97000122070312,True,True,53.91999816894531,0.0,74.58799743652344,True,True,45.310001373291016,0.0,82.38200378417969,True,True,44.40999984741211,0.0,79.3219985961914,True,True,57.20000076293945,0.0,76.13600158691406,True,True,38.86000061035156,0.0,75.36199951171875,True,True,50.7599983215332,0.0,77.66600036621094,True,,49.47999954223633,0.0,79.59200286865234,True,True,-25.0,83.5999984741211,,,,52.268001556396484,210.0019989013672,54.91400146484375,144.0,36.0,
2021-08-14 17:00:00,,,,,36.11000061035156,0.0,79.14199829101562,True,True,100.0,0.0,75.0739974975586,True,True,49.11000061035156,0.0,75.66799926757812,True,True,68.36000061035156,0.0,98.29399871826172,True,True,41.22999954223633,0.0,74.6240005493164,True,True,65.37000274658203,0.0,81.93199920654297,True,True,44.849998474121094,0.0,79.08799743652344,True,True,58.38999938964844,0.0,76.15399932861328,True,True,41.380001068115234,0.0,75.37999725341797,True,True,40.849998474121094,0.0,77.64800262451172,True,,44.029998779296875,0.0,79.30400085449219,True,True,-25.0,82.87000274658203,,,,45.26599884033203,210.0019989013672,45.82400131225586,144.0,36.0,
2021-08-14 17:15:00,,,,,37.13999938964844,0.0,78.60199737548828,True,True,92.16999816894531,0.0,75.21800231933594,True,True,39.52000045776367,0.0,75.5780029296875,True,True,48.0,0.0,98.33000183105469,True,True,42.380001068115234,0.0,74.552001953125,True,True,44.95000076293945,0.0,81.26599884033203,True,True,40.88999938964844,0.0,78.2959976196289,True,True,52.7599983215332,0.0,76.15399932861328,True,True,36.91999816894531,0.0,75.41600036621094,True,True,36.88999938964844,0.0,77.66600036621094,True,,40.63999938964844,0.0,78.27799987792969,True,True,-25.0,68.80999755859375,,,,44.762001037597656,210.0019989013672,45.21200180053711,152.0,38.0,
2021-08-14 17:30:00,,,,,50.68000030517578,0.0,78.24199676513672,True,True,94.66000366210938,0.0,75.21800231933594,True,True,41.88999938964844,0.0,75.5780029296875,True,True,47.68000030517578,0.0,98.33000183105469,True,True,47.349998474121094,0.0,74.552001953125,True,True,48.869998931884766,0.0,80.92400360107422,True,True,56.119998931884766,0.0,77.77400207519531,True,True,69.0,0.0,76.1719970703125,True,True,48.630001068115234,0.0,75.37999725341797,True,True,54.689998626708984,0.0,77.66600036621094,True,,57.29999923706055,0.0,77.55799865722656,True,True,-25.0,68.36000061035156,,,,57.27199935913086,210.0019989013672,58.71200180053711,152.0,38.0,
2021-08-14 17:45:00,,,,,38.91999816894531,0.0,77.68399810791016,True,True,100.0,0.0,75.21800231933594,True,True,43.41999816894531,0.0,75.55999755859375,True,True,52.939998626708984,0.0,98.5459976196289,True,True,42.79999923706055,0.0,74.51599884033203,True,True,49.13999938964844,0.0,80.25800323486328,True,True,43.47999954223633,0.0,77.23400115966797,True,True,66.94000244140625,0.0,76.19000244140625,True,True,37.349998474121094,0.0,75.34400177001953,True,True,45.58000183105469,0.0,77.68399810791016,True,,72.69999694824219,0.0,76.83799743652344,True,True,-25.0,72.29000091552734,,,,45.6619987487793,210.0019989013672,46.849998474121094,152.0,38.0,
2021-08-14 18:00:00,,,,,42.810001373291016,0.0,77.23400115966797,True,True,100.0,0.0,75.27200317382812,True,True,41.970001220703125,0.0,75.50599670410156,True,True,49.7599983215332,0.0,97.71800231933594,True,True,46.150001525878906,0.0,74.49800109863281,True,True,46.61000061035156,0.0,79.64600372314453,True,True,45.18000030517578,0.0,76.8740005493164,True,True,56.959999084472656,0.0,76.01000213623047,True,True,40.630001068115234,0.0,75.36199951171875,True,True,47.41999816894531,0.0,77.61199951171875,True,,49.5,0.0,76.2979965209961,True,True,-25.0,69.79000091552734,,,,46.86800003051758,210.0019989013672,47.551998138427734,144.0,36.0,
2021-08-14 18:15:00,,,,,37.47999954223633,0.0,76.44200134277344,True,True,94.95999908447266,0.0,75.21800231933594,True,True,38.58000183105469,0.0,75.50599670410156,True,True,44.099998474121094,0.0,96.63800048828125,True,True,39.130001068115234,0.0,74.38999938964844,True,True,47.79999923706055,0.0,78.87200164794922,True,True,48.029998779296875,0.0,76.15399932861328,True,True,74.18000030517578,0.0,76.11799621582031,True,True,37.08000183105469,0.0,75.41600036621094,True,True,61.84000015258789,0.0,77.61199951171875,True,,50.90999984741211,0.0,75.37999725341797,True,True,-25.0,66.98999786376953,,,,44.38399887084961,210.0019989013672,44.74399948120117,152.0,38.0,
2021-08-14 18:30:00,,,,,39.779998779296875,0.0,76.40599822998047,True,True,96.48999786376953,0.0,75.18199920654297,True,True,42.220001220703125,0.0,75.50599670410156,True,True,46.439998626708984,0.0,95.97200012207031,True,True,60.849998474121094,0.0,74.40799713134766,True,True,43.119998931884766,0.0,78.38600158691406,True,True,45.5,0.0,75.61399841308594,True,True,60.13999938964844,0.0,76.01000213623047,True,True,40.4900016784668,0.0,75.34400177001953,True,True,48.18000030517578,0.0,77.57599639892578,True,,47.34000015258789,0.0,74.73200225830078,True,True,-25.0,67.43000030517578,,,,43.645999908447266,210.0019989013672,44.09600067138672,144.0,36.0,
2021-08-14 18:45:00,,,,,42.029998779296875,0.0,75.86599731445312,True,True,97.56999969482422,0.0,75.12799835205078,True,True,36.93000030517578,0.0,75.4520034790039,True,True,41.279998779296875,0.0,95.79199981689453,True,True,39.2400016784668,0.0,74.37200164794922,True,True,46.630001068115234,0.0,77.66600036621094,True,True,43.900001525878906,0.0,75.03800201416016,True,True,59.97999954223633,0.0,75.93800354003906,True,True,38.72999954223633,0.0,75.29000091552734,True,True,45.7599983215332,0.0,77.50399780273438,True,,46.4900016784668,0.0,74.06600189208984,True,True,-25.0,65.3499984741211,,,,41.486000061035156,210.0019989013672,42.04399871826172,144.0,36.0,
2021-08-14 19:00:00,,,,,35.63999938964844,0.0,75.7040023803711,True,True,97.08999633789062,0.0,75.09200286865234,True,True,35.720001220703125,0.0,75.37999725341797,True,True,42.029998779296875,0.0,90.6259994506836,True,True,37.72999954223633,0.0,74.37200164794922,True,True,40.06999969482422,0.0,77.44999694824219,True,True,41.20000076293945,0.0,74.552001953125,True,True,60.529998779296875,0.0,75.7760009765625,True,True,45.93000030517578,0.0,75.27200317382812,True,True,42.18000030517578,0.0,77.50399780273438,True,,42.16999816894531,0.0,73.5260009765625,True,True,-25.0,64.36000061035156,,,,43.66400146484375,210.0019989013672,44.02399826049805,152.0,38.0,
2021-08-14 19:15:00,,,,,32.68000030517578,0.0,75.4520034790039,True,True,97.08999633789062,0.0,75.0739974975586,True,True,42.459999084472656,0.0,75.41600036621094,True,True,40.65999984741211,0.0,90.12200164794922,True,True,39.79999923706055,0.0,74.31800079345703,True,True,42.220001220703125,0.0,77.23400115966797,True,True,41.099998474121094,0.0,74.31800079345703,True,True,55.25,0.0,75.9020004272461,True,True,34.5,0.0,75.30799865722656,True,True,43.88999938964844,0.0,77.46800231933594,True,,46.47999954223633,0.0,73.38200378417969,True,True,-25.0,63.70000076293945,,,,41.43199920654297,210.0019989013672,41.95399856567383,136.0,34.0,
2021-08-14 19:30:00,,,,,37.970001220703125,0.0,75.50599670410156,True,True,92.01000213623047,0.0,74.8759994506836,True,True,40.31999969482422,0.0,75.4520034790039,True,True,38.20000076293945,0.0,92.0479965209961,True,True,39.099998474121094,0.0,74.30000305175781,True,True,42.369998931884766,0.0,76.71199798583984,True,True,39.83000183105469,0.0,73.8499984741211,True,True,56.81999969482422,0.0,75.88400268554688,True,True,43.189998626708984,0.0,75.23600006103516,True,True,45.790000915527344,0.0,77.43199920654297,True,,43.08000183105469,0.0,72.66200256347656,True,True,-25.0,65.0,,,,41.37799835205078,210.0019989013672,41.77399826049805,144.0,36.0,
2021-08-14 19:45:00,,,,,33.099998474121094,0.0,75.00199890136719,True,True,93.29000091552734,0.0,74.73200225830078,True,True,36.81999969482422,0.0,75.37999725341797,True,True,37.84000015258789,0.0,93.95600128173828,True,True,38.959999084472656,0.0,74.28199768066406,True,True,41.290000915527344,0.0,76.20800018310547,True,True,42.099998474121094,0.0,73.3280029296875,True,True,55.20000076293945,0.0,75.66799926757812,True,True,37.560001373291016,0.0,75.21800231933594,True,True,44.31999969482422,0.0,77.3239974975586,True,,43.36000061035156,0.0,72.1760025024414,True,True,-25.0,64.4800033569336,,,,43.448001861572266,210.0019989013672,43.375999450683594,144.0,36.0,
2021-08-14 20:00:00,,,,,38.2599983215332,0.0,74.71399688720703,True,True,96.91000366210938,0.0,74.69599914550781,True,True,38.220001220703125,0.0,75.37999725341797,True,True,42.83000183105469,0.0,93.81199645996094,True,True,41.18000030517578,0.0,74.31800079345703,True,True,42.66999816894531,0.0,76.0459976196289,True,True,39.79999923706055,0.0,73.04000091552734,True,True,50.02000045776367,0.0,75.79399871826172,True,True,36.93000030517578,0.0,75.18199920654297,True,True,39.84000015258789,0.0,77.3239974975586,True,,40.45000076293945,0.0,71.76200103759766,True,True,-25.0,64.5199966430664,,,,41.827999114990234,210.0019989013672,42.332000732421875,144.0,36.0,
2021-08-14 20:15:00,,,,,34.81999969482422,0.0,74.44400024414062,True,True,97.4800033569336,0.0,74.6780014038086,True,True,39.9900016784668,0.0,75.4520034790039,True,True,38.290000915527344,0.0,94.35199737548828,True,True,37.68000030517578,0.0,74.30000305175781,True,True,41.15999984741211,0.0,75.75800323486328,True,True,40.709999084472656,0.0,72.8239974975586,True,True,48.45000076293945,0.0,75.7760009765625,True,True,35.880001068115234,0.0,75.18199920654297,True,True,38.470001220703125,0.0,77.3239974975586,True,,41.90999984741211,0.0,71.58200073242188,True,True,-25.0,64.3499984741211,,,,41.55799865722656,210.0019989013672,41.93600082397461,144.0,36.0,
2021-08-14 20:30:00,,,,,33.400001525878906,0.0,74.98400115966797,True,True,100.0,0.0,74.64199829101562,True,True,40.09000015258789,0.0,75.4520034790039,True,True,37.0,0.0,95.0719985961914,True,True,39.130001068115234,0.0,74.26399993896484,True,True,44.45000076293945,0.0,75.25399780273438,True,True,43.5099983215332,0.0,72.55400085449219,True,True,52.9900016784668,0.0,75.68599700927734,True,True,38.65999984741211,0.0,75.12799835205078,True,True,37.880001068115234,0.0,77.21600341796875,True,,43.459999084472656,0.0,71.31199645996094,True,True,-25.0,62.939998626708984,,,,41.55799865722656,210.0019989013672,41.917999267578125,152.0,38.0,
2021-08-14 20:45:00,,,,,39.029998779296875,0.0,74.31800079345703,True,True,100.0,0.0,74.53399658203125,True,True,35.599998474121094,0.0,75.36199951171875,True,True,36.310001373291016,0.0,88.80799865722656,True,True,38.0099983215332,0.0,74.19200134277344,True,True,40.689998626708984,0.0,75.03800201416016,True,True,41.16999816894531,0.0,72.44599914550781,True,True,47.16999816894531,0.0,75.79399871826172,True,True,42.2599983215332,0.0,75.16400146484375,True,True,41.40999984741211,0.0,77.23400115966797,True,,39.33000183105469,0.0,71.22200012207031,True,True,-25.0,64.3499984741211,,,,41.486000061035156,210.0019989013672,41.917999267578125,144.0,36.0,
2021-08-14 21:00:00,,,,,37.13999938964844,0.0,74.40799713134766,True,True,99.2699966430664,0.0,74.60600280761719,True,True,35.290000915527344,0.0,75.37999725341797,True,True,40.72999954223633,0.0,89.04199981689453,True,True,37.16999816894531,0.0,74.19200134277344,True,True,38.790000915527344,0.0,74.93000030517578,True,True,39.95000076293945,0.0,72.1760025024414,True,True,50.5,0.0,75.7040023803711,True,True,36.45000076293945,0.0,75.16400146484375,True,True,43.72999954223633,0.0,77.197998046875,True,,44.630001068115234,0.0,70.93399810791016,True,True,-25.0,63.2599983215332,,,,41.46799850463867,210.0019989013672,41.917999267578125,144.0,36.0,
2021-08-14 21:15:00,,,,,37.060001373291016,0.0,74.10199737548828,True,True,100.0,0.0,74.66000366210938,True,True,35.5099983215332,0.0,75.36199951171875,True,True,38.58000183105469,0.0,88.3219985961914,True,True,37.959999084472656,0.0,74.19200134277344,True,True,42.90999984741211,0.0,74.64199829101562,True,True,39.52000045776367,0.0,72.01399993896484,True,True,50.529998779296875,0.0,75.68599700927734,True,True,39.040000915527344,0.0,75.12799835205078,True,True,41.04999923706055,0.0,77.14399719238281,True,,44.630001068115234,0.0,70.55599975585938,True,True,-25.0,62.29999923706055,,,,41.41400146484375,210.0019989013672,41.86399841308594,136.0,34.0,
2021-08-14 21:30:00,,,,,36.75,0.0,73.88600158691406,True,True,98.66999816894531,0.0,74.60600280761719,True,True,35.279998779296875,0.0,75.36199951171875,True,True,37.720001220703125,0.0,90.75199890136719,True,True,37.540000915527344,0.0,74.12000274658203,True,True,38.18000030517578,0.0,74.53399658203125,True,True,39.529998779296875,0.0,71.58200073242188,True,True,52.81999969482422,0.0,75.7760009765625,True,True,35.72999954223633,0.0,75.09200286865234,True,True,45.689998626708984,0.0,77.14399719238281,True,,43.459999084472656,0.0,70.21399688720703,True,True,-25.0,62.349998474121094,,,,41.37799835205078,210.0019989013672,41.79199981689453,144.0,36.0,
2021-08-14 21:45:00,,,,,37.43000030517578,0.0,73.66999816894531,True,True,99.18000030517578,0.0,74.53399658203125,True,True,34.540000915527344,0.0,75.30799865722656,True,True,36.529998779296875,0.0,92.24600219726562,True,True,37.7400016784668,0.0,74.06600189208984,True,True,44.209999084472656,0.0,74.28199768066406,True,True,39.7400016784668,0.0,71.43800354003906,True,True,47.84000015258789,0.0,75.68599700927734,True,True,36.459999084472656,0.0,75.09200286865234,True,True,40.47999954223633,0.0,77.14399719238281,True,,44.970001220703125,0.0,70.052001953125,True,True,-25.0,63.5,,,,41.37799835205078,210.0019989013672,41.79199981689453,144.0,36.0,
2021-08-14 22:00:00,,,,,37.16999816894531,0.0,73.7239990234375,True,True,95.45999908447266,0.0,74.552001953125,True,True,35.029998779296875,0.0,75.30799865722656,True,True,36.209999084472656,0.0,92.60600280761719,True,True,40.189998626708984,0.0,74.01200103759766,True,True,44.2599983215332,0.0,74.15599822998047,True,True,39.459999084472656,0.0,71.2040023803711,True,True,49.33000183105469,0.0,75.7040023803711,True,True,40.790000915527344,0.0,75.11000061035156,True,True,43.81999969482422,0.0,77.14399719238281,True,,43.11000061035156,0.0,69.83599853515625,True,True,-25.0,63.81999969482422,,,,41.37799835205078,210.0019989013672,41.79199981689453,144.0,36.0,
2021-08-14 22:15:00,,,,,33.369998931884766,0.0,73.81400299072266,True,True,100.0,0.0,74.53399658203125,True,True,37.09000015258789,0.0,75.48799896240234,True,True,36.70000076293945,0.0,92.06600189208984,True,True,37.18000030517578,0.0,74.0479965209961,True,True,40.880001068115234,0.0,73.97599792480469,True,True,39.150001525878906,0.0,71.02400207519531,True,True,47.68000030517578,0.0,75.66799926757812,True,True,37.2599983215332,0.0,75.0739974975586,True,True,43.650001525878906,0.0,77.08999633789062,True,,43.25,0.0,69.65599822998047,True,True,-25.0,64.25,,,,41.32400131225586,210.0019989013672,41.70199966430664,144.0,36.0,
2021-08-14 22:30:00,,,,,36.97999954223633,0.0,73.7239990234375,True,True,98.0199966430664,0.0,74.552001953125,True,True,34.29999923706055,0.0,75.29000091552734,True,True,39.22999954223633,0.0,92.08399963378906,True,True,37.040000915527344,0.0,74.10199737548828,True,True,41.709999084472656,0.0,73.74199676513672,True,True,38.689998626708984,0.0,70.77200317382812,True,True,47.27000045776367,0.0,75.61399841308594,True,True,35.709999084472656,0.0,74.98400115966797,True,True,37.220001220703125,0.0,77.01799774169922,True,,44.56999969482422,0.0,69.47599792480469,True,True,-25.0,62.869998931884766,,,,41.37799835205078,210.0019989013672,41.79199981689453,144.0,36.0,
2021-08-14 22:45:00,,,,,33.09000015258789,0.0,73.7959976196289,True,True,93.47000122070312,0.0,74.53399658203125,True,True,35.650001525878906,0.0,75.36199951171875,True,True,39.5099983215332,0.0,92.24600219726562,True,True,36.150001525878906,0.0,74.02999877929688,True,True,45.66999816894531,0.0,73.54399871826172,True,True,39.279998779296875,0.0,70.77200317382812,True,True,47.04999923706055,0.0,75.55999755859375,True,True,35.470001220703125,0.0,74.98400115966797,True,True,46.900001525878906,0.0,76.98200225830078,True,,43.209999084472656,0.0,69.3499984741211,True,True,-25.0,59.900001525878906,,,,41.28799819946289,210.0019989013672,41.720001220703125,144.0,36.0,
2021-08-14 23:00:00,,,,,36.84000015258789,0.0,73.88600158691406,True,True,94.62999725341797,0.0,74.44400024414062,True,True,36.81999969482422,0.0,75.34400177001953,True,True,36.279998779296875,0.0,92.60600280761719,True,True,36.88999938964844,0.0,73.99400329589844,True,True,42.20000076293945,0.0,73.38200378417969,True,True,37.16999816894531,0.0,70.46600341796875,True,True,50.2400016784668,0.0,75.52400207519531,True,True,36.349998474121094,0.0,75.0199966430664,True,True,38.720001220703125,0.0,76.98200225830078,True,,32.13999938964844,1.1699999570846558,69.00800323486328,True,True,-25.0,77.12000274658203,,,,41.57600021362305,210.0019989013672,41.93600082397461,144.0,36.0,
2021-08-14 23:15:00,,,,,37.86000061035156,0.0,73.36399841308594,True,True,100.0,0.0,74.49800109863281,True,True,39.06999969482422,0.0,75.32599639892578,True,True,36.810001373291016,0.0,92.71399688720703,True,True,36.529998779296875,0.0,73.97599792480469,True,True,40.81999969482422,0.0,73.25599670410156,True,True,41.290000915527344,0.0,70.26799774169922,True,True,46.7400016784668,0.0,75.61399841308594,True,True,35.880001068115234,0.0,75.00199890136719,True,True,38.459999084472656,0.0,77.0,True,,38.599998474121094,0.0,68.80999755859375,True,True,-25.0,77.83999633789062,,,,41.52199935913086,210.0019989013672,42.04399871826172,144.0,36.0,
2021-08-14 23:30:00,,,,,35.790000915527344,0.0,73.34600067138672,True,True,100.0,0.0,74.49800109863281,True,True,41.900001525878906,0.0,75.36199951171875,True,True,47.38999938964844,0.0,88.98799896240234,True,True,42.189998626708984,0.0,73.94000244140625,True,True,46.880001068115234,0.0,73.07599639892578,True,True,42.2400016784668,0.0,70.1780014038086,True,True,47.86000061035156,0.0,75.63200378417969,True,True,37.779998779296875,0.0,75.00199890136719,True,True,42.91999816894531,0.0,76.96399688720703,True,,41.36000061035156,0.0,68.77400207519531,True,True,-25.0,80.37000274658203,,,,45.40999984741211,210.0019989013672,46.310001373291016,144.0,36.0,
2021-08-14 23:45:00,,,,,38.2599983215332,0.0,72.98600006103516,True,True,100.0,0.0,74.6780014038086,True,True,47.45000076293945,0.0,75.37999725341797,True,True,56.9900016784668,0.0,86.77400207519531,True,True,44.869998931884766,0.0,73.95800018310547,True,True,50.40999984741211,0.0,72.75199890136719,True,True,42.849998474121094,0.0,69.94400024414062,True,True,49.130001068115234,0.0,75.54199981689453,True,True,36.58000183105469,0.0,75.0199966430664,True,True,43.54999923706055,0.0,76.89199829101562,True,,40.790000915527344,0.0,68.50399780273438,True,True,-25.0,82.37000274658203,,,,46.79600143432617,210.0019989013672,47.46200180053711,144.0,36.0,
2021-08-15 00:00:00,,,,,38.22999954223633,0.0,72.46399688720703,True,True,100.0,0.0,74.76799774169922,True,True,41.97999954223633,0.0,75.39800262451172,True,True,53.7400016784668,0.0,84.88400268554688,True,True,40.13999938964844,0.0,73.97599792480469,True,True,46.81999969482422,0.0,72.8239974975586,True,True,44.529998779296875,0.0,69.83599853515625,True,True,50.209999084472656,0.0,75.47000122070312,True,True,37.33000183105469,0.0,74.98400115966797,True,True,43.97999954223633,0.0,76.83799743652344,True,True,41.439998626708984,0.0,68.41400146484375,True,True,-25.0,79.55000305175781,,,,45.986000061035156,210.0019989013672,46.4900016784668,144.0,36.0,
2021-08-15 00:15:00,,,,,43.86000061035156,0.0,71.99600219726562,True,True,98.12999725341797,0.0,74.85800170898438,True,True,38.900001525878906,0.0,75.41600036621094,True,True,55.599998474121094,0.0,87.2959976196289,True,True,40.310001373291016,0.0,73.88600158691406,True,True,48.06999969482422,0.0,72.60800170898438,True,True,45.939998626708984,0.0,69.76399993896484,True,True,52.7599983215332,0.0,75.61399841308594,True,True,39.91999816894531,0.0,74.947998046875,True,True,42.86000061035156,0.0,76.78399658203125,True,True,47.849998474121094,0.0,68.41400146484375,True,True,-25.0,79.8499984741211,,,,47.29999923706055,210.0019989013672,47.5880012512207,144.0,36.0,
2021-08-15 00:30:00,,,,,41.08000183105469,0.0,72.06800079345703,True,True,100.0,0.0,74.8759994506836,True,True,40.20000076293945,0.0,75.39800262451172,True,True,59.09000015258789,0.0,91.18399810791016,True,True,40.91999816894531,0.0,73.94000244140625,True,True,45.27000045776367,0.0,72.21199798583984,True,True,43.68000030517578,0.0,69.78199768066406,True,True,52.599998474121094,0.0,75.59600067138672,True,True,37.349998474121094,0.0,74.98400115966797,True,True,41.38999938964844,0.0,76.78399658203125,True,True,35.939998626708984,0.0,68.50399780273438,True,True,-25.0,80.11000061035156,,,,46.70600128173828,210.0019989013672,47.08399963378906,144.0,36.0,
2021-08-15 00:45:00,,,,,42.68000030517578,0.0,72.03199768066406,True,True,100.0,0.0,74.85800170898438,True,True,43.83000183105469,0.0,75.41600036621094,True,True,61.529998779296875,0.0,91.50800323486328,True,True,37.41999816894531,0.0,73.86799621582031,True,True,45.5,0.0,72.24800109863281,True,True,43.900001525878906,0.0,70.1780014038086,True,True,57.40999984741211,0.0,75.43399810791016,True,True,39.86000061035156,0.0,74.947998046875,True,True,39.7599983215332,0.0,76.78399658203125,True,True,46.779998779296875,0.0,68.41400146484375,True,True,-25.0,81.83999633789062,,,,46.130001068115234,210.0019989013672,46.507999420166016,144.0,36.0,
2021-08-15 01:00:00,,,,,44.119998931884766,0.0,71.92400360107422,True,True,98.2300033569336,0.0,74.8759994506836,True,True,40.75,0.0,75.41600036621094,True,True,62.54999923706055,0.0,91.36399841308594,True,True,43.43000030517578,0.0,73.97599792480469,True,True,49.16999816894531,0.0,72.28399658203125,True,True,45.959999084472656,0.0,69.74600219726562,True,True,53.060001373291016,0.0,75.27200317382812,True,True,41.63999938964844,0.0,74.98400115966797,True,True,46.0099983215332,0.0,76.76599884033203,True,True,44.7400016784668,0.0,68.23400115966797,True,True,-25.0,80.9000015258789,,,,46.63399887084961,210.0019989013672,47.066001892089844,144.0,36.0,
2021-08-15 01:15:00,,,,,43.90999984741211,0.0,71.92400360107422,True,True,100.0,0.0,74.8219985961914,True,True,40.86000061035156,0.0,75.37999725341797,True,True,63.83000183105469,0.0,92.17400360107422,True,True,38.470001220703125,0.0,73.88600158691406,True,True,45.720001220703125,0.0,72.28399658203125,True,True,45.63999938964844,0.0,69.99800109863281,True,True,55.790000915527344,0.0,75.25399780273438,True,True,42.08000183105469,0.0,74.947998046875,True,True,41.59000015258789,0.0,76.74800109863281,True,True,45.470001220703125,0.0,68.23400115966797,True,True,-25.0,80.43000030517578,,,,46.88600158691406,210.0019989013672,47.29999923706055,152.0,38.0,
2021-08-15 01:30:00,,,,,41.2400016784668,0.0,71.88800048828125,True,True,100.0,0.0,74.83999633789062,True,True,42.900001525878906,0.0,75.37999725341797,True,True,65.0,0.0,91.54399871826172,True,True,39.130001068115234,0.0,73.76000213623047,True,True,48.15999984741211,0.0,72.1760025024414,True,True,45.31999969482422,0.0,69.94400024414062,True,True,59.5099983215332,0.0,75.36199951171875,True,True,42.08000183105469,0.0,74.93000030517578,True,True,43.040000915527344,0.0,76.74800109863281,True,True,43.29999923706055,0.0,68.23400115966797,True,True,-25.0,80.88999938964844,,,,46.939998626708984,210.0019989013672,47.40800094604492,152.0,38.0,
2021-08-15 01:45:00,,,,,46.810001373291016,0.0,71.58200073242188,True,True,100.0,0.0,74.89399719238281,True,True,46.0099983215332,0.0,75.37999725341797,True,True,62.060001373291016,0.0,77.68399810791016,True,True,41.41999816894531,0.0,73.9219970703125,True,True,49.88999938964844,0.0,72.15799713134766,True,True,46.5099983215332,0.0,69.65599822998047,True,True,59.150001525878906,0.0,75.41600036621094,True,True,43.0,0.0,74.947998046875,True,True,44.13999938964844,0.0,76.60399627685547,True,True,42.70000076293945,0.0,68.16200256347656,True,True,-25.0,81.38999938964844,,,,49.784000396728516,210.0019989013672,50.018001556396484,144.0,36.0,
2021-08-15 02:00:00,,,,,41.529998779296875,0.0,71.70800018310547,True,True,98.72000122070312,0.0,74.947998046875,True,True,46.40999984741211,0.0,75.43399810791016,True,True,65.11000061035156,0.0,84.25399780273438,True,True,39.88999938964844,0.0,73.81400299072266,True,True,49.869998931884766,0.0,71.92400360107422,True,True,47.58000183105469,0.0,69.49400329589844,True,True,55.529998779296875,0.0,75.43399810791016,True,True,44.470001220703125,0.0,75.00199890136719,True,True,45.779998779296875,0.0,76.60399627685547,True,True,42.59000015258789,0.0,68.25199890136719,True,True,-25.0,82.31999969482422,,,,47.22800064086914,210.0019989013672,47.678001403808594,152.0,38.0,
2021-08-15 02:15:00,,,,,45.470001220703125,0.0,71.69000244140625,True,True,100.0,0.0,74.91200256347656,True,True,43.16999816894531,0.0,75.36199951171875,True,True,65.41000366210938,0.0,84.37999725341797,True,True,44.27000045776367,0.0,73.86799621582031,True,True,45.099998474121094,0.0,71.90599822998047,True,True,48.029998779296875,0.0,69.52999877929688,True,True,58.099998474121094,0.0,75.30799865722656,True,True,40.810001373291016,0.0,74.80400085449219,True,True,46.04999923706055,0.0,76.60399627685547,True,True,42.33000183105469,0.0,68.10800170898438,True,True,-25.0,82.37000274658203,,,,47.19200134277344,210.0019989013672,47.5880012512207,144.0,36.0,
2021-08-15 02:30:00,,,,,45.86000061035156,0.0,71.85199737548828,True,True,97.97000122070312,0.0,74.96600341796875,True,True,46.310001373291016,0.0,75.34400177001953,True,True,66.56999969482422,0.0,84.0199966430664,True,True,41.93000030517578,0.0,73.68800354003906,True,True,49.310001373291016,0.0,71.92400360107422,True,True,49.900001525878906,0.0,69.36799621582031,True,True,64.16999816894531,0.0,75.37999725341797,True,True,43.72999954223633,0.0,74.80400085449219,True,True,45.47999954223633,0.0,76.56800079345703,True,True,45.0,0.0,68.16200256347656,True,True,-25.0,81.86000061035156,,,,47.22800064086914,210.0019989013672,47.678001403808594,144.0,36.0,
2021-08-15 02:45:00,,,,,46.43000030517578,0.0,71.74400329589844,True,True,100.0,0.0,75.05599975585938,True,True,46.689998626708984,0.0,75.29000091552734,True,True,67.44999694824219,0.0,83.73200225830078,True,True,38.70000076293945,0.0,73.81400299072266,True,True,45.25,0.0,71.92400360107422,True,True,46.08000183105469,0.0,69.47599792480469,True,True,57.02000045776367,0.0,75.4520034790039,True,True,41.70000076293945,0.0,74.83999633789062,True,True,42.540000915527344,0.0,76.56800079345703,True,True,44.84000015258789,0.0,68.1259994506836,True,True,-25.0,82.04000091552734,,,,47.263999938964844,210.0019989013672,47.641998291015625,144.0,36.0,
2021-08-15 03:00:00,,,,,42.7400016784668,0.0,72.08599853515625,True,True,100.0,0.0,75.05599975585938,True,True,43.43000030517578,0.0,75.36199951171875,True,True,68.76000213623047,0.0,88.75399780273438,True,True,39.09000015258789,0.0,73.63400268554688,True,True,49.06999969482422,0.0,71.83399963378906,True,True,46.5099983215332,0.0,69.18800354003906,True,True,59.13999938964844,0.0,75.29000091552734,True,True,41.290000915527344,0.0,74.8219985961914,True,True,49.060001373291016,0.0,76.53199768066406,True,True,44.65999984741211,0.0,67.98200225830078,True,True,-25.0,83.36000061035156,,,,47.22800064086914,210.0019989013672,47.65999984741211,144.0,36.0,
2021-08-15 03:15:00,,,,,42.709999084472656,0.0,72.24800109863281,True,True,100.0,0.0,75.36199951171875,True,True,44.5,0.0,75.30799865722656,True,True,71.75,0.0,89.99600219726562,True,True,39.02000045776367,0.0,73.63400268554688,True,True,50.09000015258789,0.0,71.74400329589844,True,True,44.31999969482422,0.0,69.2239990234375,True,True,63.189998626708984,0.0,75.30799865722656,True,True,40.31999969482422,0.0,74.76799774169922,True,True,42.91999816894531,0.0,76.53199768066406,True,True,46.43000030517578,0.0,67.98200225830078,True,True,-25.0,82.38999938964844,,,,47.40800094604492,210.0019989013672,47.7859992980957,144.0,36.0,
2021-08-15 03:30:00,,,,,46.88999938964844,0.0,72.12200164794922,True,True,100.0,0.0,75.11000061035156,True,True,47.400001525878906,0.0,75.30799865722656,True,True,72.87999725341797,0.0,91.54399871826172,True,True,39.68000030517578,0.0,73.70600128173828,True,True,46.0,0.0,71.88800048828125,True,True,49.779998779296875,0.0,69.27799987792969,True,True,57.5,0.0,75.27200317382812,True,True,40.43000030517578,0.0,74.73200225830078,True,True,47.33000183105469,0.0,76.47799682617188,True,True,44.02000045776367,0.0,67.98200225830078,True,True,-25.0,82.86000061035156,,,,47.46200180053711,210.0019989013672,47.89400100708008,144.0,36.0,
2021-08-15 03:45:00,,,,,48.25,0.0,72.302001953125,True,True,100.0,0.0,75.41600036621094,True,True,48.0099983215332,0.0,75.36199951171875,True,True,74.62999725341797,0.0,90.64399719238281,True,True,40.11000061035156,0.0,73.77799987792969,True,True,50.68000030517578,0.0,71.81600189208984,True,True,48.29999923706055,0.0,69.33200073242188,True,True,63.56999969482422,0.0,75.25399780273438,True,True,40.97999954223633,0.0,74.73200225830078,True,True,49.369998931884766,0.0,76.42400360107422,True,True,45.36000061035156,0.0,67.98200225830078,True,True,-25.0,83.33999633789062,,,,47.56999969482422,210.0019989013672,47.93000030517578,144.0,36.0,
2021-08-15 04:00:00,,,,,48.84000015258789,0.0,72.26599884033203,True,True,100.0,0.0,75.9739990234375,True,True,45.029998779296875,0.0,75.32599639892578,True,True,76.0199966430664,0.0,90.75199890136719,True,True,40.650001525878906,0.0,73.74199676513672,True,True,51.22999954223633,0.0,71.7979965209961,True,True,49.20000076293945,0.0,69.40399932861328,True,True,62.689998626708984,0.0,75.29000091552734,True,True,39.4900016784668,0.0,74.83999633789062,True,True,45.81999969482422,0.0,76.42400360107422,True,True,49.529998779296875,0.0,68.1259994506836,True,True,-25.0,83.31999969482422,,,,47.60599899291992,210.0019989013672,48.055999755859375,152.0,38.0,
2021-08-15 04:15:00,,,,,45.400001525878906,0.0,72.6259994506836,True,True,91.87999725341797,0.0,77.0719985961914,True,True,45.560001373291016,0.0,75.34400177001953,True,True,74.0199966430664,0.0,78.0260009765625,True,True,43.709999084472656,0.0,73.81400299072266,True,True,48.18000030517578,0.0,71.6719970703125,True,True,49.540000915527344,0.0,69.36799621582031,True,True,59.90999984741211,0.0,75.39800262451172,True,True,44.11000061035156,0.0,74.71399688720703,True,True,44.060001373291016,0.0,76.40599822998047,True,True,45.459999084472656,0.0,68.34200286865234,True,True,-25.0,83.25,,,,47.731998443603516,210.0019989013672,48.11000061035156,152.0,38.0,
2021-08-15 04:30:00,,,,,44.060001373291016,0.0,72.12200164794922,True,True,98.25,0.0,77.197998046875,True,True,46.380001068115234,0.0,75.29000091552734,True,True,75.29000091552734,0.0,83.6240005493164,True,True,41.310001373291016,0.0,73.66999816894531,True,True,51.88999938964844,0.0,71.5459976196289,True,True,48.869998931884766,0.0,69.45800018310547,True,True,65.55999755859375,0.0,75.36199951171875,True,True,39.54999923706055,0.0,74.64199829101562,True,True,47.540000915527344,0.0,76.40599822998047,True,True,43.20000076293945,0.0,68.34200286865234,True,True,-25.0,84.25,,,,47.75,210.0019989013672,48.20000076293945,152.0,38.0,
2021-08-15 04:45:00,,,,,51.83000183105469,0.0,72.26599884033203,True,True,96.47000122070312,0.0,75.41600036621094,True,True,46.310001373291016,0.0,75.30799865722656,True,True,75.94000244140625,0.0,84.00199890136719,True,True,41.5,0.0,73.70600128173828,True,True,48.439998626708984,0.0,71.70800018310547,True,True,50.459999084472656,0.0,69.65599822998047,True,True,64.13999938964844,0.0,75.27200317382812,True,True,40.349998474121094,0.0,74.6780014038086,True,True,45.31999969482422,0.0,76.31600189208984,True,True,43.279998779296875,0.0,68.39600372314453,True,True,-25.0,83.36000061035156,,,,47.768001556396484,210.0019989013672,48.21799850463867,136.0,34.0,
2021-08-15 05:00:00,,,,,42.810001373291016,0.0,72.4280014038086,True,True,100.0,0.0,81.58999633789062,True,True,43.310001373291016,0.0,75.27200317382812,True,True,76.61000061035156,0.0,83.15599822998047,True,True,42.709999084472656,0.0,73.7239990234375,True,True,48.2400016784668,0.0,71.61799621582031,True,True,51.13999938964844,0.0,69.74600219726562,True,True,61.650001525878906,0.0,75.05599975585938,True,True,39.70000076293945,0.0,74.6780014038086,True,True,45.529998779296875,0.0,76.35199737548828,True,True,43.75,0.0,68.41400146484375,True,True,-25.0,83.83999633789062,,,,47.768001556396484,210.0019989013672,48.18199920654297,144.0,36.0,
2021-08-15 05:15:00,,,,,47.63999938964844,0.0,71.72599792480469,True,True,100.0,0.0,82.43599700927734,True,True,51.11000061035156,0.0,75.37999725341797,True,True,77.56999969482422,0.0,83.6780014038086,True,True,43.79999923706055,0.0,73.68800354003906,True,True,48.029998779296875,0.0,71.49199676513672,True,True,49.880001068115234,0.0,69.52999877929688,True,True,62.220001220703125,0.0,75.34400177001953,True,True,42.290000915527344,0.0,74.58799743652344,True,True,48.029998779296875,0.0,76.2979965209961,True,True,48.11000061035156,0.0,68.30599975585938,True,True,-25.0,83.87000274658203,,,,47.768001556396484,210.0019989013672,48.21799850463867,144.0,36.0,
2021-08-15 05:30:00,,,,,42.86000061035156,0.0,71.65399932861328,True,True,100.0,0.0,82.25599670410156,True,True,43.959999084472656,0.0,75.29000091552734,True,True,78.0199966430664,0.0,84.7760009765625,True,True,43.459999084472656,0.0,73.5979995727539,True,True,47.81999969482422,0.0,71.3479995727539,True,True,47.27000045776367,0.0,69.38600158691406,True,True,65.44000244140625,0.0,75.25399780273438,True,True,40.5099983215332,0.0,74.58799743652344,True,True,44.189998626708984,0.0,76.24400329589844,True,True,44.220001220703125,0.0,68.23400115966797,True,True,-25.0,83.76000213623047,,,,47.38999938964844,210.0019989013672,47.80400085449219,144.0,36.0,
2021-08-15 05:45:00,,,,,46.150001525878906,0.0,71.61799621582031,True,True,100.0,0.0,84.50599670410156,True,True,46.470001220703125,0.0,75.23600006103516,True,True,81.04000091552734,0.0,89.52799987792969,True,True,41.11000061035156,0.0,73.61599731445312,True,True,47.5099983215332,0.0,71.04199981689453,True,True,50.650001525878906,0.0,69.24199676513672,True,True,64.13999938964844,0.0,75.27200317382812,True,True,40.81999969482422,0.0,74.60600280761719,True,True,42.47999954223633,0.0,76.20800018310547,True,True,43.09000015258789,0.0,68.197998046875,True,True,-25.0,83.54000091552734,,,,47.17399978637695,210.0019989013672,47.641998291015625,144.0,36.0,
2021-08-15 06:00:00,,,,,46.38999938964844,0.0,71.56400299072266,True,True,100.0,0.0,75.99199676513672,True,True,45.09000015258789,0.0,75.21800231933594,True,True,82.44999694824219,0.0,89.94200134277344,True,True,39.560001373291016,0.0,73.47200012207031,True,True,47.29999923706055,0.0,71.13200378417969,True,True,50.27000045776367,0.0,69.06199645996094,True,True,62.68000030517578,0.0,75.21800231933594,True,True,42.0099983215332,0.0,74.49800109863281,True,True,50.52000045776367,0.0,76.20800018310547,True,True,45.529998779296875,0.0,67.89199829101562,True,True,-25.0,83.55000305175781,,,,47.13800048828125,210.0019989013672,47.5880012512207,152.0,38.0,
2021-08-15 06:15:00,,,,,46.52000045776367,0.0,71.90599822998047,True,True,87.08000183105469,0.0,84.21800231933594,True,True,41.77000045776367,0.0,75.19999694824219,True,True,82.69999694824219,0.0,89.87000274658203,True,True,39.099998474121094,0.0,73.58000183105469,True,True,47.34000015258789,0.0,71.45600128173828,True,True,50.2400016784668,0.0,69.04399871826172,True,True,70.98999786376953,0.0,75.05599975585938,True,True,38.959999084472656,0.0,74.552001953125,True,True,45.86000061035156,0.0,76.20800018310547,True,True,46.43000030517578,0.0,67.802001953125,True,True,-25.0,83.37000274658203,,,,47.17399978637695,210.0019989013672,47.5880012512207,152.0,38.0,
2021-08-15 06:30:00,,,,,46.459999084472656,0.0,72.06800079345703,True,True,92.30000305175781,0.0,84.39800262451172,True,True,41.66999816894531,0.0,75.21800231933594,True,True,84.2699966430664,0.0,90.12200164794922,True,True,44.34000015258789,0.0,73.50800323486328,True,True,51.150001525878906,0.0,71.61799621582031,True,True,52.38999938964844,0.0,69.18800354003906,True,True,62.34000015258789,0.0,74.98400115966797,True,True,39.83000183105469,0.0,74.56999969482422,True,True,51.90999984741211,0.0,76.19000244140625,True,True,46.220001220703125,0.0,67.78399658203125,True,True,-25.0,83.87000274658203,,,,46.86800003051758,210.0019989013672,47.33599853515625,144.0,36.0,
2021-08-15 06:45:00,,,,,46.900001525878906,0.0,71.99600219726562,True,True,97.12000274658203,0.0,80.92400360107422,True,True,45.7599983215332,0.0,75.30799865722656,True,True,81.06999969482422,0.0,76.83799743652344,True,True,39.93000030517578,0.0,73.63400268554688,True,True,48.04999923706055,0.0,71.58200073242188,True,True,47.970001220703125,0.0,69.45800018310547,True,True,62.41999816894531,0.0,75.34400177001953,True,True,39.5099983215332,0.0,74.49800109863281,True,True,47.400001525878906,0.0,76.08200073242188,True,True,43.5099983215332,0.0,68.16200256347656,True,True,-25.0,80.0199966430664,,,,46.79600143432617,210.0019989013672,47.24599838256836,152.0,38.0,
2021-08-15 07:00:00,,,,,54.630001068115234,0.0,72.24800109863281,True,True,89.8499984741211,0.0,82.61599731445312,True,True,44.529998779296875,0.0,75.18199920654297,True,True,81.61000061035156,0.0,83.58799743652344,True,True,38.95000076293945,0.0,73.70600128173828,True,True,46.060001373291016,0.0,71.81600189208984,True,True,48.02000045776367,0.0,69.33200073242188,True,True,64.4800033569336,0.0,75.0739974975586,True,True,42.08000183105469,0.0,74.56999969482422,True,True,46.22999954223633,0.0,76.06400299072266,True,True,46.459999084472656,0.0,68.23400115966797,True,True,-25.0,73.16000366210938,,,,46.849998474121094,210.0019989013672,47.29999923706055,152.0,38.0,
2021-08-15 07:15:00,,,,,46.25,0.0,72.48200225830078,True,True,100.0,0.0,81.96800231933594,True,True,45.029998779296875,0.0,75.27200317382812,True,True,91.12000274658203,0.0,83.947998046875,True,True,39.779998779296875,0.0,73.63400268554688,True,True,53.880001068115234,0.0,72.06800079345703,True,True,47.06999969482422,0.0,69.3499984741211,True,True,70.30999755859375,0.0,75.12799835205078,True,True,39.119998931884766,0.0,74.552001953125,True,True,48.93000030517578,0.0,76.06400299072266,True,True,46.02000045776367,0.0,68.23400115966797,True,True,-25.0,66.01000213623047,,,,47.354000091552734,210.0019989013672,47.60599899291992,144.0,36.0,
2021-08-15 07:30:00,,,,,56.4900016784668,0.0,72.64399719238281,True,True,95.94000244140625,0.0,82.47200012207031,True,True,55.599998474121094,0.0,75.27200317382812,True,True,100.0,0.0,83.60600280761719,True,True,49.0099983215332,0.0,73.81400299072266,True,True,56.5,0.0,72.21199798583984,True,True,48.08000183105469,0.0,69.45800018310547,True,True,62.33000183105469,0.0,75.19999694824219,True,True,39.59000015258789,0.0,74.552001953125,True,True,46.43000030517578,0.0,76.06400299072266,True,True,45.40999984741211,0.0,68.52200317382812,True,True,-25.0,80.29000091552734,,,,46.417999267578125,210.0019989013672,47.51599884033203,144.0,36.0,
2021-08-15 07:45:00,,,,,44.97999954223633,0.0,73.16600036621094,True,True,92.58000183105469,0.0,77.50399780273438,True,True,44.869998931884766,0.0,75.30799865722656,True,True,84.93000030517578,0.0,84.00199890136719,True,True,38.70000076293945,0.0,73.68800354003906,True,True,49.970001220703125,0.0,72.24800109863281,True,True,52.400001525878906,0.0,69.67400360107422,True,True,64.58000183105469,0.0,75.23600006103516,True,True,42.060001373291016,0.0,74.53399658203125,True,True,49.439998626708984,0.0,76.06400299072266,True,True,46.130001068115234,0.0,68.88200378417969,True,True,-25.0,70.83999633789062,,,,44.41999816894531,210.0019989013672,44.869998931884766,144.0,36.0,
2021-08-15 08:00:00,,,,,44.65999984741211,0.0,73.54399871826172,True,True,94.79000091552734,0.0,83.19200134277344,True,True,41.18000030517578,0.0,75.19999694824219,True,True,82.5999984741211,0.0,88.89800262451172,True,True,37.18000030517578,0.0,73.7239990234375,True,True,45.66999816894531,0.0,73.04000091552734,True,True,49.84000015258789,0.0,69.76399993896484,True,True,68.0,0.0,75.39800262451172,True,True,39.220001220703125,0.0,74.46199798583984,True,True,48.599998474121094,0.0,76.02799987792969,True,True,43.91999816894531,0.0,68.88200378417969,True,True,-25.0,68.44000244140625,,,,45.96799850463867,210.0019989013672,45.08599853515625,136.0,34.0,
2021-08-15 08:15:00,,,,,49.2400016784668,0.0,73.9219970703125,True,True,89.70999908447266,0.0,84.5780029296875,True,True,42.88999938964844,0.0,75.27200317382812,True,True,88.12000274658203,0.0,91.74199676513672,True,True,43.310001373291016,0.0,73.88600158691406,True,True,49.900001525878906,0.0,73.86799621582031,True,True,47.11000061035156,0.0,70.08799743652344,True,True,71.11000061035156,0.0,75.12799835205078,True,True,39.540000915527344,0.0,74.56999969482422,True,True,40.560001373291016,0.0,76.06400299072266,True,True,42.83000183105469,0.0,69.2239990234375,True,True,-25.0,69.05999755859375,,,,43.2859992980957,210.0019989013672,44.11399841308594,144.0,36.0,
2021-08-15 08:30:00,,,,,38.15999984741211,0.0,74.98400115966797,True,True,84.56999969482422,0.0,85.63999938964844,True,True,41.630001068115234,0.0,75.25399780273438,True,True,78.2699966430664,0.0,91.02200317382812,True,True,36.66999816894531,0.0,73.94000244140625,True,True,47.97999954223633,0.0,74.947998046875,True,True,46.02000045776367,0.0,70.48400115966797,True,True,65.31999969482422,0.0,75.34400177001953,True,True,38.34000015258789,0.0,74.56999969482422,True,True,45.22999954223633,0.0,76.08200073242188,True,True,42.380001068115234,0.0,70.10600280761719,True,True,-25.0,66.87000274658203,,,,42.16999816894531,210.0019989013672,42.58399963378906,152.0,38.0,
2021-08-15 08:45:00,,,,,44.880001068115234,0.0,75.68599700927734,True,True,88.55999755859375,0.0,85.2979965209961,True,True,39.70000076293945,0.0,75.16400146484375,True,True,78.30000305175781,0.0,91.90399932861328,True,True,42.029998779296875,0.0,73.90399932861328,True,True,48.5099983215332,0.0,75.18199920654297,True,True,48.54999923706055,0.0,71.22200012207031,True,True,63.439998626708984,0.0,75.30799865722656,True,True,42.13999938964844,0.0,74.552001953125,True,True,45.959999084472656,0.0,76.06400299072266,True,True,46.790000915527344,0.0,71.09600067138672,True,True,-25.0,68.19000244140625,,,,44.167999267578125,210.0019989013672,44.582000732421875,152.0,38.0,
2021-08-15 09:00:00,,,,,40.970001220703125,0.0,76.08200073242188,True,True,93.0999984741211,0.0,84.21800231933594,True,True,40.58000183105469,0.0,75.19999694824219,True,True,80.19000244140625,0.0,93.12799835205078,True,True,37.06999969482422,0.0,73.94000244140625,True,True,44.68000030517578,0.0,76.76599884033203,True,True,42.56999969482422,0.0,71.61799621582031,True,True,65.75,0.0,75.43399810791016,True,True,39.59000015258789,0.0,74.6240005493164,True,True,43.810001373291016,0.0,76.13600158691406,True,True,43.630001068115234,0.0,71.3479995727539,True,True,-25.0,66.04000091552734,,,,43.80799865722656,210.0019989013672,44.20399856567383,152.0,38.0,
2021-08-15 09:15:00,,,,,40.369998931884766,0.0,76.42400360107422,True,True,92.61000061035156,0.0,81.58999633789062,True,True,45.90999984741211,0.0,75.19999694824219,True,True,75.2300033569336,0.0,86.05400085449219,True,True,37.93000030517578,0.0,73.97599792480469,True,True,49.54999923706055,0.0,77.86399841308594,True,True,45.86000061035156,0.0,72.6259994506836,True,True,60.599998474121094,0.0,75.29000091552734,True,True,37.560001373291016,0.0,74.58799743652344,True,True,40.7599983215332,0.0,76.1719970703125,True,True,43.47999954223633,0.0,72.60800170898438,True,True,-25.0,68.29000091552734,,,,46.5260009765625,210.0019989013672,45.194000244140625,144.0,36.0,
2021-08-15 09:30:00,,,,,42.16999816894531,0.0,76.65799713134766,True,True,99.91999816894531,0.0,82.81400299072266,True,True,45.369998931884766,0.0,75.27200317382812,True,True,83.68000030517578,0.0,86.39600372314453,True,True,41.54999923706055,0.0,74.0479965209961,True,True,51.810001373291016,0.0,79.03399658203125,True,True,48.54999923706055,0.0,73.36399841308594,True,True,58.61000061035156,0.0,75.32599639892578,True,True,40.56999969482422,0.0,74.64199829101562,True,True,46.209999084472656,0.0,76.35199737548828,True,True,65.23999786376953,0.0,73.58000183105469,True,True,-25.0,72.05999755859375,,,,44.72600173950195,210.0019989013672,45.21200180053711,144.0,36.0,
2021-08-15 09:45:00,,,,,43.16999816894531,0.0,77.0,True,True,100.0,0.0,82.5979995727539,True,True,40.790000915527344,0.0,75.21800231933594,True,True,78.56999969482422,0.0,86.55799865722656,True,True,41.810001373291016,0.0,74.10199737548828,True,True,48.349998474121094,0.0,79.69999694824219,True,True,47.72999954223633,0.0,73.8499984741211,True,True,59.84000015258789,0.0,75.54199981689453,True,True,40.59000015258789,0.0,74.73200225830078,True,True,47.869998931884766,0.0,76.49600219726562,True,True,48.130001068115234,0.0,74.35399627685547,True,True,-25.0,70.95999908447266,,,,43.39400100708008,210.0019989013672,43.95199966430664,144.0,36.0,
2021-08-15 10:00:00,,,,,38.9900016784668,0.0,77.48600006103516,True,True,85.94000244140625,0.0,82.29199981689453,True,True,40.45000076293945,0.0,75.19999694824219,True,True,74.45999908447266,0.0,91.29199981689453,True,True,38.25,0.0,74.08399963378906,True,True,43.11000061035156,0.0,80.18599700927734,True,True,51.779998779296875,0.0,74.64199829101562,True,True,56.16999816894531,0.0,75.50599670410156,True,True,44.70000076293945,0.0,74.80400085449219,True,True,44.0,0.0,76.51399993896484,True,True,62.310001373291016,0.0,75.09200286865234,True,True,-25.0,68.31999969482422,,,,40.928001403808594,210.0019989013672,41.46799850463867,144.0,36.0,
2021-08-15 10:15:00,,,,,39.61000061035156,0.0,78.2239990234375,True,True,82.9800033569336,0.0,85.06400299072266,True,True,40.29999923706055,0.0,75.18199920654297,True,True,76.80999755859375,0.0,93.54199981689453,True,True,41.33000183105469,0.0,74.01200103759766,True,True,49.54999923706055,0.0,81.64399719238281,True,True,45.5099983215332,0.0,75.30799865722656,True,True,64.69000244140625,0.0,75.52400207519531,True,True,41.209999084472656,0.0,74.80400085449219,True,True,46.08000183105469,0.0,76.53199768066406,True,True,46.0099983215332,0.0,75.68599700927734,True,True,-25.0,68.31999969482422,,,,43.321998596191406,210.0019989013672,43.77199935913086,152.0,38.0,
2021-08-15 10:30:00,,,,,43.2400016784668,0.0,78.76399993896484,True,True,91.36000061035156,0.0,79.447998046875,True,True,42.06999969482422,0.0,75.21800231933594,True,True,76.55999755859375,0.0,94.89199829101562,True,True,39.70000076293945,0.0,74.19200134277344,True,True,45.9900016784668,0.0,82.5979995727539,True,True,43.16999816894531,0.0,75.68599700927734,True,True,62.779998779296875,0.0,75.43399810791016,True,True,41.220001220703125,0.0,74.8219985961914,True,True,45.630001068115234,0.0,76.56800079345703,True,True,46.650001525878906,0.0,76.35199737548828,True,True,-25.0,68.37000274658203,,,,42.40399932861328,210.0019989013672,42.87200164794922,152.0,38.0,
2021-08-15 10:45:00,,,,,42.529998779296875,0.0,79.14199829101562,True,True,89.55000305175781,0.0,76.76599884033203,True,True,42.439998626708984,0.0,75.19999694824219,True,True,72.75,0.0,95.37799835205078,True,True,43.209999084472656,0.0,74.12000274658203,True,True,44.59000015258789,0.0,83.01200103759766,True,True,42.22999954223633,0.0,76.26200103759766,True,True,56.16999816894531,0.0,75.59600067138672,True,True,37.810001373291016,0.0,74.8219985961914,True,True,40.66999816894531,0.0,76.58599853515625,True,True,46.45000076293945,0.0,77.0719985961914,True,True,-25.0,66.69999694824219,,,,41.57600021362305,210.0019989013672,41.395999908447266,152.0,38.0,
2021-08-15 11:00:00,,,,,39.45000076293945,0.0,79.68199920654297,True,True,92.0999984741211,0.0,75.52400207519531,True,True,41.400001525878906,0.0,75.16400146484375,True,True,80.9800033569336,0.0,95.86399841308594,True,True,43.70000076293945,0.0,74.20999908447266,True,True,50.099998474121094,0.0,84.09200286865234,True,True,45.5099983215332,0.0,77.16200256347656,True,True,58.849998474121094,0.0,75.7040023803711,True,True,42.84000015258789,0.0,74.83999633789062,True,True,39.9900016784668,0.0,76.56800079345703,True,True,49.11000061035156,0.0,78.2959976196289,True,True,-25.0,66.76000213623047,,,,42.92599868774414,210.0019989013672,43.2859992980957,144.0,36.0,
2021-08-15 11:15:00,,,,,42.220001220703125,0.0,79.66400146484375,True,True,96.12000274658203,0.0,75.0199966430664,True,True,41.189998626708984,0.0,75.19999694824219,True,True,81.08000183105469,0.0,96.2959976196289,True,True,38.900001525878906,0.0,74.22799682617188,True,True,44.13999938964844,0.0,84.75800323486328,True,True,43.77000045776367,0.0,77.97200012207031,True,True,59.900001525878906,0.0,75.61399841308594,True,True,40.0,0.0,74.91200256347656,True,True,42.90999984741211,0.0,76.62200164794922,True,True,44.84000015258789,0.0,78.87200164794922,True,True,-25.0,67.26000213623047,,,,45.08599853515625,210.0019989013672,45.301998138427734,152.0,38.0,
2021-08-15 11:30:00,,,,,43.65999984741211,0.0,80.18599700927734,True,True,100.0,0.0,74.91200256347656,True,True,45.150001525878906,0.0,75.27200317382812,True,True,86.37000274658203,0.0,96.9260025024414,True,True,40.540000915527344,0.0,74.37200164794922,True,True,40.560001373291016,0.0,84.93800354003906,True,True,45.13999938964844,0.0,78.2959976196289,True,True,52.650001525878906,0.0,75.54199981689453,True,True,41.349998474121094,0.0,74.80400085449219,True,True,44.380001068115234,0.0,76.65799713134766,True,True,45.22999954223633,0.0,79.25,True,True,-25.0,68.30000305175781,,,,44.18600082397461,210.0019989013672,44.70800018310547,152.0,38.0,
2021-08-15 11:45:00,,,,,47.380001068115234,0.0,80.41999816894531,True,True,97.7300033569336,0.0,74.91200256347656,True,True,42.04999923706055,0.0,75.36199951171875,True,True,83.0999984741211,0.0,97.61000061035156,True,True,44.810001373291016,0.0,74.33599853515625,True,True,44.63999938964844,0.0,85.08200073242188,True,True,46.52000045776367,0.0,78.74600219726562,True,True,63.709999084472656,0.0,75.73999786376953,True,True,38.849998474121094,0.0,74.89399719238281,True,True,42.2400016784668,0.0,76.71199798583984,True,True,47.45000076293945,0.0,79.77200317382812,True,True,-25.0,67.86000061035156,,,,62.13199996948242,210.0019989013672,62.4379997253418,152.0,38.0,
2021-08-15 12:00:00,,,,,41.95000076293945,0.0,80.56400299072266,True,True,100.0,0.0,74.91200256347656,True,True,44.65999984741211,0.0,75.48799896240234,True,True,95.30999755859375,0.0,97.79000091552734,True,True,43.529998779296875,0.0,74.4260025024414,True,True,50.959999084472656,0.0,85.31600189208984,True,True,48.9900016784668,0.0,79.3219985961914,True,True,61.869998931884766,0.0,75.93800354003906,True,True,42.279998779296875,0.0,74.83999633789062,True,True,41.88999938964844,0.0,76.71199798583984,True,True,52.45000076293945,0.0,80.0780029296875,True,True,-25.0,89.31999969482422,,,,47.93000030517578,210.0019989013672,48.36199951171875,144.0,36.0,
2021-08-15 12:15:00,,,,,46.63999938964844,0.0,80.45600128173828,True,True,100.0,0.0,75.23600006103516,True,True,44.31999969482422,0.0,75.4520034790039,True,True,93.70999908447266,0.0,97.97000122070312,True,True,45.90999984741211,0.0,74.49800109863281,True,True,54.2400016784668,0.0,86.16200256347656,True,True,48.27000045776367,0.0,79.59200286865234,True,True,61.439998626708984,0.0,75.75800323486328,True,True,38.43000030517578,0.0,74.91200256347656,True,True,43.09000015258789,0.0,76.71199798583984,True,True,47.2599983215332,0.0,80.51000213623047,True,True,-25.0,73.44999694824219,,,,48.61399841308594,210.0019989013672,48.992000579833984,152.0,38.0,
2021-08-15 12:30:00,,,,,44.13999938964844,0.0,80.65399932861328,True,True,100.0,0.0,75.30799865722656,True,True,42.83000183105469,0.0,75.4520034790039,True,True,94.48999786376953,0.0,98.33000183105469,True,True,45.099998474121094,0.0,74.552001953125,True,True,50.2599983215332,0.0,86.61199951171875,True,True,58.95000076293945,0.0,79.62799835205078,True,True,80.77999877929688,0.0,75.9739990234375,True,True,44.59000015258789,0.0,74.98400115966797,True,True,60.83000183105469,0.0,76.76599884033203,True,True,57.54999923706055,0.0,80.33000183105469,True,True,-25.0,72.83999633789062,,,,47.7140007019043,210.0019989013672,48.07400131225586,152.0,38.0,
2021-08-15 12:45:00,,,,,46.02000045776367,0.0,80.76200103759766,True,True,100.0,0.0,75.4520034790039,True,True,42.369998931884766,0.0,75.4520034790039,True,True,97.06999969482422,0.0,97.97000122070312,True,True,46.20000076293945,0.0,74.552001953125,True,True,53.34000015258789,0.0,85.51399993896484,True,True,52.45000076293945,0.0,80.00599670410156,True,True,69.41999816894531,0.0,75.9020004272461,True,True,42.849998474121094,0.0,75.00199890136719,True,True,44.68000030517578,0.0,76.74800109863281,True,True,53.380001068115234,0.0,80.76200103759766,True,True,-25.0,71.79000091552734,,,,47.858001708984375,210.0019989013672,48.290000915527344,152.0,38.0,
2021-08-15 13:00:00,,,,,47.5099983215332,0.0,80.2760009765625,True,True,96.13999938964844,0.0,75.36199951171875,True,True,43.11000061035156,0.0,75.43399810791016,True,True,98.95999908447266,0.0,97.48400115966797,True,True,46.779998779296875,0.0,74.46199798583984,True,True,54.369998931884766,0.0,84.27200317382812,True,True,53.060001373291016,0.0,80.56400299072266,True,True,73.58000183105469,0.0,75.86599731445312,True,True,44.0099983215332,0.0,75.0739974975586,True,True,52.720001220703125,0.0,76.76599884033203,True,True,53.689998626708984,0.0,81.35600280761719,True,True,-25.0,72.80000305175781,,,,47.80400085449219,210.0019989013672,48.21799850463867,152.0,38.0,
2021-08-15 13:15:00,,,,,50.4900016784668,0.0,80.25800323486328,True,True,100.0,0.0,75.50599670410156,True,True,45.7599983215332,0.0,75.4520034790039,True,True,100.0,0.0,97.59200286865234,True,True,47.45000076293945,0.0,74.49800109863281,True,True,54.790000915527344,0.0,84.41600036621094,True,True,52.13999938964844,0.0,80.36599731445312,True,True,70.16000366210938,0.0,75.99199676513672,True,True,46.189998626708984,0.0,75.03800201416016,True,True,47.79999923706055,0.0,76.85600280761719,True,True,51.459999084472656,0.0,80.83399963378906,True,True,-25.0,72.88999938964844,,,,47.7140007019043,210.0019989013672,48.11000061035156,144.0,36.0,
2021-08-15 13:30:00,,,,,43.43000030517578,0.0,80.83399963378906,True,True,100.0,0.0,75.52400207519531,True,True,45.4900016784668,0.0,75.4520034790039,True,True,100.0,0.0,97.84400177001953,True,True,48.06999969482422,0.0,74.552001953125,True,True,55.619998931884766,0.0,85.2979965209961,True,True,52.90999984741211,0.0,80.0780029296875,True,True,71.87999725341797,0.0,76.02799987792969,True,True,41.970001220703125,0.0,75.0739974975586,True,True,48.2400016784668,0.0,76.89199829101562,True,True,51.27000045776367,0.0,80.22200012207031,True,True,-25.0,72.31999969482422,,,,47.65999984741211,210.0019989013672,48.12799835205078,152.0,38.0,
2021-08-15 13:45:00,,,,,47.04999923706055,0.0,80.77999877929688,True,True,95.80000305175781,0.0,75.4520034790039,True,True,41.869998931884766,0.0,75.39800262451172,True,True,100.0,0.0,98.13200378417969,True,True,60.619998931884766,0.0,74.552001953125,True,True,54.72999954223633,0.0,84.7760009765625,True,True,52.939998626708984,0.0,79.21399688720703,True,True,70.7300033569336,0.0,75.88400268554688,True,True,44.290000915527344,0.0,75.05599975585938,True,True,46.060001373291016,0.0,76.89199829101562,True,True,51.040000915527344,0.0,79.43000030517578,True,True,-25.0,74.25,,,,47.15599822998047,210.0019989013672,47.444000244140625,152.0,38.0,
2021-08-15 14:00:00,,,,,43.31999969482422,0.0,80.85199737548828,True,True,100.0,0.0,75.63200378417969,True,True,42.83000183105469,0.0,75.52400207519531,True,True,100.0,0.0,98.72599792480469,True,True,47.68000030517578,0.0,74.552001953125,True,True,51.790000915527344,0.0,85.71199798583984,True,True,53.529998779296875,0.0,80.05999755859375,True,True,71.66000366210938,0.0,75.9739990234375,True,True,41.619998931884766,0.0,75.0739974975586,True,True,52.790000915527344,0.0,77.03600311279297,True,True,55.540000915527344,0.0,81.01399993896484,True,True,-25.0,74.3499984741211,,,,47.65999984741211,210.0019989013672,48.03799819946289,152.0,38.0,
2021-08-15 14:15:00,,,,,43.470001220703125,0.0,81.01399993896484,True,True,94.88999938964844,0.0,75.66799926757812,True,True,42.540000915527344,0.0,75.52400207519531,True,True,100.0,0.0,98.49199676513672,True,True,47.939998626708984,0.0,74.6240005493164,True,True,51.70000076293945,0.0,85.26200103759766,True,True,52.4900016784668,0.0,79.62799835205078,True,True,73.76000213623047,0.0,76.06400299072266,True,True,43.869998931884766,0.0,75.09200286865234,True,True,46.459999084472656,0.0,77.0719985961914,True,True,55.20000076293945,0.0,80.31199645996094,True,True,-25.0,74.44999694824219,,,,46.95800018310547,210.0019989013672,47.51599884033203,152.0,38.0,
2021-08-15 14:30:00,,,,,44.939998626708984,0.0,81.31999969482422,True,True,99.51000213623047,0.0,76.71199798583984,True,True,41.029998779296875,0.0,75.52400207519531,True,True,100.0,0.0,99.12200164794922,True,True,46.86000061035156,0.0,74.73200225830078,True,True,50.349998474121094,0.0,86.21600341796875,True,True,52.119998931884766,0.0,79.64600372314453,True,True,67.93000030517578,0.0,76.02799987792969,True,True,51.349998474121094,0.0,75.09200286865234,True,True,43.869998931884766,0.0,77.14399719238281,True,True,59.119998931884766,0.0,79.71800231933594,True,True,-25.0,74.05000305175781,,,,47.444000244140625,210.0019989013672,47.80400085449219,152.0,38.0,
2021-08-15 14:45:00,,,,,46.68000030517578,0.0,81.302001953125,True,True,100.0,0.0,78.11599731445312,True,True,43.189998626708984,0.0,75.5780029296875,True,True,100.0,0.0,99.12200164794922,True,True,43.91999816894531,0.0,74.64199829101562,True,True,55.099998474121094,0.0,85.91000366210938,True,True,53.09000015258789,0.0,80.22200012207031,True,True,76.94999694824219,0.0,76.0459976196289,True,True,42.79999923706055,0.0,75.19999694824219,True,True,48.68000030517578,0.0,77.39600372314453,True,True,60.27000045776367,0.0,80.61799621582031,True,True,-25.0,76.7699966430664,,,,47.5880012512207,210.0019989013672,47.965999603271484,152.0,38.0,
2021-08-15 15:00:00,,,,,47.04999923706055,0.0,81.03199768066406,True,True,100.0,0.0,78.85399627685547,True,True,41.66999816894531,0.0,75.50599670410156,True,True,100.0,0.0,98.94200134277344,True,True,43.189998626708984,0.0,74.76799774169922,True,True,54.599998474121094,0.0,85.91000366210938,True,True,51.20000076293945,0.0,80.58200073242188,True,True,71.72000122070312,0.0,75.9020004272461,True,True,43.970001220703125,0.0,75.21800231933594,True,True,54.470001220703125,0.0,77.50399780273438,True,True,59.4900016784668,0.0,80.85199737548828,True,True,-25.0,89.37000274658203,,,,47.5880012512207,210.0019989013672,47.965999603271484,160.0,40.0,
2021-08-15 15:15:00,,,,,47.09000015258789,0.0,81.78800201416016,True,True,86.4800033569336,0.0,81.44599914550781,True,True,44.84000015258789,0.0,75.5780029296875,True,True,100.0,0.0,98.94200134277344,True,True,43.790000915527344,0.0,74.64199829101562,True,True,52.630001068115234,0.0,85.69400024414062,True,True,51.06999969482422,0.0,80.94200134277344,True,True,71.87000274658203,0.0,76.08200073242188,True,True,48.72999954223633,0.0,75.27200317382812,True,True,48.65999984741211,0.0,77.68399810791016,True,True,61.47999954223633,0.0,80.61799621582031,True,True,-25.0,76.80999755859375,,,,47.029998779296875,210.0019989013672,47.51599884033203,152.0,38.0,
2021-08-15 15:30:00,,,,,47.08000183105469,0.0,81.91400146484375,True,True,90.79000091552734,0.0,84.03800201416016,True,True,41.619998931884766,0.0,75.50599670410156,True,True,100.0,0.0,98.56400299072266,True,True,43.47999954223633,0.0,74.76799774169922,True,True,56.11000061035156,0.0,85.15399932861328,True,True,50.66999816894531,0.0,80.36599731445312,True,True,71.66000366210938,0.0,76.26200103759766,True,True,46.779998779296875,0.0,75.34400177001953,True,True,56.25,0.0,77.75599670410156,True,True,61.25,0.0,79.97000122070312,True,True,-25.0,76.95999908447266,,,,47.354000091552734,210.0019989013672,47.75,144.0,36.0,
2021-08-15 15:45:00,,,,,42.310001373291016,0.0,82.12999725341797,True,True,96.25,0.0,80.52799987792969,True,True,44.689998626708984,0.0,75.52400207519531,True,True,100.0,0.0,98.76200103759766,True,True,43.439998626708984,0.0,74.73200225830078,True,True,56.16999816894531,0.0,85.11799621582031,True,True,50.54999923706055,0.0,80.5999984741211,True,True,73.25,0.0,76.15399932861328,True,True,47.86000061035156,0.0,75.36199951171875,True,True,52.689998626708984,0.0,77.91799926757812,True,True,58.060001373291016,0.0,80.43800354003906,True,True,-25.0,78.81999969482422,,,,47.24599838256836,210.0019989013672,47.678001403808594,160.0,40.0,
2021-08-15 16:00:00,,,,,41.72999954223633,0.0,82.3280029296875,True,True,100.0,0.0,89.45600128173828,True,True,41.15999984741211,0.0,75.50599670410156,True,True,100.0,0.0,97.86199951171875,True,True,65.0999984741211,0.0,74.89399719238281,True,True,53.61000061035156,0.0,84.14600372314453,True,True,49.33000183105469,0.0,80.18599700927734,True,True,72.54000091552734,0.0,76.22599792480469,True,True,46.720001220703125,0.0,75.37999725341797,True,True,54.09000015258789,0.0,77.7020034790039,True,True,61.04999923706055,0.0,80.09600067138672,True,True,-25.0,81.2699966430664,,,,47.31800079345703,210.0019989013672,47.7140007019043,152.0,38.0,
2021-08-15 16:15:00,,,,,43.4900016784668,0.0,82.02200317382812,True,True,100.0,0.0,90.55400085449219,True,True,41.20000076293945,0.0,75.50599670410156,True,True,100.0,0.0,97.82599639892578,True,True,47.540000915527344,0.0,74.73200225830078,True,True,53.790000915527344,0.0,84.03800201416016,True,True,49.560001373291016,0.0,79.86199951171875,True,True,78.58000183105469,0.0,76.22599792480469,True,True,46.25,0.0,75.43399810791016,True,True,55.540000915527344,0.0,77.84600067138672,True,True,62.900001525878906,0.0,80.0780029296875,True,True,-25.0,79.3499984741211,,,,47.5880012512207,210.0019989013672,47.948001861572266,152.0,38.0,
2021-08-15 16:30:00,,,,,46.97999954223633,0.0,81.19400024414062,True,True,100.0,0.0,89.38400268554688,True,True,45.0,0.0,75.50599670410156,True,True,100.0,0.0,97.3219985961914,True,True,44.720001220703125,0.0,74.78600311279297,True,True,53.88999938964844,0.0,83.49800109863281,True,True,49.630001068115234,0.0,79.98799896240234,True,True,79.19000244140625,0.0,76.31600189208984,True,True,45.650001525878906,0.0,75.43399810791016,True,True,48.939998626708984,0.0,78.04399871826172,True,True,62.29999923706055,0.0,80.43800354003906,True,True,-25.0,78.3499984741211,,,,47.49800109863281,210.0019989013672,47.875999450683594,152.0,38.0,
2021-08-15 16:45:00,,,,,41.90999984741211,0.0,80.45600128173828,True,True,100.0,0.0,88.30400085449219,True,True,44.81999969482422,0.0,75.5780029296875,True,True,100.0,0.0,97.69999694824219,True,True,44.29999923706055,0.0,74.71399688720703,True,True,54.040000915527344,0.0,83.35399627685547,True,True,50.869998931884766,0.0,80.31199645996094,True,True,76.79000091552734,0.0,76.35199737548828,True,True,46.79999923706055,0.0,75.50599670410156,True,True,51.689998626708984,0.0,77.72000122070312,True,True,63.84000015258789,0.0,81.21199798583984,True,True,-25.0,82.43000030517578,,,,46.5260009765625,210.0019989013672,47.10200119018555,160.0,40.0,
2021-08-15 17:00:00,,,,,39.279998779296875,0.0,80.43800354003906,True,True,86.05000305175781,0.0,87.0260009765625,True,True,38.66999816894531,0.0,75.52400207519531,True,True,100.0,0.0,97.68199920654297,True,True,42.599998474121094,0.0,74.83999633789062,True,True,49.4900016784668,0.0,83.10199737548828,True,True,50.630001068115234,0.0,79.41200256347656,True,True,75.41999816894531,0.0,76.26200103759766,True,True,46.9900016784668,0.0,75.4520034790039,True,True,57.33000183105469,0.0,77.86399841308594,True,True,63.9900016784668,0.0,79.71800231933594,True,True,-25.0,89.4000015258789,,,,45.44599914550781,210.0019989013672,45.87799835205078,152.0,38.0,
2021-08-15 17:15:00,,,,,45.68000030517578,0.0,80.95999908447266,True,True,90.5199966430664,0.0,83.51599884033203,True,True,39.189998626708984,0.0,75.55999755859375,True,True,100.0,0.0,97.14199829101562,True,True,44.72999954223633,0.0,74.76799774169922,True,True,53.5099983215332,0.0,82.4540023803711,True,True,49.97999954223633,0.0,78.49400329589844,True,True,74.83000183105469,0.0,76.22599792480469,True,True,47.29999923706055,0.0,75.43399810791016,True,True,53.7599983215332,0.0,77.73799896240234,True,True,61.619998931884766,0.0,78.45800018310547,True,True,-25.0,73.16000366210938,,,,44.599998474121094,210.0019989013672,44.99599838256836,160.0,40.0,
2021-08-15 17:30:00,,,,,42.310001373291016,0.0,80.87000274658203,True,True,97.36000061035156,0.0,89.2040023803711,True,True,45.15999984741211,0.0,75.50599670410156,True,True,100.0,0.0,96.67400360107422,True,True,47.16999816894531,0.0,74.78600311279297,True,True,57.380001068115234,0.0,82.48999786376953,True,True,48.31999969482422,0.0,78.33200073242188,True,True,73.76000213623047,0.0,76.2979965209961,True,True,46.220001220703125,0.0,75.4520034790039,True,True,55.619998931884766,0.0,77.73799896240234,True,True,61.2400016784668,0.0,78.56600189208984,True,True,-25.0,72.86000061035156,,,,42.81800079345703,210.0019989013672,43.465999603271484,152.0,38.0,
2021-08-15 17:45:00,,,,,38.689998626708984,0.0,81.10399627685547,True,True,96.9800033569336,0.0,89.63600158691406,True,True,40.2400016784668,0.0,75.52400207519531,True,True,97.54000091552734,0.0,96.58399963378906,True,True,40.47999954223633,0.0,74.64199829101562,True,True,50.619998931884766,0.0,81.73400115966797,True,True,47.290000915527344,0.0,77.9540023803711,True,True,71.98999786376953,0.0,76.15399932861328,True,True,48.689998626708984,0.0,75.4520034790039,True,True,49.0099983215332,0.0,77.7020034790039,True,True,61.79999923706055,0.0,78.33200073242188,True,True,-25.0,65.80999755859375,,,,41.9900016784668,210.0019989013672,42.45800018310547,152.0,38.0,
2021-08-15 18:00:00,,,,,42.7400016784668,0.0,79.77200317382812,True,True,86.7300033569336,0.0,89.45600128173828,True,True,37.08000183105469,0.0,75.52400207519531,True,True,91.83999633789062,0.0,93.37999725341797,True,True,41.06999969482422,0.0,74.6780014038086,True,True,48.959999084472656,0.0,80.92400360107422,True,True,45.84000015258789,0.0,78.00800323486328,True,True,72.29000091552734,0.0,76.24400329589844,True,True,45.220001220703125,0.0,75.41600036621094,True,True,50.900001525878906,0.0,77.79199981689453,True,True,61.09000015258789,0.0,78.08000183105469,True,True,-25.0,61.810001373291016,,,,41.70199966430664,210.0019989013672,42.13399887084961,152.0,38.0,
2021-08-15 18:15:00,,,,,37.529998779296875,0.0,78.24199676513672,True,True,86.38999938964844,0.0,85.15399932861328,True,True,36.7400016784668,0.0,75.50599670410156,True,True,93.22000122070312,0.0,95.50399780273438,True,True,40.7599983215332,0.0,74.6240005493164,True,True,46.7599983215332,0.0,80.74400329589844,True,True,45.27000045776367,0.0,77.84600067138672,True,True,64.91999816894531,0.0,76.20800018310547,True,True,46.0099983215332,0.0,75.4520034790039,True,True,49.16999816894531,0.0,77.79199981689453,True,True,55.5,0.0,78.04399871826172,True,True,-25.0,58.84000015258789,,,,41.737998962402344,210.0019989013672,42.20600128173828,152.0,38.0,
2021-08-15 18:30:00,,,,,41.7400016784668,0.0,77.36000061035156,True,True,84.7699966430664,0.0,89.2040023803711,True,True,39.7400016784668,0.0,75.50599670410156,True,True,90.02999877929688,0.0,95.03600311279297,True,True,41.33000183105469,0.0,74.58799743652344,True,True,46.31999969482422,0.0,79.97000122070312,True,True,43.029998779296875,0.0,77.37799835205078,True,True,65.4000015258789,0.0,76.15399932861328,True,True,40.66999816894531,0.0,75.36199951171875,True,True,45.36000061035156,0.0,77.72000122070312,True,True,50.439998626708984,0.0,77.16200256347656,True,True,-25.0,60.20000076293945,,,,42.332000732421875,210.0019989013672,42.74599838256836,160.0,40.0,
2021-08-15 18:45:00,,,,,45.65999984741211,0.0,76.98200225830078,True,True,81.55999755859375,0.0,82.90399932861328,True,True,40.970001220703125,0.0,75.50599670410156,True,True,93.72000122070312,0.0,95.39600372314453,True,True,39.970001220703125,0.0,74.51599884033203,True,True,44.54999923706055,0.0,79.21399688720703,True,True,43.560001373291016,0.0,76.83799743652344,True,True,62.5,0.0,76.02799987792969,True,True,36.84000015258789,0.0,75.27200317382812,True,True,45.2599983215332,0.0,77.66600036621094,True,True,50.0,0.0,76.11799621582031,True,True,-25.0,61.099998474121094,,,,42.763999938964844,210.0019989013672,43.141998291015625,152.0,38.0,
2021-08-15 19:00:00,,,,,37.349998474121094,0.0,76.47799682617188,True,True,88.5,0.0,82.7239990234375,True,True,36.63999938964844,0.0,75.4520034790039,True,True,94.52999877929688,0.0,94.06400299072266,True,True,42.439998626708984,0.0,74.4800033569336,True,True,48.709999084472656,0.0,78.72799682617188,True,True,42.970001220703125,0.0,75.88400268554688,True,True,62.900001525878906,0.0,76.0459976196289,True,True,41.54999923706055,0.0,75.27200317382812,True,True,45.41999816894531,0.0,77.52200317382812,True,True,49.220001220703125,0.0,75.0199966430664,True,True,-25.0,70.37000274658203,,,,43.10599899291992,210.0019989013672,43.48400115966797,144.0,36.0,
2021-08-15 19:15:00,,,,,41.84000015258789,0.0,76.26200103759766,True,True,94.26000213623047,0.0,80.23999786376953,True,True,38.349998474121094,0.0,75.48799896240234,True,True,85.56999969482422,0.0,87.13400268554688,True,True,44.70000076293945,0.0,74.37200164794922,True,True,50.34000015258789,0.0,78.65599822998047,True,True,43.560001373291016,0.0,75.34400177001953,True,True,61.650001525878906,0.0,75.9739990234375,True,True,42.02000045776367,0.0,75.21800231933594,True,True,46.9900016784668,0.0,77.50399780273438,True,True,53.31999969482422,0.0,74.4800033569336,True,True,-25.0,65.7699966430664,,,,43.30400085449219,210.0019989013672,43.71799850463867,160.0,40.0,
2021-08-15 19:30:00,,,,,40.099998474121094,0.0,75.79399871826172,True,True,99.26000213623047,0.0,76.22599792480469,True,True,39.31999969482422,0.0,75.4520034790039,True,True,85.7300033569336,0.0,86.79199981689453,True,True,43.790000915527344,0.0,74.4800033569336,True,True,49.869998931884766,0.0,78.18800354003906,True,True,43.689998626708984,0.0,75.0739974975586,True,True,60.2400016784668,0.0,75.81199645996094,True,True,39.689998626708984,0.0,75.18199920654297,True,True,46.41999816894531,0.0,77.43199920654297,True,True,70.94999694824219,0.0,74.24600219726562,True,True,-25.0,68.33999633789062,,,,43.80799865722656,210.0019989013672,44.20399856567383,144.0,36.0,
2021-08-15 19:45:00,,,,,40.040000915527344,0.0,75.54199981689453,True,True,100.0,0.0,80.2040023803711,True,True,39.04999923706055,0.0,75.43399810791016,True,True,89.30999755859375,0.0,86.43199920654297,True,True,63.40999984741211,0.0,74.4260025024414,True,True,50.470001220703125,0.0,77.84600067138672,True,True,48.88999938964844,0.0,74.71399688720703,True,True,58.97999954223633,0.0,75.93800354003906,True,True,40.369998931884766,0.0,75.19999694824219,True,True,50.15999984741211,0.0,77.3239974975586,True,True,53.18000030517578,0.0,73.7239990234375,True,True,-25.0,72.25,,,,44.150001525878906,210.0019989013672,44.582000732421875,152.0,38.0,
2021-08-15 20:00:00,,,,,43.36000061035156,0.0,75.19999694824219,True,True,100.0,0.0,80.04199981689453,True,True,40.09000015258789,0.0,75.39800262451172,True,True,87.7699966430664,0.0,91.5979995727539,True,True,40.2599983215332,0.0,74.40799713134766,True,True,46.4900016784668,0.0,77.28800201416016,True,True,44.45000076293945,0.0,74.53399658203125,True,True,61.95000076293945,0.0,75.86599731445312,True,True,37.88999938964844,0.0,75.16400146484375,True,True,45.40999984741211,0.0,77.3239974975586,True,True,47.59000015258789,0.0,73.4540023803711,True,True,-25.0,69.37000274658203,,,,44.4379997253418,210.0019989013672,44.83399963378906,144.0,36.0,
2021-08-15 20:15:00,,,,,54.060001373291016,0.0,74.947998046875,True,True,100.0,0.0,79.93399810791016,True,True,42.97999954223633,0.0,75.43399810791016,True,True,90.19000244140625,0.0,92.85800170898438,True,True,43.7400016784668,0.0,74.38999938964844,True,True,50.470001220703125,0.0,77.10800170898438,True,True,45.720001220703125,0.0,74.31800079345703,True,True,63.16999816894531,0.0,75.86599731445312,True,True,40.45000076293945,0.0,75.14600372314453,True,True,53.13999938964844,0.0,77.3239974975586,True,True,47.36000061035156,0.0,73.27400207519531,True,True,-25.0,70.26000213623047,,,,44.41999816894531,210.0019989013672,44.79800033569336,144.0,36.0,
2021-08-15 20:30:00,,,,,41.79999923706055,0.0,74.89399719238281,True,True,100.0,0.0,81.64399719238281,True,True,42.939998626708984,0.0,75.43399810791016,True,True,90.61000061035156,0.0,92.85800170898438,True,True,41.58000183105469,0.0,74.44400024414062,True,True,50.63999938964844,0.0,76.74800109863281,True,True,46.369998931884766,0.0,74.10199737548828,True,True,56.63999938964844,0.0,75.75800323486328,True,True,37.720001220703125,0.0,75.16400146484375,True,True,48.20000076293945,0.0,77.25199890136719,True,True,47.439998626708984,0.0,73.02200317382812,True,True,-25.0,69.80999755859375,,,,43.970001220703125,210.0019989013672,44.492000579833984,152.0,38.0,
2021-08-15 20:45:00,,,,,43.09000015258789,0.0,74.66000366210938,True,True,100.0,0.0,81.78800201416016,True,True,39.540000915527344,0.0,75.37999725341797,True,True,89.45999908447266,0.0,92.31800079345703,True,True,39.15999984741211,0.0,74.33599853515625,True,True,49.38999938964844,0.0,76.40599822998047,True,True,47.22999954223633,0.0,73.74199676513672,True,True,62.43000030517578,0.0,75.7040023803711,True,True,39.959999084472656,0.0,75.12799835205078,True,True,43.7400016784668,0.0,77.25199890136719,True,True,47.65999984741211,0.0,72.66200256347656,True,True,-25.0,69.25,,,,43.231998443603516,210.0019989013672,43.71799850463867,152.0,38.0,
2021-08-15 21:00:00,,,,,41.97999954223633,0.0,74.80400085449219,True,True,100.0,0.0,82.23799896240234,True,True,39.290000915527344,0.0,75.4520034790039,True,True,87.76000213623047,0.0,91.18399810791016,True,True,39.2400016784668,0.0,74.4260025024414,True,True,45.29999923706055,0.0,75.5780029296875,True,True,47.04999923706055,0.0,73.47200012207031,True,True,59.4900016784668,0.0,75.7760009765625,True,True,38.86000061035156,0.0,75.12799835205078,True,True,49.22999954223633,0.0,77.28800201416016,True,True,46.630001068115234,0.0,72.35600280761719,True,True,-25.0,71.30000305175781,,,,42.58399963378906,210.0019989013672,43.124000549316406,152.0,38.0,
2021-08-15 21:15:00,,,,,38.189998626708984,0.0,74.8219985961914,True,True,100.0,0.0,80.22200012207031,True,True,41.220001220703125,0.0,75.43399810791016,True,True,84.86000061035156,0.0,90.15799713134766,True,True,43.279998779296875,0.0,74.30000305175781,True,True,48.84000015258789,0.0,75.23600006103516,True,True,45.279998779296875,0.0,73.27400207519531,True,True,61.0099983215332,0.0,75.75800323486328,True,True,37.72999954223633,0.0,75.11000061035156,True,True,45.20000076293945,0.0,77.28800201416016,True,True,45.650001525878906,0.0,72.2300033569336,True,True,-25.0,71.05000305175781,,,,41.93600082397461,210.0019989013672,42.38600158691406,152.0,38.0,
2021-08-15 21:30:00,,,,,36.90999984741211,0.0,74.6240005493164,True,True,100.0,0.0,81.13999938964844,True,True,37.02000045776367,0.0,75.39800262451172,True,True,78.5199966430664,0.0,84.6500015258789,True,True,43.02000045776367,0.0,74.28199768066406,True,True,42.7599983215332,0.0,74.80400085449219,True,True,43.61000061035156,0.0,73.36399841308594,True,True,57.529998779296875,0.0,75.7760009765625,True,True,37.5099983215332,0.0,75.11000061035156,True,True,41.45000076293945,0.0,77.14399719238281,True,True,44.900001525878906,0.0,72.39199829101562,True,True,-25.0,70.25,,,,41.23400115966797,210.0019989013672,41.70199966430664,152.0,38.0,
2021-08-15 21:45:00,,,,,36.290000915527344,0.0,74.64199829101562,True,True,100.0,0.0,81.73400115966797,True,True,36.36000061035156,0.0,75.37999725341797,True,True,76.20999908447266,0.0,84.4520034790039,True,True,37.77000045776367,0.0,74.24600219726562,True,True,43.06999969482422,0.0,75.14600372314453,True,True,42.45000076293945,0.0,73.54399871826172,True,True,59.959999084472656,0.0,75.66799926757812,True,True,37.25,0.0,75.0739974975586,True,True,44.72999954223633,0.0,77.0719985961914,True,True,43.27000045776367,0.0,72.46399688720703,True,True,-25.0,68.94999694824219,,,,41.79199981689453,210.0019989013672,42.2239990234375,144.0,36.0,
2021-08-15 22:00:00,,,,,39.02000045776367,0.0,74.44400024414062,True,True,100.0,0.0,80.92400360107422,True,True,39.119998931884766,0.0,75.43399810791016,True,True,75.6500015258789,0.0,84.0739974975586,True,True,37.939998626708984,0.0,74.26399993896484,True,True,43.84000015258789,0.0,74.8219985961914,True,True,42.720001220703125,0.0,73.29199981689453,True,True,56.83000183105469,0.0,75.68599700927734,True,True,37.4900016784668,0.0,75.0199966430664,True,True,45.79999923706055,0.0,76.96399688720703,True,True,41.97999954223633,0.0,72.12200164794922,True,True,-25.0,68.61000061035156,,,,41.683998107910156,210.0019989013672,42.1879997253418,144.0,36.0,
2021-08-15 22:15:00,,,,,37.5099983215332,0.0,74.31800079345703,True,True,87.22000122070312,0.0,75.6500015258789,True,True,36.209999084472656,0.0,75.32599639892578,True,True,73.37000274658203,0.0,83.28199768066406,True,True,38.58000183105469,0.0,74.28199768066406,True,True,43.77000045776367,0.0,74.40799713134766,True,True,41.439998626708984,0.0,73.18399810791016,True,True,54.52000045776367,0.0,75.54199981689453,True,True,37.02000045776367,0.0,75.05599975585938,True,True,38.810001373291016,0.0,76.96399688720703,True,True,43.209999084472656,0.0,72.06800079345703,True,True,-25.0,68.37000274658203,,,,41.683998107910156,210.0019989013672,42.11600112915039,144.0,36.0,
2021-08-15 22:30:00,,,,,40.25,0.0,74.22799682617188,True,True,89.0,0.0,75.47000122070312,True,True,36.34000015258789,0.0,75.39800262451172,True,True,72.61000061035156,0.0,83.40799713134766,True,True,37.939998626708984,0.0,74.24600219726562,True,True,48.779998779296875,0.0,74.20999908447266,True,True,44.380001068115234,0.0,72.98600006103516,True,True,54.380001068115234,0.0,75.63200378417969,True,True,36.959999084472656,0.0,75.00199890136719,True,True,42.880001068115234,0.0,76.96399688720703,True,True,40.119998931884766,0.0,71.7979965209961,True,True,-25.0,67.76000213623047,,,,41.630001068115234,210.0019989013672,42.0620002746582,144.0,36.0,
2021-08-15 22:45:00,,,,,41.97999954223633,0.0,73.95800018310547,True,True,100.0,0.0,75.00199890136719,True,True,37.40999984741211,0.0,75.39800262451172,True,True,71.37999725341797,0.0,83.44400024414062,True,True,40.20000076293945,0.0,74.19200134277344,True,True,44.4900016784668,0.0,73.7959976196289,True,True,44.59000015258789,0.0,72.64399719238281,True,True,56.060001373291016,0.0,75.73999786376953,True,True,37.43000030517578,0.0,75.0199966430664,True,True,39.029998779296875,0.0,76.96399688720703,True,True,46.2599983215332,0.0,71.58200073242188,True,True,-25.0,68.18000030517578,,,,44.3120002746582,210.0019989013672,44.762001037597656,144.0,36.0,
2021-08-15 23:00:00,,,,,40.400001525878906,0.0,74.28199768066406,True,True,98.30999755859375,0.0,75.0739974975586,True,True,40.61000061035156,0.0,75.36199951171875,True,True,73.83000183105469,0.0,82.41799926757812,True,True,41.720001220703125,0.0,74.26399993896484,True,True,46.34000015258789,0.0,73.61599731445312,True,True,44.20000076293945,0.0,72.73400115966797,True,True,57.79999923706055,0.0,75.59600067138672,True,True,37.06999969482422,0.0,74.98400115966797,True,True,44.5,0.0,76.94599914550781,True,True,45.97999954223633,0.0,71.41999816894531,True,True,-25.0,77.83999633789062,,,,42.1879997253418,210.0019989013672,42.69200134277344,144.0,36.0,
2021-08-15 23:15:00,,,,,45.0,0.0,74.06600189208984,True,True,100.0,0.0,75.14600372314453,True,True,36.279998779296875,0.0,75.39800262451172,True,True,69.9800033569336,0.0,83.20999908447266,True,True,37.90999984741211,0.0,74.22799682617188,True,True,47.70000076293945,0.0,73.5260009765625,True,True,43.83000183105469,0.0,72.73400115966797,True,True,49.5099983215332,0.0,75.59600067138672,True,True,36.939998626708984,0.0,74.91200256347656,True,True,43.81999969482422,0.0,76.9280014038086,True,True,45.31999969482422,0.0,71.2760009765625,True,True,-25.0,81.29000091552734,,,,43.034000396728516,210.0019989013672,43.30400085449219,144.0,36.0,
2021-08-15 23:30:00,,,,,46.0099983215332,0.0,73.97599792480469,True,True,99.19999694824219,0.0,75.12799835205078,True,True,41.599998474121094,0.0,75.32599639892578,True,True,76.75,0.0,83.37200164794922,True,True,44.540000915527344,0.0,74.19200134277344,True,True,48.08000183105469,0.0,73.23799896240234,True,True,46.61000061035156,0.0,72.53600311279297,True,True,57.95000076293945,0.0,75.61399841308594,True,True,39.630001068115234,0.0,74.947998046875,True,True,51.119998931884766,0.0,76.9280014038086,True,True,48.27000045776367,0.0,70.89800262451172,True,True,-25.0,81.1500015258789,,,,48.11000061035156,210.0019989013672,47.5880012512207,144.0,36.0,
2021-08-15 23:45:00,,,,,44.939998626708984,0.0,73.90399932861328,True,True,100.0,0.0,75.18199920654297,True,True,45.0099983215332,0.0,75.43399810791016,True,True,83.81999969482422,0.0,82.88600158691406,True,True,41.58000183105469,0.0,74.20999908447266,True,True,50.119998931884766,0.0,73.04000091552734,True,True,42.08000183105469,0.0,72.39199829101562,True,True,56.369998931884766,0.0,75.43399810791016,True,True,39.47999954223633,0.0,74.98400115966797,True,True,41.2599983215332,0.0,76.83799743652344,True,True,44.970001220703125,0.0,70.80799865722656,True,True,-25.0,80.44000244140625,,,,46.66999816894531,210.0019989013672,46.86800003051758,144.0,36.0,
2021-08-16 00:00:00,,,,,41.2599983215332,0.0,73.76000213623047,True,True,100.0,0.0,75.25399780273438,True,True,41.08000183105469,0.0,75.41600036621094,True,True,81.62999725341797,0.0,76.06400299072266,True,True,40.689998626708984,0.0,74.12000274658203,True,True,49.470001220703125,0.0,72.78800201416016,True,True,45.77000045776367,0.0,72.06800079345703,True,True,56.86000061035156,0.0,75.47000122070312,True,True,40.470001220703125,0.0,74.947998046875,True,True,43.33000183105469,0.0,76.85600280761719,True,True,45.16999816894531,0.0,70.64600372314453,True,True,-25.0,81.41000366210938,,,,47.13800048828125,210.0019989013672,47.5880012512207,144.0,36.0,
2021-08-16 00:15:00,,,,,48.77000045776367,0.0,73.50800323486328,True,True,100.0,0.0,75.09200286865234,True,True,46.599998474121094,0.0,75.4520034790039,True,True,87.56999969482422,0.0,75.29000091552734,True,True,46.34000015258789,0.0,74.12000274658203,True,True,53.7400016784668,0.0,72.66200256347656,True,True,51.09000015258789,0.0,71.99600219726562,True,True,60.9900016784668,0.0,75.50599670410156,True,True,43.599998474121094,0.0,75.03800201416016,True,True,49.27000045776367,0.0,76.83799743652344,True,True,50.790000915527344,0.0,70.5199966430664,True,True,-25.0,84.3499984741211,,,,48.09199905395508,210.0019989013672,48.667999267578125,144.0,36.0,
2021-08-16 00:30:00,,,,,44.970001220703125,0.0,73.18399810791016,True,True,100.0,0.0,75.37999725341797,True,True,42.650001525878906,0.0,75.4520034790039,True,True,82.8499984741211,0.0,75.16400146484375,True,True,43.529998779296875,0.0,74.15599822998047,True,True,50.369998931884766,0.0,72.5719985961914,True,True,47.72999954223633,0.0,71.76200103759766,True,True,64.36000061035156,0.0,75.54199981689453,True,True,41.939998626708984,0.0,74.98400115966797,True,True,43.4900016784668,0.0,76.83799743652344,True,True,50.099998474121094,0.0,70.33999633789062,True,True,-25.0,83.2300033569336,,,,47.24599838256836,210.0019989013672,47.5880012512207,144.0,36.0,
2021-08-16 00:45:00,,,,,42.90999984741211,0.0,73.18399810791016,True,True,96.41999816894531,0.0,75.21800231933594,True,True,44.939998626708984,0.0,75.37999725341797,True,True,82.30999755859375,0.0,74.76799774169922,True,True,46.2599983215332,0.0,74.12000274658203,True,True,50.68000030517578,0.0,72.5,True,True,48.09000015258789,0.0,71.81600189208984,True,True,63.209999084472656,0.0,75.4520034790039,True,True,42.75,0.0,74.947998046875,True,True,44.36000061035156,0.0,76.78399658203125,True,True,50.459999084472656,0.0,70.19599914550781,True,True,-25.0,82.20999908447266,,,,47.22800064086914,210.0019989013672,47.678001403808594,136.0,34.0,
2021-08-16 01:00:00,,,,,45.41999816894531,0.0,73.70600128173828,True,True,100.0,0.0,75.21800231933594,True,True,41.7400016784668,0.0,75.41600036621094,True,True,81.81999969482422,0.0,74.80400085449219,True,True,40.709999084472656,0.0,74.02999877929688,True,True,50.220001220703125,0.0,72.46399688720703,True,True,47.83000183105469,0.0,71.74400329589844,True,True,62.15999984741211,0.0,75.52400207519531,True,True,41.650001525878906,0.0,74.98400115966797,True,True,47.45000076293945,0.0,76.78399658203125,True,True,48.189998626708984,0.0,69.90799713134766,True,True,-25.0,82.18000030517578,,,,47.029998779296875,210.0019989013672,47.444000244140625,136.0,34.0,
2021-08-16 01:15:00,,,,,44.720001220703125,0.0,73.5979995727539,True,True,100.0,0.0,75.23600006103516,True,True,46.33000183105469,0.0,75.34400177001953,True,True,81.68000030517578,0.0,74.35399627685547,True,True,57.38999938964844,0.0,74.01200103759766,True,True,51.0099983215332,0.0,72.28399658203125,True,True,48.150001525878906,0.0,71.63600158691406,True,True,68.27999877929688,0.0,75.61399841308594,True,True,40.400001525878906,0.0,74.91200256347656,True,True,46.439998626708984,0.0,76.78399658203125,True,True,47.150001525878906,0.0,69.87200164794922,True,True,-25.0,84.30999755859375,,,,51.79999923706055,210.0019989013672,52.01599884033203,144.0,36.0,
2021-08-16 01:30:00,,,,,45.25,0.0,73.05799865722656,True,True,100.0,0.0,75.12799835205078,True,True,43.09000015258789,0.0,75.34400177001953,True,True,80.75,0.0,74.06600189208984,True,True,40.86000061035156,0.0,73.97599792480469,True,True,50.900001525878906,0.0,72.26599884033203,True,True,48.40999984741211,0.0,71.49199676513672,True,True,61.650001525878906,0.0,75.66799926757812,True,True,39.75,0.0,74.89399719238281,True,True,46.369998931884766,0.0,76.78399658203125,True,True,49.81999969482422,0.0,69.69200134277344,True,True,-25.0,82.88999938964844,,,,45.26599884033203,210.0019989013672,45.571998596191406,136.0,34.0,
2021-08-16 01:45:00,,,,,46.75,0.0,72.71600341796875,True,True,100.0,0.0,74.89399719238281,True,True,40.869998931884766,0.0,75.36199951171875,True,True,78.9800033569336,0.0,73.74199676513672,True,True,41.7599983215332,0.0,73.95800018310547,True,True,49.529998779296875,0.0,72.08599853515625,True,True,48.29999923706055,0.0,71.3479995727539,True,True,63.7400016784668,0.0,75.29000091552734,True,True,39.66999816894531,0.0,74.83999633789062,True,True,47.779998779296875,0.0,76.78399658203125,True,True,46.66999816894531,0.0,69.13400268554688,True,True,-25.0,80.88999938964844,,,,46.237998962402344,210.0019989013672,46.63399887084961,144.0,36.0,
2021-08-16 02:00:00,,,,,47.900001525878906,0.0,72.78800201416016,True,True,100.0,0.0,74.947998046875,True,True,42.2599983215332,0.0,75.41600036621094,True,True,82.22000122070312,0.0,73.9219970703125,True,True,35.7599983215332,0.0,73.94000244140625,True,True,50.209999084472656,0.0,72.15799713134766,True,True,52.5099983215332,0.0,71.45600128173828,True,True,72.77999877929688,0.0,75.34400177001953,True,True,43.54999923706055,0.0,74.83999633789062,True,True,51.59000015258789,0.0,76.69400024414062,True,True,52.34000015258789,0.0,69.58399963378906,True,True,-25.0,80.5199966430664,,,,47.13800048828125,210.0019989013672,47.5880012512207,136.0,34.0,
2021-08-16 02:15:00,,,,,46.13999938964844,0.0,72.89600372314453,True,True,100.0,0.0,75.0739974975586,True,True,45.52000045776367,0.0,75.34400177001953,True,True,85.56999969482422,0.0,74.17400360107422,True,True,46.060001373291016,0.0,73.95800018310547,True,True,55.68000030517578,0.0,72.08599853515625,True,True,46.31999969482422,0.0,71.4020004272461,True,True,63.529998779296875,0.0,75.39800262451172,True,True,39.61000061035156,0.0,74.80400085449219,True,True,42.779998779296875,0.0,76.65799713134766,True,True,49.529998779296875,0.0,69.13400268554688,True,True,-25.0,80.88999938964844,,,,48.11000061035156,210.0019989013672,48.63199996948242,144.0,36.0,
2021-08-16 02:30:00,,,,,49.2400016784668,0.0,72.53600311279297,True,True,99.20999908447266,0.0,75.03800201416016,True,True,45.040000915527344,0.0,75.30799865722656,True,True,84.3499984741211,0.0,74.20999908447266,True,True,41.25,0.0,73.94000244140625,True,True,54.540000915527344,0.0,72.19400024414062,True,True,48.4900016784668,0.0,71.09600067138672,True,True,61.810001373291016,0.0,75.43399810791016,True,True,41.209999084472656,0.0,74.83999633789062,True,True,48.099998474121094,0.0,76.65799713134766,True,True,46.650001525878906,0.0,69.36799621582031,True,True,-25.0,81.8499984741211,,,,47.89400100708008,210.0019989013672,48.290000915527344,136.0,34.0,
2021-08-16 02:45:00,,,,,46.099998474121094,0.0,72.75199890136719,True,True,100.0,0.0,74.80400085449219,True,True,48.31999969482422,0.0,75.37999725341797,True,True,85.43000030517578,0.0,73.97599792480469,True,True,41.34000015258789,0.0,73.88600158691406,True,True,54.810001373291016,0.0,71.85199737548828,True,True,50.599998474121094,0.0,70.84400177001953,True,True,66.4000015258789,0.0,75.41600036621094,True,True,45.720001220703125,0.0,74.76799774169922,True,True,44.25,0.0,76.60399627685547,True,True,47.43000030517578,0.0,69.2239990234375,True,True,-25.0,82.3499984741211,,,,47.49800109863281,210.0019989013672,47.89400100708008,136.0,34.0,
2021-08-16 03:00:00,,,,,49.650001525878906,0.0,72.51799774169922,True,True,96.81999969482422,0.0,75.09200286865234,True,True,45.310001373291016,0.0,75.30799865722656,True,True,85.06999969482422,0.0,74.49800109863281,True,True,46.72999954223633,0.0,73.90399932861328,True,True,54.650001525878906,0.0,71.92400360107422,True,True,50.59000015258789,0.0,70.59200286865234,True,True,69.33000183105469,0.0,75.27200317382812,True,True,40.599998474121094,0.0,74.76799774169922,True,True,43.959999084472656,0.0,76.60399627685547,True,True,50.189998626708984,0.0,69.2239990234375,True,True,-25.0,81.48999786376953,,,,47.551998138427734,210.0019989013672,47.93000030517578,136.0,34.0,
2021-08-16 03:15:00,,,,,50.0,0.0,72.8239974975586,True,True,100.0,0.0,74.71399688720703,True,True,45.380001068115234,0.0,75.36199951171875,True,True,84.79000091552734,0.0,73.88600158691406,True,True,41.97999954223633,0.0,73.88600158691406,True,True,54.61000061035156,0.0,71.92400360107422,True,True,50.939998626708984,0.0,70.447998046875,True,True,65.5199966430664,0.0,75.39800262451172,True,True,40.45000076293945,0.0,74.76799774169922,True,True,46.22999954223633,0.0,76.60399627685547,True,True,48.849998474121094,0.0,69.31400299072266,True,True,-25.0,80.86000061035156,,,,47.56999969482422,210.0019989013672,47.9119987487793,144.0,36.0,
2021-08-16 03:30:00,,,,,50.52000045776367,0.0,72.71600341796875,True,True,100.0,0.0,74.552001953125,True,True,45.310001373291016,0.0,75.34400177001953,True,True,85.63999938964844,0.0,73.77799987792969,True,True,45.25,0.0,73.81400299072266,True,True,50.68000030517578,0.0,71.81600189208984,True,True,50.029998779296875,0.0,70.48400115966797,True,True,70.44000244140625,0.0,75.23600006103516,True,True,40.63999938964844,0.0,74.76799774169922,True,True,53.70000076293945,0.0,76.60399627685547,True,True,45.310001373291016,0.0,68.91799926757812,True,True,-25.0,81.23999786376953,,,,47.65999984741211,210.0019989013672,48.055999755859375,136.0,34.0,
2021-08-16 03:45:00,,,,,47.939998626708984,0.0,72.64399719238281,True,True,100.0,0.0,74.33599853515625,True,True,45.88999938964844,0.0,75.30799865722656,True,True,85.72000122070312,0.0,73.5260009765625,True,True,46.90999984741211,0.0,73.81400299072266,True,True,50.810001373291016,0.0,71.49199676513672,True,True,50.209999084472656,0.0,70.64600372314453,True,True,68.69000244140625,0.0,75.21800231933594,True,True,42.27000045776367,0.0,74.73200225830078,True,True,47.81999969482422,0.0,76.53199768066406,True,True,46.869998931884766,0.0,68.88200378417969,True,True,-25.0,81.87000274658203,,,,47.75,210.0019989013672,48.16400146484375,144.0,36.0,
2021-08-16 04:00:00,,,,,48.900001525878906,0.0,72.4280014038086,True,True,100.0,0.0,73.94000244140625,True,True,48.439998626708984,0.0,75.36199951171875,True,True,88.18000030517578,0.0,72.28399658203125,True,True,42.08000183105469,0.0,73.7959976196289,True,True,51.689998626708984,0.0,71.22200012207031,True,True,50.380001068115234,0.0,70.66400146484375,True,True,68.54000091552734,0.0,75.48799896240234,True,True,43.40999984741211,0.0,74.73200225830078,True,True,42.22999954223633,0.0,76.47799682617188,True,True,47.880001068115234,0.0,68.97200012207031,True,True,-25.0,80.91000366210938,,,,47.731998443603516,210.0019989013672,48.16400146484375,136.0,34.0,
2021-08-16 04:15:00,,,,,49.31999969482422,0.0,72.53600311279297,True,True,100.0,0.0,73.83200073242188,True,True,45.47999954223633,0.0,75.30799865722656,True,True,91.02999877929688,0.0,72.28399658203125,True,True,42.02000045776367,0.0,73.9219970703125,True,True,48.119998931884766,0.0,71.0780029296875,True,True,50.75,0.0,70.84400177001953,True,True,71.12999725341797,0.0,75.14600372314453,True,True,43.81999969482422,0.0,74.6780014038086,True,True,46.779998779296875,0.0,76.47799682617188,True,True,48.029998779296875,0.0,68.88200378417969,True,True,-25.0,80.86000061035156,,,,47.731998443603516,210.0019989013672,48.11000061035156,144.0,36.0,
2021-08-16 04:30:00,,,,,49.20000076293945,0.0,72.48200225830078,True,True,100.0,0.0,74.13800048828125,True,True,45.529998779296875,0.0,75.27200317382812,True,True,91.2699966430664,0.0,72.84200286865234,True,True,40.7400016784668,0.0,73.83200073242188,True,True,48.09000015258789,0.0,71.02400207519531,True,True,51.08000183105469,0.0,70.77200317382812,True,True,70.5,0.0,75.48799896240234,True,True,46.689998626708984,0.0,74.69599914550781,True,True,45.08000183105469,0.0,76.42400360107422,True,True,48.720001220703125,0.0,68.88200378417969,True,True,-25.0,87.86000061035156,,,,47.821998596191406,210.0019989013672,48.236000061035156,136.0,34.0,
2021-08-16 04:45:00,,,,,45.2599983215332,0.0,71.97799682617188,True,True,100.0,0.0,74.49800109863281,True,True,46.290000915527344,0.0,75.16400146484375,True,True,95.44000244140625,0.0,73.23799896240234,True,True,44.290000915527344,0.0,73.81400299072266,True,True,50.72999954223633,0.0,71.2040023803711,True,True,51.22999954223633,0.0,70.66400146484375,True,True,67.7300033569336,0.0,75.32599639892578,True,True,41.47999954223633,0.0,74.6780014038086,True,True,48.720001220703125,0.0,76.42400360107422,True,True,50.91999816894531,0.0,68.77400207519531,True,True,-25.0,81.37000274658203,,,,47.731998443603516,210.0019989013672,48.11000061035156,144.0,36.0,
2021-08-16 05:00:00,,,,,48.349998474121094,0.0,71.94200134277344,True,True,100.0,0.0,74.0479965209961,True,True,46.43000030517578,0.0,75.27200317382812,True,True,90.48999786376953,0.0,72.697998046875,True,True,43.790000915527344,0.0,73.8499984741211,True,True,63.40999984741211,0.0,71.04199981689453,True,True,51.779998779296875,0.0,70.5739974975586,True,True,71.91000366210938,0.0,75.30799865722656,True,True,42.099998474121094,0.0,74.58799743652344,True,True,49.599998474121094,0.0,76.42400360107422,True,True,48.880001068115234,0.0,68.88200378417969,True,True,-25.0,81.38999938964844,,,,47.731998443603516,210.0019989013672,48.12799835205078,144.0,36.0,
2021-08-16 05:15:00,,,,,48.16999816894531,0.0,72.01399993896484,True,True,100.0,0.0,74.0479965209961,True,True,49.25,0.0,75.30799865722656,True,True,89.45999908447266,0.0,72.80599975585938,True,True,40.04999923706055,0.0,73.81400299072266,True,True,52.95000076293945,0.0,71.02400207519531,True,True,52.380001068115234,0.0,70.41200256347656,True,True,67.4800033569336,0.0,75.27200317382812,True,True,37.5,0.0,74.60600280761719,True,True,42.47999954223633,0.0,76.42400360107422,True,True,47.560001373291016,0.0,68.59400177001953,True,True,-25.0,81.0,,,,47.5880012512207,210.0019989013672,48.00199890136719,136.0,34.0,
2021-08-16 05:30:00,,,,,45.290000915527344,0.0,72.1760025024414,True,True,100.0,0.0,74.10199737548828,True,True,49.41999816894531,0.0,75.27200317382812,True,True,89.41000366210938,0.0,72.98600006103516,True,True,43.97999954223633,0.0,73.86799621582031,True,True,52.2599983215332,0.0,70.86199951171875,True,True,52.189998626708984,0.0,70.03399658203125,True,True,72.4000015258789,0.0,75.19999694824219,True,True,42.779998779296875,0.0,74.60600280761719,True,True,70.52999877929688,0.0,76.35199737548828,True,True,47.560001373291016,0.0,68.64800262451172,True,True,-25.0,82.3499984741211,,,,47.75,210.0019989013672,48.145999908447266,144.0,36.0,
2021-08-16 05:45:00,,,,,45.630001068115234,0.0,72.03199768066406,True,True,100.0,0.0,73.86799621582031,True,True,51.150001525878906,0.0,75.34400177001953,True,True,90.54000091552734,0.0,72.697998046875,True,True,41.150001525878906,0.0,73.81400299072266,True,True,51.79999923706055,0.0,70.68199920654297,True,True,52.279998779296875,0.0,70.26799774169922,True,True,68.44999694824219,0.0,75.12799835205078,True,True,40.97999954223633,0.0,74.56999969482422,True,True,49.52000045776367,0.0,76.24400329589844,True,True,50.38999938964844,0.0,68.52200317382812,True,True,-25.0,81.18000030517578,,,,47.534000396728516,210.0019989013672,47.9119987487793,144.0,36.0,
2021-08-16 06:00:00,,,,,49.380001068115234,0.0,71.95999908447266,True,True,100.0,0.0,73.7959976196289,True,True,46.36000061035156,0.0,75.23600006103516,True,True,90.68000030517578,0.0,72.15799713134766,True,True,39.720001220703125,0.0,73.81400299072266,True,True,53.119998931884766,0.0,70.68199920654297,True,True,52.47999954223633,0.0,70.01599884033203,True,True,71.88999938964844,0.0,75.30799865722656,True,True,40.72999954223633,0.0,74.58799743652344,True,True,45.060001373291016,0.0,76.24400329589844,True,True,51.86000061035156,0.0,68.64800262451172,True,True,-25.0,81.86000061035156,,,,47.5880012512207,210.0019989013672,48.02000045776367,136.0,34.0,
2021-08-16 06:15:00,,,,,45.11000061035156,0.0,71.97799682617188,True,True,100.0,0.0,73.61599731445312,True,True,44.31999969482422,0.0,75.30799865722656,True,True,91.05000305175781,0.0,72.48200225830078,True,True,43.95000076293945,0.0,73.77799987792969,True,True,52.0,0.0,70.73600006103516,True,True,52.79999923706055,0.0,69.85399627685547,True,True,73.93000030517578,0.0,75.19999694824219,True,True,46.2400016784668,0.0,74.552001953125,True,True,46.279998779296875,0.0,76.24400329589844,True,True,48.54999923706055,0.0,68.41400146484375,True,True,-25.0,81.44999694824219,,,,47.875999450683594,210.0019989013672,48.236000061035156,144.0,36.0,
2021-08-16 06:30:00,,,,,48.79999923706055,0.0,72.12200164794922,True,True,100.0,0.0,73.77799987792969,True,True,47.81999969482422,0.0,75.19999694824219,True,True,91.38999938964844,0.0,72.78800201416016,True,True,44.5099983215332,0.0,73.76000213623047,True,True,51.959999084472656,0.0,70.75399780273438,True,True,52.77000045776367,0.0,70.08799743652344,True,True,69.18000030517578,0.0,75.16400146484375,True,True,43.029998779296875,0.0,74.552001953125,True,True,47.189998626708984,0.0,76.22599792480469,True,True,48.060001373291016,0.0,68.52200317382812,True,True,-25.0,81.58999633789062,,,,47.731998443603516,210.0019989013672,48.11000061035156,144.0,36.0,
2021-08-16 06:45:00,,,,,49.08000183105469,0.0,72.28399658203125,True,True,100.0,0.0,73.97599792480469,True,True,45.97999954223633,0.0,75.25399780273438,True,True,92.62000274658203,0.0,73.23799896240234,True,True,44.630001068115234,0.0,73.81400299072266,True,True,52.27000045776367,0.0,70.80799865722656,True,True,53.18000030517578,0.0,69.87200164794922,True,True,71.47000122070312,0.0,75.16400146484375,True,True,41.470001220703125,0.0,74.4800033569336,True,True,51.189998626708984,0.0,76.22599792480469,True,True,50.060001373291016,0.0,68.52200317382812,True,True,-25.0,78.36000061035156,,,,47.40800094604492,210.0019989013672,47.7859992980957,144.0,36.0,
2021-08-16 07:00:00,,,,,49.849998474121094,0.0,72.46399688720703,True,True,100.0,0.0,74.13800048828125,True,True,49.0,0.0,75.21800231933594,True,True,92.08000183105469,0.0,72.91400146484375,True,True,46.41999816894531,0.0,73.81400299072266,True,True,52.06999969482422,0.0,71.02400207519531,True,True,52.0099983215332,0.0,70.1780014038086,True,True,72.91000366210938,0.0,75.21800231933594,True,True,40.349998474121094,0.0,74.49800109863281,True,True,44.849998474121094,0.0,76.13600158691406,True,True,51.119998931884766,0.0,68.64800262451172,True,True,-25.0,73.51000213623047,,,,49.316001892089844,210.0019989013672,50.0,136.0,34.0,
2021-08-16 07:15:00,,,,,48.959999084472656,0.0,72.4280014038086,True,True,100.0,0.0,74.38999938964844,True,True,43.77000045776367,0.0,75.27200317382812,True,True,91.88999938964844,0.0,73.00399780273438,True,True,39.959999084472656,0.0,73.7959976196289,True,True,48.650001525878906,0.0,71.2040023803711,True,True,52.400001525878906,0.0,70.1780014038086,True,True,73.19999694824219,0.0,75.14600372314453,True,True,40.130001068115234,0.0,74.53399658203125,True,True,49.36000061035156,0.0,76.1719970703125,True,True,52.66999816894531,0.0,68.7020034790039,True,True,-25.0,73.2300033569336,,,,45.82400131225586,210.0019989013672,46.29199981689453,144.0,36.0,
2021-08-16 07:30:00,,,,,44.83000183105469,0.0,72.64399719238281,True,True,100.0,0.0,74.6240005493164,True,True,41.40999984741211,0.0,75.19999694824219,True,True,85.80999755859375,0.0,73.48999786376953,True,True,43.619998931884766,0.0,73.83200073242188,True,True,53.72999954223633,0.0,71.7979965209961,True,True,51.220001220703125,0.0,70.23200225830078,True,True,72.5199966430664,0.0,75.27200317382812,True,True,39.880001068115234,0.0,74.53399658203125,True,True,49.31999969482422,0.0,76.1719970703125,True,True,45.66999816894531,0.0,68.88200378417969,True,True,-25.0,71.30999755859375,,,,44.077999114990234,210.0019989013672,44.4379997253418,144.0,36.0,
2021-08-16 07:45:00,,,,,47.2599983215332,0.0,72.89600372314453,True,True,100.0,0.0,74.93000030517578,True,True,44.29999923706055,0.0,75.23600006103516,True,True,91.5199966430664,0.0,73.86799621582031,True,True,42.54999923706055,0.0,73.88600158691406,True,True,53.59000015258789,0.0,72.24800109863281,True,True,49.54999923706055,0.0,70.1780014038086,True,True,81.91000366210938,0.0,75.21800231933594,True,True,41.08000183105469,0.0,74.552001953125,True,True,46.72999954223633,0.0,76.15399932861328,True,True,45.66999816894531,0.0,69.04399871826172,True,True,-25.0,70.01000213623047,,,,42.007999420166016,210.0019989013672,42.619998931884766,144.0,36.0,
2021-08-16 08:00:00,,,,,41.560001373291016,0.0,73.36399841308594,True,True,95.38999938964844,0.0,75.0739974975586,True,True,41.58000183105469,0.0,75.16400146484375,True,True,75.58999633789062,0.0,73.7239990234375,True,True,39.61000061035156,0.0,73.90399932861328,True,True,48.400001525878906,0.0,72.73400115966797,True,True,47.150001525878906,0.0,70.1780014038086,True,True,70.3499984741211,0.0,75.29000091552734,True,True,38.83000183105469,0.0,74.51599884033203,True,True,43.95000076293945,0.0,76.15399932861328,True,True,49.380001068115234,0.0,69.13400268554688,True,True,-25.0,68.31999969482422,,,,41.720001220703125,210.0019989013672,42.13399887084961,144.0,36.0,
2021-08-16 08:15:00,,,,,45.16999816894531,0.0,74.28199768066406,True,True,98.68000030517578,0.0,74.91200256347656,True,True,38.029998779296875,0.0,75.09200286865234,True,True,73.44000244140625,0.0,74.06600189208984,True,True,37.189998626708984,0.0,73.86799621582031,True,True,47.0099983215332,0.0,73.16600036621094,True,True,48.189998626708984,0.0,70.19599914550781,True,True,71.58999633789062,0.0,75.30799865722656,True,True,39.720001220703125,0.0,74.40799713134766,True,True,46.25,0.0,76.1719970703125,True,True,43.459999084472656,0.0,69.20600128173828,True,True,-25.0,65.55000305175781,,,,43.59199905395508,210.0019989013672,43.39400100708008,144.0,36.0,
2021-08-16 08:30:00,,,,,47.72999954223633,0.0,74.78600311279297,True,True,100.0,0.0,75.12799835205078,True,True,43.97999954223633,0.0,75.09200286865234,True,True,80.81999969482422,0.0,74.6780014038086,True,True,40.900001525878906,0.0,73.95800018310547,True,True,52.40999984741211,0.0,73.66999816894531,True,True,43.95000076293945,0.0,70.62799835205078,True,True,65.97000122070312,0.0,75.29000091552734,True,True,38.43000030517578,0.0,74.552001953125,True,True,41.75,0.0,76.1719970703125,True,True,45.95000076293945,0.0,70.26799774169922,True,True,-25.0,68.69000244140625,,,,46.5620002746582,210.0019989013672,46.86800003051758,152.0,38.0,
2021-08-16 08:45:00,,,,,50.2400016784668,0.0,75.18199920654297,True,True,100.0,0.0,75.27200317382812,True,True,46.689998626708984,0.0,75.25399780273438,True,True,82.29000091552734,0.0,75.05599975585938,True,True,39.5,0.0,73.97599792480469,True,True,53.0099983215332,0.0,74.66000366210938,True,True,44.220001220703125,0.0,71.18599700927734,True,True,53.81999969482422,1.5,75.32599639892578,True,True,37.70000076293945,0.0,74.64199829101562,True,True,48.56999969482422,0.0,76.35199737548828,True,True,44.970001220703125,0.0,70.62799835205078,True,True,-25.0,71.94000244140625,,,,46.36399841308594,210.0019989013672,47.029998779296875,144.0,36.0,
2021-08-16 09:00:00,,,,,46.02000045776367,0.0,75.39800262451172,True,True,100.0,0.0,75.47000122070312,True,True,44.720001220703125,0.0,75.23600006103516,True,True,86.56999969482422,0.0,74.947998046875,True,True,41.63999938964844,0.0,73.99400329589844,True,True,54.2400016784668,0.0,75.19999694824219,True,True,48.970001220703125,0.0,71.88800048828125,True,True,58.529998779296875,0.0,75.41600036621094,True,True,39.40999984741211,0.0,74.552001953125,True,True,48.97999954223633,0.0,76.47799682617188,True,True,48.349998474121094,0.0,71.56400299072266,True,True,-25.0,71.80999755859375,,,,44.65399932861328,210.0019989013672,45.194000244140625,160.0,40.0,
2021-08-16 09:15:00,,,,,48.650001525878906,0.0,75.9020004272461,True,True,100.0,0.0,75.7760009765625,True,True,43.0,0.0,75.19999694824219,True,True,83.33999633789062,0.0,75.7040023803711,True,True,39.720001220703125,0.0,73.97599792480469,True,True,61.02000045776367,0.0,76.42400360107422,True,True,50.630001068115234,0.0,72.28399658203125,True,True,67.30000305175781,0.0,75.4520034790039,True,True,43.11000061035156,0.0,74.73200225830078,True,True,48.68000030517578,0.0,76.53199768066406,True,True,47.58000183105469,0.0,72.24800109863281,True,True,-25.0,70.55000305175781,,,,50.77399826049805,210.0019989013672,50.55799865722656,152.0,38.0,
2021-08-16 09:30:00,,,,,47.619998931884766,0.0,76.26200103759766,True,True,100.0,0.0,75.75800323486328,True,True,48.16999816894531,0.0,75.27200317382812,True,True,94.08999633789062,0.0,76.11799621582031,True,True,43.56999969482422,0.0,73.99400329589844,True,True,52.81999969482422,0.0,77.10800170898438,True,True,48.59000015258789,0.0,72.58999633789062,True,True,69.2699966430664,0.0,75.63200378417969,True,True,40.560001373291016,0.0,74.80400085449219,True,True,54.31999969482422,0.0,76.58599853515625,True,True,44.400001525878906,0.0,72.5719985961914,True,True,-25.0,75.91000366210938,,,,45.17599868774414,210.0019989013672,45.87799835205078,152.0,38.0,
2021-08-16 09:45:00,,,,,44.310001373291016,0.0,76.9280014038086,True,True,100.0,0.0,76.15399932861328,True,True,43.779998779296875,0.0,75.18199920654297,True,True,88.55999755859375,0.0,76.13600158691406,True,True,39.93000030517578,0.0,73.97599792480469,True,True,49.4900016784668,0.0,77.48600006103516,True,True,45.90999984741211,0.0,73.14800262451172,True,True,68.27999877929688,0.0,75.55999755859375,True,True,38.720001220703125,0.0,74.8759994506836,True,True,50.16999816894531,0.0,76.6760025024414,True,True,49.400001525878906,0.0,73.43599700927734,True,True,-25.0,73.86000061035156,,,,43.880001068115234,210.0019989013672,44.4379997253418,152.0,38.0,
2021-08-16 10:00:00,,,,,43.59000015258789,0.0,77.1259994506836,True,True,100.0,0.0,76.38800048828125,True,True,40.5099983215332,0.0,75.16400146484375,True,True,89.98999786376953,0.0,76.49600219726562,True,True,42.81999969482422,0.0,73.99400329589844,True,True,49.43000030517578,0.0,78.5479965209961,True,True,52.5,0.0,73.61599731445312,True,True,69.08000183105469,0.0,75.63200378417969,True,True,47.869998931884766,0.0,74.91200256347656,True,True,52.45000076293945,0.0,76.63999938964844,True,True,56.86000061035156,0.0,73.99400329589844,True,True,-25.0,72.31999969482422,,,,43.2140007019043,210.0019989013672,43.66400146484375,160.0,40.0,
2021-08-16 10:15:00,,,,,42.5099983215332,0.0,77.86399841308594,True,True,96.05999755859375,0.0,76.6760025024414,True,True,38.86000061035156,0.0,75.18199920654297,True,True,88.05999755859375,0.0,77.39600372314453,True,True,37.41999816894531,0.0,73.94000244140625,True,True,46.40999984741211,0.0,79.59200286865234,True,True,47.11000061035156,0.0,74.22799682617188,True,True,66.97000122070312,0.0,75.63200378417969,True,True,44.130001068115234,0.0,74.93000030517578,True,True,41.83000183105469,0.0,76.6760025024414,True,True,45.470001220703125,0.0,74.552001953125,True,True,-25.0,72.87000274658203,,,,43.0880012512207,210.0019989013672,43.39400100708008,152.0,38.0,
2021-08-16 10:30:00,,,,,43.720001220703125,0.0,78.1520004272461,True,True,99.4800033569336,0.0,76.9280014038086,True,True,42.9900016784668,0.0,75.18199920654297,True,True,90.87000274658203,0.0,77.21600341796875,True,True,37.2599983215332,0.0,74.02999877929688,True,True,45.02000045776367,0.0,78.81800079345703,True,True,48.529998779296875,0.0,74.64199829101562,True,True,63.31999969482422,0.0,75.52400207519531,True,True,41.47999954223633,0.0,74.91200256347656,True,True,44.599998474121094,0.0,76.71199798583984,True,True,49.22999954223633,0.0,75.66799926757812,True,True,-25.0,72.48999786376953,,,,43.80799865722656,210.0019989013672,44.2400016784668,152.0,38.0,
2021-08-16 10:45:00,,,,,43.59000015258789,0.0,78.24199676513672,True,True,100.0,0.0,77.197998046875,True,True,42.5,0.0,75.19999694824219,True,True,83.19000244140625,0.0,77.46800231933594,True,True,39.400001525878906,0.0,73.97599792480469,True,True,50.52000045776367,0.0,79.82599639892578,True,True,44.93000030517578,0.0,75.41600036621094,True,True,65.12999725341797,0.0,75.61399841308594,True,True,41.77000045776367,0.0,74.93000030517578,True,True,48.810001373291016,0.0,76.71199798583984,True,True,43.43000030517578,0.0,76.26200103759766,True,True,-25.0,71.3499984741211,,,,42.422000885009766,210.0019989013672,43.01599884033203,160.0,40.0,
2021-08-16 11:00:00,,,,,44.779998779296875,0.0,78.63800048828125,True,True,94.0,0.0,76.56800079345703,True,True,40.689998626708984,0.0,75.14600372314453,True,True,76.55000305175781,0.0,77.14399719238281,True,True,45.290000915527344,0.0,74.0479965209961,True,True,44.38999938964844,0.0,80.5999984741211,True,True,45.400001525878906,0.0,76.0459976196289,True,True,59.59000015258789,0.0,75.5780029296875,True,True,42.5099983215332,0.0,74.947998046875,True,True,43.130001068115234,0.0,76.71199798583984,True,True,48.349998474121094,0.0,77.34200286865234,True,True,-25.0,71.31999969482422,,,,46.849998474121094,210.0019989013672,47.678001403808594,152.0,38.0,
2021-08-16 11:15:00,,,,,42.790000915527344,0.0,78.9260025024414,True,True,99.48999786376953,0.0,76.13600158691406,True,True,42.560001373291016,0.0,75.19999694824219,True,True,75.58999633789062,0.0,77.39600372314453,True,True,42.77000045776367,0.0,74.0479965209961,True,True,49.400001525878906,0.0,81.35600280761719,True,True,46.709999084472656,0.0,76.26200103759766,True,True,66.12000274658203,0.0,75.7040023803711,True,True,45.79999923706055,0.0,74.98400115966797,True,True,43.38999938964844,0.0,76.65799713134766,True,True,49.75,0.0,77.73799896240234,True,True,-25.0,69.62000274658203,,,,46.7599983215332,210.0019989013672,46.43600082397461,160.0,40.0,
2021-08-16 11:30:00,,,,,47.5099983215332,0.0,79.66400146484375,True,True,100.0,0.0,76.31600189208984,True,True,42.83000183105469,0.0,75.27200317382812,True,True,79.70999908447266,0.0,77.86399841308594,True,True,46.25,0.0,74.0479965209961,True,True,49.77000045776367,0.0,81.91400146484375,True,True,45.650001525878906,0.0,76.74800109863281,True,True,62.0,0.0,75.63200378417969,True,True,42.130001068115234,0.0,74.91200256347656,True,True,39.650001525878906,0.0,76.6760025024414,True,True,46.540000915527344,0.0,77.80999755859375,True,True,-25.0,71.76000213623047,,,,47.46200180053711,210.0019989013672,47.5880012512207,152.0,38.0,
2021-08-16 11:45:00,,,,,49.290000915527344,0.0,79.35800170898438,True,True,100.0,0.0,76.49600219726562,True,True,41.939998626708984,0.0,75.36199951171875,True,True,81.6500015258789,0.0,78.40399932861328,True,True,44.459999084472656,0.0,74.15599822998047,True,True,48.959999084472656,0.0,82.25599670410156,True,True,47.06999969482422,0.0,77.16200256347656,True,True,62.779998779296875,0.0,75.7040023803711,True,True,41.439998626708984,0.0,74.947998046875,True,True,47.790000915527344,0.0,76.71199798583984,True,True,55.7599983215332,0.0,78.2239990234375,True,True,-25.0,77.30000305175781,,,,47.354000091552734,210.0019989013672,47.49800109863281,152.0,38.0,
2021-08-16 12:00:00,,,,,44.849998474121094,0.0,79.53800201416016,True,True,100.0,0.0,76.71199798583984,True,True,48.75,0.0,75.43399810791016,True,True,81.31999969482422,0.0,79.30400085449219,True,True,47.72999954223633,0.0,74.26399993896484,True,True,55.61000061035156,0.0,82.77799987792969,True,True,52.209999084472656,0.0,77.79199981689453,True,True,63.20000076293945,0.0,75.68599700927734,True,True,43.040000915527344,0.0,74.947998046875,True,True,45.560001373291016,0.0,76.7300033569336,True,True,59.56999969482422,0.0,78.9260025024414,True,True,-25.0,74.0999984741211,,,,46.07600021362305,210.0019989013672,46.7239990234375,160.0,40.0,
2021-08-16 12:15:00,,,,,49.779998779296875,0.0,80.16799926757812,True,True,100.0,0.0,77.23400115966797,True,True,48.77000045776367,0.0,75.4520034790039,True,True,79.33000183105469,0.0,79.28600311279297,True,True,43.41999816894531,0.0,74.30000305175781,True,True,54.150001525878906,0.0,82.12999725341797,True,True,49.83000183105469,0.0,78.24199676513672,True,True,68.75,0.0,75.95600128173828,True,True,40.540000915527344,0.0,74.91200256347656,True,True,48.65999984741211,0.0,76.74800109863281,True,True,58.220001220703125,0.0,79.43000030517578,True,True,-25.0,75.36000061035156,,,,46.11199951171875,210.0019989013672,46.7239990234375,160.0,40.0,
2021-08-16 12:30:00,,,,,50.18000030517578,0.0,79.91600036621094,True,True,96.5,0.0,75.9739990234375,True,True,45.459999084472656,0.0,75.48799896240234,True,True,83.62000274658203,0.0,78.83599853515625,True,True,43.369998931884766,0.0,74.31800079345703,True,True,76.6500015258789,0.0,81.80599975585938,True,True,52.81999969482422,0.0,78.72799682617188,True,True,71.66999816894531,0.0,75.99199676513672,True,True,46.220001220703125,0.0,74.947998046875,True,True,47.720001220703125,0.0,76.74800109863281,True,True,57.040000915527344,0.0,80.29399871826172,True,True,-25.0,73.86000061035156,,,,46.4900016784668,210.0019989013672,46.95800018310547,160.0,40.0,
2021-08-16 12:45:00,,,,,50.95000076293945,0.0,80.09600067138672,True,True,100.0,0.0,76.49600219726562,True,True,43.060001373291016,0.0,75.50599670410156,True,True,78.91000366210938,0.0,79.21399688720703,True,True,46.16999816894531,0.0,74.40799713134766,True,True,60.189998626708984,0.0,82.6520004272461,True,True,48.08000183105469,0.0,79.28600311279297,True,True,68.44000244140625,0.0,76.0459976196289,True,True,39.939998626708984,0.0,74.947998046875,True,True,51.869998931884766,0.0,76.89199829101562,True,True,52.70000076293945,0.0,80.69000244140625,True,True,-25.0,72.33999633789062,,,,46.507999420166016,210.0019989013672,46.7239990234375,152.0,38.0,
2021-08-16 13:00:00,,,,,45.689998626708984,0.0,80.04199981689453,True,True,100.0,0.0,77.03600311279297,True,True,42.08000183105469,0.0,75.43399810791016,True,True,80.19999694824219,0.0,79.55599975585938,True,True,66.48999786376953,0.0,74.37200164794922,True,True,52.11000061035156,0.0,81.26599884033203,True,True,48.06999969482422,0.0,79.01599884033203,True,True,70.94000244140625,0.0,75.9739990234375,True,True,40.77000045776367,0.0,74.96600341796875,True,True,47.22999954223633,0.0,76.89199829101562,True,True,55.43000030517578,0.0,80.43800354003906,True,True,-25.0,76.5199966430664,,,,46.597999572753906,210.0019989013672,46.832000732421875,152.0,38.0,
2021-08-16 13:15:00,,,,,50.22999954223633,0.0,80.31199645996094,True,True,94.29000091552734,0.0,77.21600341796875,True,True,42.27000045776367,0.0,75.52400207519531,True,True,75.19000244140625,0.0,79.62799835205078,True,True,42.849998474121094,0.0,74.44400024414062,True,True,54.34000015258789,0.0,81.64399719238281,True,True,48.70000076293945,0.0,79.08799743652344,True,True,68.41999816894531,0.0,75.95600128173828,True,True,43.56999969482422,0.0,74.98400115966797,True,True,44.13999938964844,0.0,76.89199829101562,True,True,53.209999084472656,0.0,80.58200073242188,True,True,-25.0,73.80999755859375,,,,46.34600067138672,210.0019989013672,46.6879997253418,152.0,38.0,
2021-08-16 13:30:00,,,,,49.119998931884766,0.0,79.9520034790039,True,True,99.3499984741211,0.0,77.0,True,True,42.40999984741211,0.0,75.47000122070312,True,True,74.0999984741211,0.0,79.71800231933594,True,True,44.68000030517578,0.0,74.60600280761719,True,True,50.61000061035156,0.0,81.75199890136719,True,True,48.689998626708984,0.0,79.10600280761719,True,True,68.63999938964844,0.0,75.86599731445312,True,True,42.029998779296875,0.0,75.0199966430664,True,True,48.790000915527344,0.0,76.89199829101562,True,True,59.08000183105469,0.0,81.19400024414062,True,True,-25.0,73.81999969482422,,,,46.237998962402344,210.0019989013672,46.7239990234375,160.0,40.0,
2021-08-16 13:45:00,,,,,49.279998779296875,0.0,79.5739974975586,True,True,96.69999694824219,0.0,76.6760025024414,True,True,42.209999084472656,0.0,75.48799896240234,True,True,76.5,0.0,79.80799865722656,True,True,44.25,0.0,74.46199798583984,True,True,54.27000045776367,0.0,81.87799835205078,True,True,48.86000061035156,0.0,79.052001953125,True,True,64.6500015258789,0.0,75.79399871826172,True,True,40.63999938964844,0.0,75.09200286865234,True,True,47.09000015258789,0.0,76.89199829101562,True,True,60.0099983215332,0.0,81.44599914550781,True,True,-25.0,76.33999633789062,,,,46.27399826049805,210.0019989013672,46.54399871826172,160.0,40.0,
2021-08-16 14:00:00,,,,,43.08000183105469,0.0,77.77400207519531,True,True,94.94999694824219,0.0,76.6760025024414,True,True,41.22999954223633,0.0,75.50599670410156,True,True,72.68000030517578,0.0,79.91600036621094,True,True,49.02000045776367,0.0,74.60600280761719,True,True,53.52000045776367,0.0,81.98600006103516,True,True,48.52000045776367,0.0,78.96199798583984,True,True,66.81999969482422,0.0,75.95600128173828,True,True,45.84000015258789,0.0,75.09200286865234,True,True,44.91999816894531,0.0,77.05400085449219,True,True,60.06999969482422,0.0,80.25800323486328,True,True,-25.0,73.80000305175781,,,,46.327999114990234,210.0019989013672,46.832000732421875,152.0,38.0,
2021-08-16 14:15:00,,,,,48.61000061035156,0.0,78.67400360107422,True,True,100.0,0.0,76.8740005493164,True,True,45.40999984741211,0.0,75.50599670410156,True,True,72.37999725341797,0.0,80.23999786376953,True,True,43.959999084472656,0.0,74.56999969482422,True,True,50.060001373291016,0.0,82.25599670410156,True,True,48.25,0.0,78.67400360107422,True,True,66.80999755859375,0.0,75.88400268554688,True,True,41.86000061035156,0.0,75.11000061035156,True,True,46.58000183105469,0.0,77.0719985961914,True,True,56.9900016784668,0.0,79.61000061035156,True,True,-25.0,72.80000305175781,,,,46.36399841308594,210.0019989013672,46.70600128173828,160.0,40.0,
2021-08-16 14:30:00,,,,,49.47999954223633,0.0,80.02400207519531,True,True,100.0,0.0,77.57599639892578,True,True,41.16999816894531,0.0,75.4520034790039,True,True,70.93000030517578,0.0,80.09600067138672,True,True,43.22999954223633,0.0,74.552001953125,True,True,57.31999969482422,0.0,82.07599639892578,True,True,47.66999816894531,0.0,79.1780014038086,True,True,68.0199966430664,0.0,76.11799621582031,True,True,44.83000183105469,0.0,75.09200286865234,True,True,55.0099983215332,0.0,77.1259994506836,True,True,65.41000366210938,0.0,80.1500015258789,True,True,-25.0,70.8499984741211,,,,46.507999420166016,210.0019989013672,46.922000885009766,160.0,40.0,
2021-08-16 14:45:00,,,,,50.02000045776367,0.0,79.82599639892578,True,True,100.0,0.0,77.61199951171875,True,True,41.650001525878906,0.0,75.54199981689453,True,True,69.8499984741211,0.0,80.2760009765625,True,True,44.7400016784668,0.0,74.64199829101562,True,True,50.16999816894531,0.0,82.12999725341797,True,True,48.52000045776367,0.0,79.64600372314453,True,True,68.55000305175781,0.0,76.0459976196289,True,True,41.13999938964844,0.0,75.16400146484375,True,True,50.529998779296875,0.0,77.25199890136719,True,True,56.27000045776367,0.0,80.87000274658203,True,True,-25.0,76.16000366210938,,,,46.05799865722656,210.0019989013672,46.400001525878906,152.0,38.0,
2021-08-16 15:00:00,,,,,43.560001373291016,0.0,78.90799713134766,True,True,93.33999633789062,0.0,77.03600311279297,True,True,43.79999923706055,0.0,75.4520034790039,True,True,68.62000274658203,0.0,80.16799926757812,True,True,44.88999938964844,0.0,74.6240005493164,True,True,52.9900016784668,0.0,81.93199920654297,True,True,48.7599983215332,0.0,80.11399841308594,True,True,68.33000183105469,0.0,76.13600158691406,True,True,42.34000015258789,0.0,75.19999694824219,True,True,52.380001068115234,0.0,77.39600372314453,True,True,60.029998779296875,0.0,81.12200164794922,True,True,-25.0,73.79000091552734,,,,45.82400131225586,210.0019989013672,46.36399841308594,160.0,40.0,
2021-08-16 15:15:00,,,,,43.4900016784668,0.0,80.2040023803711,True,True,91.94000244140625,0.0,77.14399719238281,True,True,40.66999816894531,0.0,75.37999725341797,True,True,67.72000122070312,0.0,79.91600036621094,True,True,44.290000915527344,0.0,74.58799743652344,True,True,48.900001525878906,0.0,81.12200164794922,True,True,47.720001220703125,0.0,79.79000091552734,True,True,65.69999694824219,0.0,76.20800018310547,True,True,43.40999984741211,0.0,75.27200317382812,True,True,50.70000076293945,0.0,77.37799835205078,True,True,55.38999938964844,0.0,80.51000213623047,True,True,-25.0,73.70999908447266,,,,45.75199890136719,210.0019989013672,46.27399826049805,152.0,38.0,
2021-08-16 15:30:00,,,,,43.189998626708984,0.0,78.81800079345703,True,True,95.45999908447266,0.0,76.47799682617188,True,True,40.459999084472656,0.0,75.4520034790039,True,True,66.2699966430664,0.0,80.3479995727539,True,True,46.130001068115234,0.0,74.69599914550781,True,True,53.68000030517578,0.0,81.94999694824219,True,True,46.470001220703125,0.0,79.62799835205078,True,True,67.41999816894531,0.0,76.27999877929688,True,True,41.2400016784668,0.0,75.27200317382812,True,True,52.939998626708984,0.0,77.39600372314453,True,True,54.900001525878906,0.0,80.25800323486328,True,True,-25.0,73.31999969482422,,,,45.75199890136719,210.0019989013672,46.16600036621094,160.0,40.0,
2021-08-16 15:45:00,,,,,45.459999084472656,0.0,80.56400299072266,True,True,93.95999908447266,0.0,77.21600341796875,True,True,40.34000015258789,0.0,75.41600036621094,True,True,60.529998779296875,0.0,80.65399932861328,True,True,45.13999938964844,0.0,74.6780014038086,True,True,54.81999969482422,0.0,82.41799926757812,True,True,47.400001525878906,0.0,79.447998046875,True,True,64.52999877929688,0.0,76.1719970703125,True,True,39.63999938964844,0.0,75.27200317382812,True,True,52.0,0.0,77.43199920654297,True,True,51.970001220703125,0.0,80.09600067138672,True,True,-25.0,72.8499984741211,,,,45.78799819946289,210.0019989013672,46.14799880981445,152.0,38.0,
2021-08-16 16:00:00,,,,,45.369998931884766,0.0,80.92400360107422,True,True,98.45999908447266,0.0,77.79199981689453,True,True,39.65999984741211,0.0,75.41600036621094,True,True,63.130001068115234,0.0,80.2760009765625,True,True,43.61000061035156,0.0,74.75,True,True,48.220001220703125,0.0,81.697998046875,True,True,47.720001220703125,0.0,80.09600067138672,True,True,67.33999633789062,0.0,76.1719970703125,True,True,45.45000076293945,0.0,75.29000091552734,True,True,53.689998626708984,0.0,77.44999694824219,True,True,51.380001068115234,0.0,81.2300033569336,True,True,-25.0,72.88999938964844,,,,45.5359992980957,210.0019989013672,46.05799865722656,160.0,40.0,
2021-08-16 16:15:00,,,,,43.02000045776367,0.0,79.48400115966797,True,True,100.0,0.0,77.86399841308594,True,True,39.0,0.0,75.4520034790039,True,True,60.970001220703125,0.0,80.33000183105469,True,True,43.130001068115234,0.0,74.73200225830078,True,True,47.459999084472656,0.0,81.08599853515625,True,True,46.45000076293945,0.0,80.5999984741211,True,True,69.11000061035156,0.0,76.27999877929688,True,True,41.25,0.0,75.27200317382812,True,True,50.810001373291016,0.0,77.46800231933594,True,True,57.900001525878906,0.0,82.30999755859375,True,True,-25.0,72.94999694824219,,,,45.571998596191406,210.0019989013672,45.895999908447266,152.0,38.0,
2021-08-16 16:30:00,,,,,43.52000045776367,0.0,80.58200073242188,True,True,91.91999816894531,0.0,77.21600341796875,True,True,39.5,0.0,75.50599670410156,True,True,59.310001373291016,0.0,80.56400299072266,True,True,42.90999984741211,0.0,74.6240005493164,True,True,43.060001373291016,0.0,82.30999755859375,True,True,46.369998931884766,0.0,80.00599670410156,True,True,63.45000076293945,0.0,76.06400299072266,True,True,48.790000915527344,0.0,75.30799865722656,True,True,51.29999923706055,0.0,77.57599639892578,True,True,57.029998779296875,0.0,81.55400085449219,True,True,-25.0,71.80999755859375,,,,45.6619987487793,210.0019989013672,46.25600051879883,152.0,38.0,
2021-08-16 16:45:00,,,,,42.720001220703125,0.0,81.28399658203125,True,True,94.73999786376953,0.0,77.03600311279297,True,True,39.15999984741211,0.0,75.4520034790039,True,True,56.75,0.0,80.45600128173828,True,True,41.7599983215332,0.0,74.58799743652344,True,True,53.369998931884766,0.0,82.29199981689453,True,True,46.130001068115234,0.0,80.58200073242188,True,True,69.11000061035156,0.0,76.06400299072266,True,True,43.56999969482422,0.0,75.29000091552734,True,True,42.61000061035156,0.0,77.61199951171875,True,True,58.529998779296875,0.0,82.04000091552734,True,True,-25.0,74.69999694824219,,,,44.00600051879883,210.0019989013672,44.56399917602539,152.0,38.0,
2021-08-16 17:00:00,,,,,39.439998626708984,0.0,80.56400299072266,True,True,96.11000061035156,0.0,78.06199645996094,True,True,34.93000030517578,0.0,75.52400207519531,True,True,52.68000030517578,0.0,80.31199645996094,True,True,41.849998474121094,0.0,74.66000366210938,True,True,45.04999923706055,0.0,81.46399688720703,True,True,46.2599983215332,0.0,80.3479995727539,True,True,65.63999938964844,0.0,76.26200103759766,True,True,43.29999923706055,0.0,75.25399780273438,True,True,46.38999938964844,0.0,77.61199951171875,True,True,56.810001373291016,0.0,82.16600036621094,True,True,-25.0,66.86000061035156,,,,41.125999450683594,210.0019989013672,41.59400177001953,152.0,38.0,
2021-08-16 17:15:00,,,,,72.33000183105469,0.0,80.97799682617188,True,True,92.75,0.0,78.74600219726562,True,True,40.56999969482422,0.0,75.36199951171875,True,True,46.81999969482422,0.0,79.68199920654297,True,True,40.810001373291016,0.0,74.51599884033203,True,True,44.02000045776367,0.0,80.49199676513672,True,True,46.060001373291016,0.0,80.49199676513672,True,True,64.73999786376953,0.0,76.1719970703125,True,True,41.18000030517578,0.0,75.27200317382812,True,True,55.279998779296875,0.0,77.61199951171875,True,True,59.18000030517578,0.0,81.84200286865234,True,True,-25.0,60.81999969482422,,,,43.71799850463867,210.0019989013672,42.242000579833984,144.0,36.0,
2021-08-16 17:30:00,,,,,39.20000076293945,0.0,79.14199829101562,True,True,100.0,0.0,76.51399993896484,True,True,40.36000061035156,0.0,75.54199981689453,True,True,64.83999633789062,0.0,79.93399810791016,True,True,41.5099983215332,0.0,74.552001953125,True,True,61.290000915527344,0.0,80.81600189208984,True,True,43.22999954223633,0.0,80.00599670410156,True,True,59.689998626708984,0.0,76.08200073242188,True,True,38.9900016784668,0.0,75.32599639892578,True,True,46.459999084472656,0.0,77.62999725341797,True,True,56.040000915527344,0.0,81.3740005493164,True,True,-25.0,70.25,,,,46.45399856567383,210.0019989013672,46.922000885009766,136.0,34.0,
2021-08-16 17:45:00,,,,,45.689998626708984,0.0,80.58200073242188,True,True,100.0,0.0,76.15399932861328,True,True,39.15999984741211,0.0,75.4520034790039,True,True,50.779998779296875,0.0,79.73600006103516,True,True,44.22999954223633,0.0,74.64199829101562,True,True,48.58000183105469,0.0,80.43800354003906,True,True,42.2400016784668,0.0,80.0780029296875,True,True,55.380001068115234,0.0,75.95600128173828,True,True,39.45000076293945,0.0,75.36199951171875,True,True,44.939998626708984,0.0,77.61199951171875,True,True,56.869998931884766,0.0,81.1760025024414,True,True,-25.0,62.310001373291016,,,,46.20199966430664,210.0019989013672,46.54399871826172,144.0,36.0,
2021-08-16 18:00:00,,,,,46.4900016784668,0.0,80.5999984741211,True,True,95.93000030517578,0.0,76.33399963378906,True,True,40.279998779296875,0.0,75.52400207519531,True,True,54.0,0.0,79.62799835205078,True,True,44.9900016784668,0.0,74.64199829101562,True,True,54.880001068115234,0.0,80.23999786376953,True,True,54.849998474121094,0.0,79.62799835205078,True,True,58.560001373291016,0.0,75.93800354003906,True,True,46.7599983215332,0.0,75.27200317382812,True,True,46.40999984741211,0.0,77.73799896240234,True,True,62.939998626708984,0.0,80.69000244140625,True,True,-25.0,62.31999969482422,,,,46.20199966430664,210.0019989013672,46.77799987792969,144.0,36.0,
2021-08-16 18:15:00,,,,,45.97999954223633,0.0,80.05999755859375,True,True,99.54000091552734,0.0,76.1719970703125,True,True,43.16999816894531,0.0,75.54199981689453,True,True,52.689998626708984,0.0,79.35800170898438,True,True,41.380001068115234,0.0,74.58799743652344,True,True,47.04999923706055,0.0,80.38400268554688,True,True,48.150001525878906,0.0,79.447998046875,True,True,64.48999786376953,0.0,76.11799621582031,True,True,47.79999923706055,0.0,75.39800262451172,True,True,44.150001525878906,0.0,77.73799896240234,True,True,56.400001525878906,0.0,80.22200012207031,True,True,-25.0,60.63999938964844,,,,46.5260009765625,210.0019989013672,46.90399932861328,144.0,36.0,
2021-08-16 18:30:00,,,,,48.04999923706055,0.0,79.26799774169922,True,True,95.76000213623047,0.0,75.7760009765625,True,True,41.02000045776367,0.0,75.50599670410156,True,True,50.599998474121094,0.0,78.94400024414062,True,True,42.52000045776367,0.0,74.51599884033203,True,True,47.5099983215332,0.0,79.69999694824219,True,True,48.029998779296875,0.0,78.80000305175781,True,True,60.5099983215332,0.0,76.0999984741211,True,True,44.18000030517578,0.0,75.32599639892578,True,True,42.90999984741211,0.0,77.66600036621094,True,True,58.88999938964844,0.0,79.5739974975586,True,True,-25.0,63.7400016784668,,,,46.742000579833984,210.0019989013672,47.49800109863281,136.0,34.0,
2021-08-16 18:45:00,,,,,46.439998626708984,0.0,78.45800018310547,True,True,100.0,0.0,75.9020004272461,True,True,41.33000183105469,0.0,75.50599670410156,True,True,51.81999969482422,0.0,79.01599884033203,True,True,46.43000030517578,0.0,74.53399658203125,True,True,53.18000030517578,0.0,79.08799743652344,True,True,45.81999969482422,0.0,78.5479965209961,True,True,62.099998474121094,0.0,76.0999984741211,True,True,43.86000061035156,0.0,75.29000091552734,True,True,45.34000015258789,0.0,77.55799865722656,True,True,53.59000015258789,0.0,78.99800109863281,True,True,-25.0,66.3499984741211,,,,46.45399856567383,210.0019989013672,46.86800003051758,144.0,36.0,
2021-08-16 19:00:00,,,,,40.36000061035156,0.0,77.91799926757812,True,True,100.0,0.0,75.95600128173828,True,True,43.83000183105469,0.0,75.48799896240234,True,True,49.290000915527344,0.0,78.11599731445312,True,True,45.540000915527344,0.0,74.44400024414062,True,True,48.29999923706055,0.0,77.84600067138672,True,True,46.72999954223633,0.0,77.91799926757812,True,True,66.23999786376953,0.0,75.99199676513672,True,True,40.27000045776367,0.0,75.27200317382812,True,True,48.66999816894531,0.0,77.50399780273438,True,True,52.689998626708984,0.0,77.91799926757812,True,True,-25.0,69.9000015258789,,,,45.95000076293945,210.0019989013672,46.38199996948242,136.0,34.0,
2021-08-16 19:15:00,,,,,47.04999923706055,0.0,77.30599975585938,True,True,100.0,0.0,76.47799682617188,True,True,39.7599983215332,0.0,75.4520034790039,True,True,50.189998626708984,0.0,76.96399688720703,True,True,41.11000061035156,0.0,74.56999969482422,True,True,47.61000061035156,0.0,76.71199798583984,True,True,49.58000183105469,0.0,77.1259994506836,True,True,61.849998474121094,0.0,75.86599731445312,True,True,42.27000045776367,0.0,75.09200286865234,True,True,49.45000076293945,0.0,77.50399780273438,True,True,51.59000015258789,0.0,76.83799743652344,True,True,-25.0,76.36000061035156,,,,45.77000045776367,210.0019989013672,46.25600051879883,136.0,34.0,
2021-08-16 19:30:00,,,,,43.47999954223633,0.0,76.8740005493164,True,True,100.0,0.0,76.24400329589844,True,True,39.689998626708984,0.0,75.4520034790039,True,True,60.22999954223633,0.0,75.75800323486328,True,True,41.16999816894531,0.0,74.51599884033203,True,True,45.650001525878906,0.0,75.9739990234375,True,True,49.77000045776367,0.0,76.71199798583984,True,True,63.13999938964844,0.0,76.02799987792969,True,True,41.43000030517578,0.0,75.16400146484375,True,True,50.939998626708984,0.0,77.37799835205078,True,True,51.4900016784668,0.0,76.2979965209961,True,True,-25.0,69.7699966430664,,,,46.597999572753906,210.0019989013672,46.90399932861328,144.0,36.0,
2021-08-16 19:45:00,,,,,40.70000076293945,0.0,76.22599792480469,True,True,100.0,0.0,75.81199645996094,True,True,44.040000915527344,0.0,75.50599670410156,True,True,63.02000045776367,0.0,75.52400207519531,True,True,42.18000030517578,0.0,74.46199798583984,True,True,48.40999984741211,0.0,75.4520034790039,True,True,48.7400016784668,0.0,75.95600128173828,True,True,63.47999954223633,0.0,75.7760009765625,True,True,39.5099983215332,0.0,75.16400146484375,True,True,47.31999969482422,0.0,77.3239974975586,True,True,51.84000015258789,0.0,75.19999694824219,True,True,-25.0,70.19999694824219,,,,45.73400115966797,210.0019989013672,46.220001220703125,136.0,34.0,
2021-08-16 20:00:00,,,,,45.18000030517578,0.0,75.95600128173828,True,True,100.0,0.0,75.61399841308594,True,True,0.0,0.0,76.26200103759766,True,True,61.91999816894531,0.0,75.00199890136719,True,True,46.08000183105469,0.0,74.4800033569336,True,True,50.869998931884766,0.0,75.54199981689453,True,True,48.56999969482422,0.0,75.30799865722656,True,True,60.189998626708984,0.0,75.75800323486328,True,True,39.83000183105469,0.0,75.18199920654297,True,True,39.880001068115234,0.0,77.3239974975586,True,True,55.54999923706055,0.0,74.28199768066406,True,True,-25.0,68.98999786376953,,,,45.44599914550781,210.0019989013672,45.895999908447266,144.0,36.0,
2021-08-16 20:15:00,,,,,45.68000030517578,0.0,75.61399841308594,True,True,95.76000213623047,0.0,75.59600067138672,True,True,0.0,0.0,75.73999786376953,True,True,62.369998931884766,0.0,74.83999633789062,True,True,40.04999923706055,0.0,74.44400024414062,True,True,52.2400016784668,0.0,75.00199890136719,True,True,51.189998626708984,0.0,74.78600311279297,True,True,65.81999969482422,0.0,75.81199645996094,True,True,41.90999984741211,0.0,75.14600372314453,True,True,44.599998474121094,0.0,77.18000030517578,True,True,52.09000015258789,0.0,73.58000183105469,True,True,-25.0,69.11000061035156,,,,45.17599868774414,210.0019989013672,45.625999450683594,144.0,36.0,
2021-08-16 20:30:00,,,,,39.97999954223633,0.0,75.4520034790039,True,True,100.0,0.0,75.41600036621094,True,True,0.0,0.0,75.50599670410156,True,True,62.130001068115234,0.0,74.49800109863281,True,True,41.66999816894531,0.0,74.38999938964844,True,True,47.90999984741211,0.0,74.64199829101562,True,True,48.61000061035156,0.0,74.44400024414062,True,True,60.220001220703125,0.0,75.61399841308594,True,True,41.060001373291016,0.0,75.14600372314453,True,True,47.63999938964844,0.0,77.14399719238281,True,True,50.34000015258789,0.0,73.22000122070312,True,True,-25.0,70.61000061035156,,,,45.013999938964844,210.0019989013672,45.35599899291992,136.0,34.0,
2021-08-16 20:45:00,,,,,42.04999923706055,0.0,75.03800201416016,True,True,100.0,0.0,75.34400177001953,True,True,0.0,0.0,75.19999694824219,True,True,62.459999084472656,0.0,74.56999969482422,True,True,40.689998626708984,0.0,74.37200164794922,True,True,51.220001220703125,0.0,74.30000305175781,True,True,47.650001525878906,0.0,73.90399932861328,True,True,62.720001220703125,0.0,75.68599700927734,True,True,40.5099983215332,0.0,75.00199890136719,True,True,46.540000915527344,0.0,77.0719985961914,True,True,48.689998626708984,0.0,72.66200256347656,True,True,-25.0,67.18000030517578,,,,44.61800003051758,210.0019989013672,45.12200164794922,136.0,34.0,
2021-08-16 21:00:00,,,,,47.650001525878906,0.0,74.83999633789062,True,True,100.0,0.0,75.03800201416016,True,True,0.0,0.0,74.947998046875,True,True,64.63999938964844,0.0,74.49800109863281,True,True,45.95000076293945,0.0,74.37200164794922,True,True,46.15999984741211,0.0,73.83200073242188,True,True,47.220001220703125,0.0,73.76000213623047,True,True,61.970001220703125,0.0,75.61399841308594,True,True,39.349998474121094,0.0,75.12799835205078,True,True,47.84000015258789,0.0,76.96399688720703,True,True,48.689998626708984,0.0,72.35600280761719,True,True,-25.0,67.80000305175781,,,,44.54600143432617,210.0019989013672,44.92399978637695,136.0,34.0,
2021-08-16 21:15:00,,,,,42.86000061035156,0.0,74.64199829101562,True,True,100.0,0.0,75.11000061035156,True,True,51.209999084472656,0.0,75.12799835205078,True,True,60.66999816894531,0.0,74.26399993896484,True,True,40.86000061035156,0.0,74.37200164794922,True,True,48.0,0.0,74.13800048828125,True,True,46.349998474121094,0.0,73.4540023803711,True,True,62.5,0.0,75.66799926757812,True,True,41.75,0.0,75.09200286865234,True,True,42.029998779296875,0.0,76.94599914550781,True,True,50.349998474121094,0.0,72.10399627685547,True,True,-25.0,76.48999786376953,,,,44.2760009765625,210.0019989013672,44.79800033569336,144.0,36.0,
2021-08-16 21:30:00,,,,,42.4900016784668,0.0,74.46199798583984,True,True,100.0,0.0,74.76799774169922,True,True,43.849998474121094,0.0,75.30799865722656,True,True,60.15999984741211,0.0,74.12000274658203,True,True,39.34000015258789,0.0,74.30000305175781,True,True,49.75,0.0,73.61599731445312,True,True,46.13999938964844,0.0,73.27400207519531,True,True,61.959999084472656,0.0,75.66799926757812,True,True,39.13999938964844,0.0,75.09200286865234,True,True,47.09000015258789,0.0,76.94599914550781,True,True,49.720001220703125,0.0,71.7979965209961,True,True,-25.0,68.37000274658203,,,,44.2760009765625,210.0019989013672,44.74399948120117,136.0,34.0,
2021-08-16 21:45:00,,,,,39.779998779296875,0.0,74.46199798583984,True,True,100.0,0.0,74.8759994506836,True,True,41.790000915527344,0.0,75.37999725341797,True,True,59.02000045776367,0.0,74.13800048828125,True,True,39.20000076293945,0.0,74.28199768066406,True,True,49.9900016784668,0.0,73.61599731445312,True,True,45.77000045776367,0.0,73.18399810791016,True,True,60.91999816894531,0.0,75.63200378417969,True,True,38.529998779296875,0.0,75.09200286865234,True,True,45.7400016784668,0.0,76.9280014038086,True,True,49.349998474121094,0.0,71.58200073242188,True,True,-25.0,68.11000061035156,,,,43.57400131225586,210.0019989013672,44.060001373291016,136.0,34.0,
2021-08-16 22:00:00,,,,,42.849998474121094,0.0,74.31800079345703,True,True,100.0,0.0,74.91200256347656,True,True,42.279998779296875,0.0,75.4520034790039,True,True,57.779998779296875,0.0,74.24600219726562,True,True,42.060001373291016,0.0,74.13800048828125,True,True,45.70000076293945,0.0,73.5979995727539,True,True,46.72999954223633,0.0,73.04000091552734,True,True,65.87000274658203,0.0,75.6500015258789,True,True,37.970001220703125,0.0,75.0199966430664,True,True,42.099998474121094,0.0,76.9280014038086,True,True,49.58000183105469,0.0,71.4020004272461,True,True,-25.0,67.68000030517578,,,,42.92599868774414,210.0019989013672,43.4119987487793,144.0,36.0,
2021-08-16 22:15:00,,,,,41.63999938964844,0.0,74.13800048828125,True,True,100.0,0.0,74.73200225830078,True,True,44.630001068115234,0.0,75.4520034790039,True,True,55.599998474121094,0.0,73.88600158691406,True,True,41.130001068115234,0.0,74.19200134277344,True,True,44.70000076293945,0.0,73.25599670410156,True,True,46.27000045776367,0.0,72.89600372314453,True,True,57.779998779296875,0.0,75.59600067138672,True,True,38.060001373291016,0.0,75.00199890136719,True,True,41.790000915527344,0.0,76.9280014038086,True,True,49.15999984741211,0.0,71.52799987792969,True,True,-25.0,67.83999633789062,,,,42.332000732421875,210.0019989013672,42.763999938964844,136.0,34.0,
2021-08-16 22:30:00,,,,,41.880001068115234,0.0,74.17400360107422,True,True,98.41999816894531,0.0,74.85800170898438,True,True,41.52000045776367,0.0,75.37999725341797,True,True,53.779998779296875,0.0,73.77799987792969,True,True,38.68000030517578,0.0,74.26399993896484,True,True,44.41999816894531,0.0,73.54399871826172,True,True,44.91999816894531,0.0,72.6259994506836,True,True,61.77000045776367,0.0,75.61399841308594,True,True,38.439998626708984,0.0,74.98400115966797,True,True,39.869998931884766,0.0,76.83799743652344,True,True,47.630001068115234,0.0,71.38400268554688,True,True,-25.0,67.31999969482422,,,,41.70199966430664,210.0019989013672,42.2239990234375,144.0,36.0,
2021-08-16 22:45:00,,,,,37.84000015258789,0.0,74.10199737548828,True,True,97.43000030517578,0.0,74.76799774169922,True,True,40.900001525878906,0.0,75.37999725341797,True,True,52.4900016784668,0.0,73.88600158691406,True,True,38.130001068115234,0.0,74.19200134277344,True,True,47.34000015258789,0.0,73.30999755859375,True,True,44.529998779296875,0.0,72.71600341796875,True,True,55.79999923706055,0.0,75.50599670410156,True,True,37.86000061035156,0.0,74.98400115966797,True,True,49.68000030517578,0.0,76.83799743652344,True,True,46.060001373291016,0.0,71.22200012207031,True,True,-25.0,79.7699966430664,,,,41.32400131225586,210.0019989013672,41.77399826049805,136.0,34.0,
2021-08-16 23:00:00,,,,,37.15999984741211,0.0,73.95800018310547,True,True,98.55999755859375,0.0,74.89399719238281,True,True,40.31999969482422,0.0,75.50599670410156,True,True,51.709999084472656,0.0,73.70600128173828,True,True,38.66999816894531,0.0,74.22799682617188,True,True,44.58000183105469,0.0,73.18399810791016,True,True,43.099998474121094,0.0,72.80599975585938,True,True,50.02000045776367,0.0,75.47000122070312,True,True,36.63999938964844,0.0,74.947998046875,True,True,40.880001068115234,0.0,76.78399658203125,True,True,41.54999923706055,0.0,71.22200012207031,True,True,-25.0,82.0,,,,41.88199996948242,210.0019989013672,42.152000427246094,144.0,36.0,
2021-08-16 23:15:00,,,,,44.029998779296875,0.0,73.66999816894531,True,True,100.0,0.0,74.73200225830078,True,True,41.20000076293945,0.0,75.36199951171875,True,True,52.81999969482422,0.0,73.43599700927734,True,True,39.619998931884766,0.0,74.13800048828125,True,True,49.38999938964844,0.0,73.14800262451172,True,True,44.02000045776367,0.0,72.3740005493164,True,True,56.04999923706055,0.0,75.47000122070312,True,True,37.84000015258789,0.0,74.89399719238281,True,True,43.970001220703125,0.0,76.76599884033203,True,True,46.77000045776367,0.0,71.04199981689453,True,True,-25.0,81.11000061035156,,,,45.194000244140625,210.0019989013672,45.284000396728516,136.0,34.0,
2021-08-16 23:30:00,,,,,47.130001068115234,0.0,73.54399871826172,True,True,100.0,0.0,74.6780014038086,True,True,48.18000030517578,0.0,75.37999725341797,True,True,60.029998779296875,0.0,73.7239990234375,True,True,42.81999969482422,0.0,74.13800048828125,True,True,45.959999084472656,0.0,73.25599670410156,True,True,42.689998626708984,0.0,72.35600280761719,True,True,50.130001068115234,0.0,75.30799865722656,True,True,36.91999816894531,0.0,74.91200256347656,True,True,47.95000076293945,0.0,76.71199798583984,True,True,46.25,0.0,70.98799896240234,True,True,-25.0,80.63999938964844,,,,44.52799987792969,210.0019989013672,45.08599853515625,136.0,34.0,
2021-08-16 23:45:00,,,,,42.209999084472656,0.0,73.41799926757812,True,True,98.70999908447266,0.0,74.73200225830078,True,True,50.0,0.0,75.36199951171875,True,True,62.2599983215332,0.0,73.74199676513672,True,True,44.959999084472656,0.0,74.12000274658203,True,True,48.790000915527344,0.0,73.14800262451172,True,True,43.11000061035156,0.0,72.21199798583984,True,True,52.310001373291016,0.0,75.43399810791016,True,True,38.18000030517578,0.0,74.89399719238281,True,True,39.619998931884766,0.0,76.60399627685547,True,True,42.040000915527344,0.0,71.05999755859375,True,True,-25.0,83.13999938964844,,,,46.34600067138672,210.0019989013672,46.597999572753906,136.0,34.0,
2021-08-17 00:00:00,,,,,50.58000183105469,0.0,73.36399841308594,True,True,97.02999877929688,0.0,75.05599975585938,True,True,53.5099983215332,0.0,75.36199951171875,True,True,67.37000274658203,0.0,73.94000244140625,True,True,45.91999816894531,0.0,74.12000274658203,True,True,51.41999816894531,0.0,73.48999786376953,True,True,49.560001373291016,0.0,71.99600219726562,True,True,51.790000915527344,0.0,75.50599670410156,True,True,40.650001525878906,0.0,74.8759994506836,True,True,45.75,0.0,76.60399627685547,True,True,46.54999923706055,0.0,70.73600006103516,True,True,-25.0,85.7699966430664,,,,48.59600067138672,210.0019989013672,48.79399871826172,144.0,36.0,
2021-08-17 00:15:00,,,,,47.470001220703125,0.0,73.61599731445312,True,True,97.30000305175781,0.0,74.8219985961914,True,True,49.66999816894531,0.0,75.41600036621094,True,True,67.48999786376953,0.0,73.83200073242188,True,True,43.709999084472656,0.0,74.12000274658203,True,True,52.599998474121094,0.0,73.12999725341797,True,True,46.060001373291016,0.0,71.58200073242188,True,True,59.459999084472656,0.0,75.47000122070312,True,True,37.54999923706055,0.0,74.83999633789062,True,True,40.869998931884766,0.0,76.58599853515625,True,True,50.439998626708984,0.0,70.50199890136719,True,True,-25.0,85.86000061035156,,,,46.849998474121094,210.0019989013672,47.22800064086914,136.0,34.0,
2021-08-17 00:30:00,,,,,47.09000015258789,0.0,73.54399871826172,True,True,100.0,0.0,74.91200256347656,True,True,49.150001525878906,0.0,75.37999725341797,True,True,64.41999816894531,0.0,73.8499984741211,True,True,41.959999084472656,0.0,74.10199737548828,True,True,54.400001525878906,0.0,73.18399810791016,True,True,49.56999969482422,0.0,71.45600128173828,True,True,59.43000030517578,0.0,75.4520034790039,True,True,40.7599983215332,0.0,74.8219985961914,True,True,47.650001525878906,0.0,76.56800079345703,True,True,49.4900016784668,0.0,70.447998046875,True,True,-25.0,83.8499984741211,,,,46.88600158691406,210.0019989013672,47.42599868774414,144.0,36.0,
2021-08-17 00:45:00,,,,,43.38999938964844,0.0,73.43599700927734,True,True,100.0,0.0,74.75,True,True,54.540000915527344,0.0,75.32599639892578,True,True,65.05000305175781,0.0,73.8499984741211,True,True,41.91999816894531,0.0,74.06600189208984,True,True,50.75,0.0,72.75199890136719,True,True,50.63999938964844,0.0,71.5459976196289,True,True,60.43000030517578,0.0,75.52400207519531,True,True,43.11000061035156,0.0,74.83999633789062,True,True,49.619998931884766,0.0,76.60399627685547,True,True,50.95000076293945,0.0,70.447998046875,True,True,-25.0,84.55000305175781,,,,46.86800003051758,210.0019989013672,47.38999938964844,144.0,36.0,
2021-08-17 01:00:00,,,,,43.380001068115234,0.0,73.43599700927734,True,True,100.0,0.0,74.552001953125,True,True,52.220001220703125,0.0,75.39800262451172,True,True,65.23999786376953,0.0,73.5979995727539,True,True,41.9900016784668,0.0,74.12000274658203,True,True,49.310001373291016,0.0,72.4280014038086,True,True,47.790000915527344,0.0,71.74400329589844,True,True,63.75,0.0,75.36199951171875,True,True,40.9900016784668,0.0,74.76799774169922,True,True,47.20000076293945,0.0,76.60399627685547,True,True,44.34000015258789,0.0,70.59200286865234,True,True,-25.0,83.87000274658203,,,,47.5880012512207,210.0019989013672,47.38999938964844,136.0,34.0,
2021-08-17 01:15:00,,,,,52.22999954223633,0.0,73.54399871826172,True,True,100.0,0.0,74.66000366210938,True,True,61.77000045776367,0.0,75.4520034790039,True,True,74.30999755859375,0.0,73.5979995727539,True,True,49.130001068115234,0.0,74.13800048828125,True,True,54.0099983215332,0.0,72.302001953125,True,True,48.16999816894531,0.0,71.49199676513672,True,True,62.720001220703125,0.0,75.36199951171875,True,True,39.7400016784668,0.0,74.76799774169922,True,True,46.290000915527344,0.0,76.60399627685547,True,True,49.529998779296875,0.0,70.5739974975586,True,True,-25.0,88.38999938964844,,,,50.79199981689453,210.0019989013672,51.529998779296875,136.0,34.0,
2021-08-17 01:30:00,,,,,48.88999938964844,0.0,73.36399841308594,True,True,98.5,0.0,74.51599884033203,True,True,58.34000015258789,0.0,75.4520034790039,True,True,73.45999908447266,0.0,73.25599670410156,True,True,45.290000915527344,0.0,74.17400360107422,True,True,52.310001373291016,0.0,72.28399658203125,True,True,47.599998474121094,0.0,71.88800048828125,True,True,60.380001068115234,0.0,75.21800231933594,True,True,39.470001220703125,0.0,74.75,True,True,45.88999938964844,0.0,76.58599853515625,True,True,45.2400016784668,0.0,70.55599975585938,True,True,-25.0,88.8499984741211,,,,49.981998443603516,210.0019989013672,50.37799835205078,144.0,36.0,
2021-08-17 01:45:00,,,,,46.0099983215332,0.0,73.07599639892578,True,True,100.0,0.0,74.31800079345703,True,True,52.5099983215332,0.0,75.32599639892578,True,True,73.5999984741211,0.0,73.23799896240234,True,True,34.68000030517578,0.0,74.06600189208984,True,True,55.77000045776367,0.0,72.10399627685547,True,True,53.939998626708984,0.0,71.6719970703125,True,True,62.11000061035156,0.0,75.43399810791016,True,True,44.470001220703125,0.0,74.91200256347656,True,True,45.720001220703125,0.0,76.58599853515625,True,True,50.0099983215332,0.0,70.50199890136719,True,True,-25.0,85.87000274658203,,,,48.02000045776367,210.0019989013672,48.380001068115234,136.0,34.0,
2021-08-17 02:00:00,,,,,50.5099983215332,0.0,72.89600372314453,True,True,100.0,0.0,74.49800109863281,True,True,52.83000183105469,0.0,75.37999725341797,True,True,72.26000213623047,0.0,73.41799926757812,True,True,40.970001220703125,0.0,74.06600189208984,True,True,51.900001525878906,0.0,71.97799682617188,True,True,51.2599983215332,0.0,71.45600128173828,True,True,73.73999786376953,0.0,75.5780029296875,True,True,42.779998779296875,0.0,74.8759994506836,True,True,53.349998474121094,0.0,76.65799713134766,True,True,50.380001068115234,0.0,70.3759994506836,True,True,-25.0,86.30999755859375,,,,48.16400146484375,210.0019989013672,48.577999114990234,136.0,34.0,
2021-08-17 02:15:00,,,,,46.630001068115234,0.0,73.16600036621094,True,True,100.0,0.0,74.24600219726562,True,True,56.45000076293945,0.0,75.29000091552734,True,True,73.0199966430664,0.0,72.84200286865234,True,True,41.130001068115234,0.0,74.0479965209961,True,True,55.25,0.0,71.81600189208984,True,True,53.70000076293945,0.0,71.5459976196289,True,True,66.83000183105469,0.0,75.34400177001953,True,True,45.2400016784668,0.0,74.91200256347656,True,True,50.97999954223633,0.0,76.60399627685547,True,True,48.209999084472656,0.0,69.99800109863281,True,True,-25.0,85.81999969482422,,,,48.21799850463867,210.0019989013672,48.61399841308594,144.0,36.0,
2021-08-17 02:30:00,,,,,51.220001220703125,0.0,72.87799835205078,True,True,100.0,0.0,74.15599822998047,True,True,53.040000915527344,0.0,75.30799865722656,True,True,74.08000183105469,0.0,72.87799835205078,True,True,40.4900016784668,0.0,74.08399963378906,True,True,51.79999923706055,0.0,71.74400329589844,True,True,51.529998779296875,0.0,71.49199676513672,True,True,68.08000183105469,0.0,75.30799865722656,True,True,40.529998779296875,0.0,74.69599914550781,True,True,48.38999938964844,0.0,76.60399627685547,True,True,51.68000030517578,0.0,70.052001953125,True,True,-25.0,85.5199966430664,,,,47.93000030517578,210.0019989013672,48.41600036621094,144.0,36.0,
2021-08-17 02:45:00,,,,,50.41999816894531,0.0,73.00399780273438,True,True,100.0,0.0,73.88600158691406,True,True,52.36000061035156,0.0,75.30799865722656,True,True,74.81999969482422,0.0,73.05799865722656,True,True,40.7400016784668,0.0,73.99400329589844,True,True,54.709999084472656,0.0,71.52799987792969,True,True,51.310001373291016,0.0,71.38400268554688,True,True,68.9800033569336,0.0,75.41600036621094,True,True,40.18000030517578,0.0,74.80400085449219,True,True,46.119998931884766,0.0,76.58599853515625,True,True,50.970001220703125,0.0,69.85399627685547,True,True,-25.0,86.08999633789062,,,,48.8120002746582,210.0019989013672,48.8120002746582,144.0,36.0,
2021-08-17 03:00:00,,,,,51.08000183105469,0.0,73.25599670410156,True,True,100.0,0.0,73.81400299072266,True,True,56.31999969482422,0.0,75.30799865722656,True,True,77.08999633789062,0.0,72.87799835205078,True,True,41.220001220703125,0.0,73.95800018310547,True,True,52.720001220703125,0.0,71.31199645996094,True,True,51.43000030517578,0.0,71.31199645996094,True,True,67.97000122070312,0.0,75.36199951171875,True,True,42.459999084472656,0.0,74.76799774169922,True,True,49.20000076293945,0.0,76.47799682617188,True,True,48.79999923706055,0.0,69.72799682617188,True,True,-25.0,86.3499984741211,,,,48.236000061035156,210.0019989013672,48.61399841308594,136.0,34.0,
2021-08-17 03:15:00,,,,,51.54999923706055,0.0,72.89600372314453,True,True,100.0,0.0,73.86799621582031,True,True,54.04999923706055,0.0,75.36199951171875,True,True,76.81999969482422,0.0,72.8239974975586,True,True,38.459999084472656,0.0,73.95800018310547,True,True,51.93000030517578,0.0,71.56400299072266,True,True,51.54999923706055,0.0,71.38400268554688,True,True,69.04000091552734,0.0,75.18199920654297,True,True,41.88999938964844,0.0,74.76799774169922,True,True,47.68000030517578,0.0,76.42400360107422,True,True,57.4900016784668,0.0,69.67400360107422,True,True,-25.0,85.86000061035156,,,,48.36199951171875,210.0019989013672,48.757999420166016,144.0,36.0,
2021-08-17 03:30:00,,,,,52.75,0.0,72.78800201416016,True,True,100.0,0.0,73.99400329589844,True,True,55.5099983215332,0.0,75.30799865722656,True,True,78.2300033569336,0.0,72.89600372314453,True,True,46.150001525878906,0.0,73.83200073242188,True,True,52.220001220703125,0.0,71.31199645996094,True,True,54.06999969482422,0.0,71.2760009765625,True,True,73.22000122070312,0.0,75.36199951171875,True,True,41.56999969482422,0.0,74.73200225830078,True,True,51.66999816894531,0.0,76.42400360107422,True,True,52.540000915527344,0.0,69.78199768066406,True,True,-25.0,85.55000305175781,,,,48.45199966430664,210.0019989013672,48.79399871826172,136.0,34.0,
2021-08-17 03:45:00,,,,,53.06999969482422,0.0,72.7699966430664,True,True,100.0,0.0,73.7959976196289,True,True,56.310001373291016,0.0,75.37999725341797,True,True,79.38999938964844,0.0,72.697998046875,True,True,46.689998626708984,0.0,73.99400329589844,True,True,50.40999984741211,0.0,71.3479995727539,True,True,52.2400016784668,0.0,71.2040023803711,True,True,71.55999755859375,0.0,75.30799865722656,True,True,40.599998474121094,0.0,74.71399688720703,True,True,47.599998474121094,0.0,76.31600189208984,True,True,49.79999923706055,0.0,70.1240005493164,True,True,-25.0,86.44000244140625,,,,48.63199996948242,210.0019989013672,48.992000579833984,144.0,36.0,
2021-08-17 04:00:00,,,,,49.619998931884766,0.0,72.8239974975586,True,True,100.0,0.0,74.13800048828125,True,True,56.349998474121094,0.0,75.34400177001953,True,True,80.51000213623047,0.0,73.04000091552734,True,True,45.45000076293945,0.0,73.95800018310547,True,True,57.16999816894531,0.0,71.31199645996094,True,True,52.720001220703125,0.0,71.09600067138672,True,True,74.12000274658203,0.0,75.4520034790039,True,True,41.43000030517578,0.0,74.71399688720703,True,True,51.7599983215332,0.0,76.31600189208984,True,True,48.9900016784668,0.0,69.69200134277344,True,True,-25.0,86.06999969482422,,,,48.39799880981445,210.0019989013672,48.88399887084961,136.0,34.0,
2021-08-17 04:15:00,,,,,52.7400016784668,0.0,73.22000122070312,True,True,100.0,0.0,74.53399658203125,True,True,56.15999984741211,0.0,75.27200317382812,True,True,81.4800033569336,0.0,72.87799835205078,True,True,45.40999984741211,0.0,73.97599792480469,True,True,54.27000045776367,0.0,71.5999984741211,True,True,53.34000015258789,0.0,71.04199981689453,True,True,71.08999633789062,0.0,75.43399810791016,True,True,41.95000076293945,0.0,74.75,True,True,52.11000061035156,0.0,76.35199737548828,True,True,49.08000183105469,0.0,69.3499984741211,True,True,-25.0,86.86000061035156,,,,48.20000076293945,210.0019989013672,48.59600067138672,144.0,36.0,
2021-08-17 04:30:00,,,,,52.599998474121094,0.0,72.89600372314453,True,True,99.87000274658203,0.0,74.552001953125,True,True,56.04999923706055,0.0,75.29000091552734,True,True,81.25,0.0,72.71600341796875,True,True,53.2599983215332,0.0,73.90399932861328,True,True,54.61000061035156,0.0,71.92400360107422,True,True,53.70000076293945,0.0,70.86199951171875,True,True,71.2699966430664,0.0,75.4520034790039,True,True,42.4900016784668,0.0,74.69599914550781,True,True,54.45000076293945,0.0,76.38800048828125,True,True,49.09000015258789,0.0,69.3499984741211,True,True,-25.0,87.43000030517578,,,,47.965999603271484,210.0019989013672,48.45199966430664,136.0,34.0,
2021-08-17 04:45:00,,,,,47.9900016784668,0.0,72.75199890136719,True,True,100.0,0.0,74.40799713134766,True,True,56.79999923706055,0.0,75.30799865722656,True,True,81.91999816894531,0.0,73.07599639892578,True,True,64.7699966430664,0.0,73.94000244140625,True,True,52.7400016784668,0.0,71.56400299072266,True,True,54.099998474121094,0.0,70.80799865722656,True,True,75.88999938964844,0.0,75.43399810791016,True,True,41.91999816894531,0.0,74.6780014038086,True,True,52.2599983215332,0.0,76.38800048828125,True,True,52.84000015258789,0.0,69.63800048828125,True,True,-25.0,89.81999969482422,,,,47.875999450683594,210.0019989013672,48.27199935913086,144.0,36.0,
2021-08-17 05:00:00,,,,,47.939998626708984,0.0,72.93199920654297,True,True,99.31999969482422,0.0,74.51599884033203,True,True,56.54999923706055,0.0,75.29000091552734,True,True,82.52999877929688,0.0,73.05799865722656,True,True,45.400001525878906,0.0,73.90399932861328,True,True,52.41999816894531,0.0,71.74400329589844,True,True,53.619998931884766,0.0,70.77200317382812,True,True,77.4800033569336,0.0,75.47000122070312,True,True,40.439998626708984,0.0,74.66000366210938,True,True,47.310001373291016,0.0,76.37000274658203,True,True,46.91999816894531,0.0,69.51200103759766,True,True,-25.0,86.37000274658203,,,,47.80400085449219,210.0019989013672,48.21799850463867,144.0,36.0,
2021-08-17 05:15:00,,,,,51.91999816894531,0.0,72.89600372314453,True,True,100.0,0.0,74.73200225830078,True,True,56.369998931884766,0.0,75.30799865722656,True,True,82.91999816894531,0.0,73.05799865722656,True,True,46.650001525878906,0.0,73.94000244140625,True,True,49.79999923706055,0.0,71.97799682617188,True,True,55.369998931884766,0.0,70.53800201416016,True,True,72.81999969482422,0.0,75.27200317382812,True,True,39.880001068115234,0.0,74.60600280761719,True,True,48.459999084472656,0.0,76.2979965209961,True,True,55.36000061035156,0.0,69.38600158691406,True,True,-25.0,87.8499984741211,,,,47.80400085449219,210.0019989013672,48.236000061035156,136.0,34.0,
2021-08-17 05:30:00,,,,,52.0099983215332,0.0,72.71600341796875,True,True,99.38999938964844,0.0,74.6780014038086,True,True,56.720001220703125,0.0,75.30799865722656,True,True,83.63999938964844,0.0,73.2020034790039,True,True,46.16999816894531,0.0,73.86799621582031,True,True,52.61000061035156,0.0,71.85199737548828,True,True,51.849998474121094,0.0,70.46600341796875,True,True,74.18000030517578,0.0,75.36199951171875,True,True,40.619998931884766,0.0,74.6240005493164,True,True,47.630001068115234,0.0,76.2979965209961,True,True,48.0099983215332,0.0,69.36799621582031,True,True,-25.0,88.8499984741211,,,,47.7859992980957,210.0019989013672,48.236000061035156,136.0,34.0,
2021-08-17 05:45:00,,,,,51.689998626708984,0.0,72.86000061035156,True,True,100.0,0.0,74.37200164794922,True,True,58.709999084472656,0.0,75.23600006103516,True,True,83.87000274658203,0.0,73.09400177001953,True,True,46.2400016784668,0.0,73.9219970703125,True,True,56.959999084472656,0.0,71.7979965209961,True,True,51.56999969482422,0.0,70.3759994506836,True,True,71.52999877929688,0.0,75.37999725341797,True,True,41.349998474121094,0.0,74.6240005493164,True,True,50.150001525878906,0.0,76.27999877929688,True,True,47.93000030517578,0.0,69.38600158691406,True,True,-25.0,89.69999694824219,,,,47.69599914550781,210.0019989013672,48.11000061035156,144.0,36.0,
2021-08-17 06:00:00,,,,,46.56999969482422,0.0,72.78800201416016,True,True,100.0,0.0,74.46199798583984,True,True,57.66999816894531,0.0,75.30799865722656,True,True,84.94000244140625,0.0,73.4540023803711,True,True,46.209999084472656,0.0,73.86799621582031,True,True,56.58000183105469,0.0,71.85199737548828,True,True,51.529998779296875,0.0,70.26799774169922,True,True,76.02999877929688,0.0,75.36199951171875,True,True,44.689998626708984,0.0,74.58799743652344,True,True,50.900001525878906,0.0,76.2979965209961,True,True,49.619998931884766,0.0,69.51200103759766,True,True,-25.0,90.86000061035156,,,,51.83599853515625,210.0019989013672,51.47600173950195,136.0,34.0,
2021-08-17 06:15:00,,,,,47.90999984741211,0.0,72.93199920654297,True,True,100.0,0.0,74.13800048828125,True,True,62.310001373291016,0.0,75.30799865722656,True,True,91.47000122070312,0.0,72.96800231933594,True,True,43.029998779296875,0.0,73.95800018310547,True,True,56.150001525878906,0.0,71.70800018310547,True,True,50.880001068115234,0.0,70.30400085449219,True,True,75.5199966430664,0.0,75.27200317382812,True,True,40.75,0.0,74.58799743652344,True,True,45.91999816894531,0.0,76.24400329589844,True,True,45.83000183105469,0.0,69.47599792480469,True,True,-25.0,90.2300033569336,,,,48.055999755859375,210.0019989013672,48.487998962402344,144.0,36.0,
2021-08-17 06:30:00,,,,,46.880001068115234,0.0,73.36399841308594,True,True,99.0199966430664,0.0,73.99400329589844,True,True,53.689998626708984,0.0,75.30799865722656,True,True,82.52999877929688,0.0,73.23799896240234,True,True,39.02000045776367,0.0,73.86799621582031,True,True,50.34000015258789,0.0,71.52799987792969,True,True,51.47999954223633,0.0,70.41200256347656,True,True,72.62000274658203,0.0,75.29000091552734,True,True,43.08000183105469,0.0,74.58799743652344,True,True,46.290000915527344,0.0,76.24400329589844,True,True,51.41999816894531,0.0,69.3499984741211,True,True,-25.0,86.95999908447266,,,,44.83399963378906,210.0019989013672,45.284000396728516,144.0,36.0,
2021-08-17 06:45:00,,,,,44.06999969482422,0.0,73.77799987792969,True,True,100.0,0.0,74.31800079345703,True,True,53.58000183105469,0.0,75.41600036621094,True,True,78.97000122070312,0.0,73.41799926757812,True,True,41.0,0.0,73.88600158691406,True,True,49.560001373291016,0.0,71.83399963378906,True,True,59.09000015258789,0.0,70.64600372314453,True,True,79.62000274658203,0.0,75.34400177001953,True,True,45.66999816894531,0.0,74.6240005493164,True,True,56.220001220703125,0.0,76.24400329589844,True,True,53.45000076293945,0.0,69.58399963378906,True,True,-25.0,80.20999908447266,,,,45.26599884033203,210.0019989013672,45.698001861572266,144.0,36.0,
2021-08-17 07:00:00,,,,,62.540000915527344,0.0,74.0479965209961,True,True,99.91999816894531,0.0,74.33599853515625,True,True,69.12000274658203,0.0,75.30799865722656,True,True,85.51000213623047,0.0,73.23799896240234,True,True,46.220001220703125,0.0,73.90399932861328,True,True,52.630001068115234,0.0,71.81600189208984,True,True,49.709999084472656,0.0,71.02400207519531,True,True,80.16000366210938,0.0,75.52400207519531,True,True,41.810001373291016,0.0,74.6240005493164,True,True,46.900001525878906,0.0,76.22599792480469,True,True,49.150001525878906,0.0,70.03399658203125,True,True,-25.0,79.81999969482422,,,,54.571998596191406,210.0019989013672,56.875999450683594,136.0,34.0,
2021-08-17 07:15:00,,,,,45.0099983215332,0.0,74.10199737548828,True,True,100.0,0.0,74.35399627685547,True,True,56.5099983215332,0.0,75.34400177001953,True,True,88.80999755859375,0.0,73.11199951171875,True,True,41.150001525878906,0.0,73.99400329589844,True,True,53.0,0.0,71.92400360107422,True,True,46.939998626708984,0.0,71.16799926757812,True,True,73.16000366210938,0.0,75.34400177001953,True,True,38.93000030517578,0.0,74.51599884033203,True,True,40.380001068115234,0.0,76.11799621582031,True,True,46.880001068115234,0.0,70.1240005493164,True,True,-25.0,74.31999969482422,,,,45.391998291015625,210.0019989013672,46.05799865722656,144.0,36.0,
2021-08-17 07:30:00,,,,,44.540000915527344,0.0,74.44400024414062,True,True,100.0,0.0,74.35399627685547,True,True,54.86000061035156,0.0,75.34400177001953,True,True,82.08000183105469,0.0,73.16600036621094,True,True,39.41999816894531,0.0,73.95800018310547,True,True,51.599998474121094,0.0,72.03199768066406,True,True,49.900001525878906,0.0,71.38400268554688,True,True,65.0,0.0,75.23600006103516,True,True,40.06999969482422,0.0,74.49800109863281,True,True,45.130001068115234,0.0,76.06400299072266,True,True,57.02000045776367,0.0,70.26799774169922,True,True,-25.0,73.05000305175781,,,,46.7239990234375,210.0019989013672,47.13800048828125,136.0,34.0,
2021-08-17 07:45:00,,,,,44.689998626708984,0.0,74.40799713134766,True,True,100.0,0.0,74.64199829101562,True,True,57.91999816894531,0.0,75.30799865722656,True,True,83.19999694824219,0.0,73.70600128173828,True,True,39.599998474121094,0.0,73.90399932861328,True,True,52.400001525878906,0.0,72.03199768066406,True,True,50.310001373291016,0.0,71.38400268554688,True,True,83.30000305175781,0.0,75.29000091552734,True,True,40.52000045776367,0.0,74.552001953125,True,True,59.06999969482422,0.0,76.0459976196289,True,True,50.0,0.0,70.447998046875,True,True,-25.0,72.0999984741211,,,,45.64400100708008,210.0019989013672,46.09400177001953,144.0,36.0,
2021-08-17 08:00:00,,,,,49.279998779296875,0.0,74.51599884033203,True,True,100.0,0.0,74.78600311279297,True,True,54.84000015258789,0.0,75.23600006103516,True,True,81.47000122070312,0.0,73.95800018310547,True,True,38.41999816894531,0.0,73.97599792480469,True,True,51.41999816894531,0.0,72.53600311279297,True,True,47.81999969482422,0.0,71.49199676513672,True,True,76.04000091552734,0.0,75.43399810791016,True,True,38.70000076293945,0.0,74.552001953125,True,True,50.18000030517578,0.0,76.06400299072266,True,True,45.09000015258789,0.0,70.62799835205078,True,True,-25.0,71.81999969482422,,,,45.428001403808594,210.0019989013672,45.84199905395508,144.0,36.0,
2021-08-17 08:15:00,,,,,49.45000076293945,0.0,75.18199920654297,True,True,99.0999984741211,0.0,75.09200286865234,True,True,53.22999954223633,0.0,75.25399780273438,True,True,80.68000030517578,0.0,74.66000366210938,True,True,39.33000183105469,0.0,74.01200103759766,True,True,48.880001068115234,0.0,72.91400146484375,True,True,51.529998779296875,0.0,71.61799621582031,True,True,69.26000213623047,0.0,75.30799865722656,True,True,41.56999969482422,0.0,74.49800109863281,True,True,53.04999923706055,0.0,76.06400299072266,True,True,52.88999938964844,0.0,70.98799896240234,True,True,-25.0,69.61000061035156,,,,44.72600173950195,210.0019989013672,45.284000396728516,144.0,36.0,
2021-08-17 08:30:00,,,,,46.83000183105469,0.0,75.50599670410156,True,True,100.0,0.0,75.30799865722656,True,True,52.45000076293945,0.0,75.27200317382812,True,True,78.31999969482422,0.0,74.75,True,True,38.939998626708984,0.0,73.99400329589844,True,True,46.20000076293945,0.0,73.48999786376953,True,True,48.56999969482422,0.0,71.85199737548828,True,True,67.9000015258789,0.0,75.34400177001953,True,True,39.939998626708984,0.0,74.38999938964844,True,True,46.47999954223633,0.0,76.0459976196289,True,True,46.18000030517578,0.0,71.3479995727539,True,True,-25.0,65.80000305175781,,,,44.599998474121094,210.0019989013672,44.92399978637695,152.0,38.0,
2021-08-17 08:45:00,,,,,46.63999938964844,0.0,75.59600067138672,True,True,97.81999969482422,0.0,75.29000091552734,True,True,53.22999954223633,0.0,75.30799865722656,True,True,80.62999725341797,0.0,74.37200164794922,True,True,39.790000915527344,0.0,74.02999877929688,True,True,48.900001525878906,0.0,73.95800018310547,True,True,47.849998474121094,0.0,71.7979965209961,True,True,71.80999755859375,0.0,75.34400177001953,True,True,40.36000061035156,0.0,74.44400024414062,True,True,42.93000030517578,0.0,76.0459976196289,True,True,47.029998779296875,0.0,71.76200103759766,True,True,-25.0,67.88999938964844,,,,44.762001037597656,210.0019989013672,45.17599868774414,144.0,36.0,
2021-08-17 09:00:00,,,,,43.83000183105469,0.0,76.19000244140625,True,True,100.0,0.0,75.4520034790039,True,True,51.880001068115234,0.0,75.29000091552734,True,True,78.58000183105469,0.0,74.83999633789062,True,True,44.36000061035156,0.0,74.01200103759766,True,True,51.41999816894531,0.0,74.75,True,True,47.61000061035156,0.0,72.46399688720703,True,True,67.61000061035156,0.0,75.25399780273438,True,True,38.810001373291016,0.0,74.60600280761719,True,True,44.66999816894531,0.0,76.06400299072266,True,True,48.84000015258789,0.0,72.3740005493164,True,True,-25.0,71.18000030517578,,,,44.54600143432617,210.0019989013672,44.94200134277344,152.0,38.0,
2021-08-17 09:15:00,,,,,50.72999954223633,0.0,76.44200134277344,True,True,100.0,0.0,75.59600067138672,True,True,52.43000030517578,0.0,75.30799865722656,True,True,80.87999725341797,0.0,74.98400115966797,True,True,38.880001068115234,0.0,74.06600189208984,True,True,48.2599983215332,0.0,75.39800262451172,True,True,47.91999816894531,0.0,72.8239974975586,True,True,66.36000061035156,0.0,75.32599639892578,True,True,38.83000183105469,0.0,74.552001953125,True,True,45.220001220703125,0.0,76.1719970703125,True,True,49.369998931884766,0.0,72.78800201416016,True,True,-25.0,57.290000915527344,,,,46.97600173950195,210.0019989013672,47.98400115966797,152.0,38.0,
2021-08-17 09:30:00,,,,,46.63999938964844,0.0,76.62200164794922,True,True,100.0,0.0,75.79399871826172,True,True,57.400001525878906,0.0,75.37999725341797,True,True,81.48999786376953,0.0,75.55999755859375,True,True,43.72999954223633,0.0,74.08399963378906,True,True,47.31999969482422,0.0,76.74800109863281,True,True,48.540000915527344,0.0,73.29199981689453,True,True,69.30000305175781,0.0,75.54199981689453,True,True,42.209999084472656,0.0,74.51599884033203,True,True,43.43000030517578,0.0,76.1719970703125,True,True,48.13999938964844,0.0,73.3280029296875,True,True,-25.0,66.81999969482422,,,,44.36600112915039,210.0019989013672,44.83399963378906,160.0,40.0,
2021-08-17 09:45:00,,,,,45.86000061035156,0.0,77.16200256347656,True,True,100.0,0.0,75.7760009765625,True,True,57.0,0.0,75.34400177001953,True,True,84.73999786376953,0.0,75.50599670410156,True,True,46.9900016784668,0.0,74.06600189208984,True,True,48.68000030517578,0.0,76.94599914550781,True,True,47.0,0.0,73.30999755859375,True,True,66.8499984741211,0.0,75.43399810791016,True,True,38.689998626708984,0.0,74.6240005493164,True,True,50.08000183105469,0.0,76.22599792480469,True,True,44.31999969482422,0.0,73.43599700927734,True,True,-25.0,71.2300033569336,,,,45.481998443603516,210.0019989013672,46.29199981689453,152.0,38.0,
2021-08-17 10:00:00,,,,,50.130001068115234,0.0,77.03600311279297,True,True,100.0,0.0,75.63200378417969,True,True,58.33000183105469,0.0,75.36199951171875,True,True,87.6500015258789,0.0,75.41600036621094,True,True,42.599998474121094,0.0,74.06600189208984,True,True,50.9900016784668,0.0,76.83799743652344,True,True,49.369998931884766,0.0,73.68800354003906,True,True,72.87000274658203,0.0,75.55999755859375,True,True,40.75,0.0,74.73200225830078,True,True,49.689998626708984,0.0,76.35199737548828,True,True,56.560001373291016,0.0,73.76000213623047,True,True,-25.0,75.19999694824219,,,,43.91600036621094,210.0019989013672,44.79800033569336,152.0,38.0,
2021-08-17 10:15:00,,,,,42.15999984741211,0.0,76.98200225830078,True,True,100.0,0.0,75.95600128173828,True,True,53.529998779296875,0.0,75.30799865722656,True,True,83.76000213623047,0.0,75.75800323486328,True,True,40.45000076293945,0.0,74.10199737548828,True,True,52.66999816894531,0.0,77.98999786376953,True,True,47.869998931884766,0.0,74.31800079345703,True,True,69.58000183105469,0.0,75.7040023803711,True,True,41.5099983215332,0.0,74.83999633789062,True,True,45.880001068115234,0.0,76.47799682617188,True,True,46.310001373291016,0.0,74.91200256347656,True,True,-25.0,70.05000305175781,,,,42.72800064086914,210.0019989013672,43.141998291015625,152.0,38.0,
2021-08-17 10:30:00,,,,,40.470001220703125,0.0,77.1259994506836,True,True,100.0,0.0,75.63200378417969,True,True,50.52000045776367,0.0,75.29000091552734,True,True,82.45999908447266,0.0,75.5780029296875,True,True,38.9900016784668,0.0,74.12000274658203,True,True,48.93000030517578,0.0,78.13400268554688,True,True,47.130001068115234,0.0,74.35399627685547,True,True,70.55000305175781,0.0,75.7040023803711,True,True,40.459999084472656,0.0,74.85800170898438,True,True,51.4900016784668,0.0,76.53199768066406,True,True,50.93000030517578,0.0,74.66000366210938,True,True,-25.0,69.83999633789062,,,,42.88999938964844,210.0019989013672,43.2140007019043,152.0,38.0,
2021-08-17 10:45:00,,,,,46.349998474121094,0.0,77.30599975585938,True,True,100.0,0.0,76.11799621582031,True,True,48.90999984741211,0.0,75.25399780273438,True,True,82.55999755859375,0.0,75.88400268554688,True,True,37.5,0.0,74.12000274658203,True,True,49.16999816894531,0.0,78.1520004272461,True,True,45.310001373291016,0.0,74.44400024414062,True,True,69.44999694824219,0.0,75.79399871826172,True,True,38.689998626708984,0.0,74.947998046875,True,True,46.59000015258789,0.0,76.58599853515625,True,True,46.02000045776367,0.0,74.76799774169922,True,True,-25.0,70.81999969482422,,,,43.75400161743164,210.0019989013672,44.060001373291016,160.0,40.0,
2021-08-17 11:00:00,,,,,44.72999954223633,0.0,77.52200317382812,True,True,100.0,0.0,76.20800018310547,True,True,54.959999084472656,0.0,75.34400177001953,True,True,87.73999786376953,0.0,76.24400329589844,True,True,45.04999923706055,0.0,74.17400360107422,True,True,47.880001068115234,0.0,78.49400329589844,True,True,47.59000015258789,0.0,74.78600311279297,True,True,62.470001220703125,0.0,75.68599700927734,True,True,42.79999923706055,0.0,74.8759994506836,True,True,48.70000076293945,0.0,76.56800079345703,True,True,48.290000915527344,0.0,74.947998046875,True,True,-25.0,70.29000091552734,,,,46.61600112915039,210.0019989013672,46.90399932861328,152.0,38.0,
2021-08-17 11:15:00,,,,,53.45000076293945,0.0,77.88200378417969,True,True,100.0,0.0,76.49600219726562,True,True,62.9900016784668,0.0,75.34400177001953,True,True,94.80999755859375,0.0,76.83799743652344,True,True,46.5,0.0,74.22799682617188,True,True,52.20000076293945,0.0,79.46600341796875,True,True,47.630001068115234,0.0,75.09200286865234,True,True,71.70999908447266,0.0,75.66799926757812,True,True,39.54999923706055,0.0,74.947998046875,True,True,45.560001373291016,0.0,76.49600219726562,True,True,47.65999984741211,0.0,75.4520034790039,True,True,-25.0,74.38999938964844,,,,47.875999450683594,210.0019989013672,48.27199935913086,152.0,38.0,
2021-08-17 11:30:00,,,,,53.9900016784668,0.0,78.24199676513672,True,True,92.73999786376953,0.0,76.22599792480469,True,True,61.630001068115234,0.0,75.36199951171875,True,True,93.87000274658203,0.0,77.39600372314453,True,True,45.970001220703125,0.0,74.30000305175781,True,True,56.619998931884766,0.0,79.59200286865234,True,True,50.349998474121094,0.0,75.34400177001953,True,True,63.7400016784668,0.0,75.54199981689453,True,True,42.189998626708984,0.0,74.98400115966797,True,True,44.13999938964844,0.0,76.47799682617188,True,True,63.400001525878906,0.0,75.30799865722656,True,True,-25.0,72.3499984741211,,,,48.757999420166016,210.0019989013672,49.40599822998047,160.0,40.0,
2021-08-17 11:45:00,,,,,47.7599983215332,0.0,78.08000183105469,True,True,97.87000274658203,0.0,76.13600158691406,True,True,65.91999816894531,0.0,75.39800262451172,True,True,91.0999984741211,0.0,77.30599975585938,True,True,40.599998474121094,0.0,74.24600219726562,True,True,56.18000030517578,0.0,79.64600372314453,True,True,51.599998474121094,0.0,75.54199981689453,True,True,69.44999694824219,0.0,75.95600128173828,True,True,41.900001525878906,0.0,74.91200256347656,True,True,47.119998931884766,0.0,76.53199768066406,True,True,51.5,0.0,75.81199645996094,True,True,-25.0,74.30000305175781,,,,48.9379997253418,210.0019989013672,49.35200119018555,152.0,38.0,
2021-08-17 12:00:00,,,,,53.2400016784668,0.0,78.65599822998047,True,True,92.20999908447266,0.0,76.89199829101562,True,True,63.060001373291016,0.0,75.4520034790039,True,True,90.75,0.0,77.84600067138672,True,True,46.189998626708984,0.0,74.26399993896484,True,True,57.099998474121094,0.0,80.29399871826172,True,True,52.439998626708984,0.0,76.0459976196289,True,True,74.18000030517578,0.0,75.86599731445312,True,True,44.209999084472656,0.0,74.947998046875,True,True,46.81999969482422,0.0,76.53199768066406,True,True,56.70000076293945,0.0,76.71199798583984,True,True,-25.0,75.87000274658203,,,,47.678001403808594,210.0019989013672,48.055999755859375,160.0,40.0,
2021-08-17 12:15:00,,,,,54.47999954223633,0.0,78.72799682617188,True,True,94.61000061035156,0.0,77.03600311279297,True,True,62.970001220703125,0.0,75.4520034790039,True,True,89.30999755859375,0.0,77.93599700927734,True,True,41.72999954223633,0.0,74.26399993896484,True,True,52.47999954223633,0.0,80.13200378417969,True,True,52.86000061035156,0.0,76.74800109863281,True,True,74.5199966430664,0.0,75.73999786376953,True,True,44.720001220703125,0.0,74.93000030517578,True,True,47.459999084472656,0.0,76.53199768066406,True,True,57.29999923706055,0.0,77.43199920654297,True,True,-25.0,75.7699966430664,,,,47.875999450683594,210.0019989013672,48.290000915527344,152.0,38.0,
2021-08-17 12:30:00,,,,,55.439998626708984,0.0,78.49400329589844,True,True,98.08000183105469,0.0,75.99199676513672,True,True,64.62000274658203,0.0,75.41600036621094,True,True,87.80000305175781,0.0,77.03600311279297,True,True,46.790000915527344,0.0,74.31800079345703,True,True,57.5,0.0,80.13200378417969,True,True,54.130001068115234,0.0,76.96399688720703,True,True,76.91999816894531,0.0,75.8479995727539,True,True,43.720001220703125,0.0,74.91200256347656,True,True,52.029998779296875,0.0,76.53199768066406,True,True,54.650001525878906,0.0,77.73799896240234,True,True,-25.0,72.41000366210938,,,,47.875999450683594,210.0019989013672,48.290000915527344,152.0,38.0,
2021-08-17 12:45:00,,,,,49.459999084472656,0.0,78.72799682617188,True,True,94.25,0.0,76.33399963378906,True,True,65.16999816894531,0.0,75.4520034790039,True,True,87.86000061035156,0.0,77.68399810791016,True,True,43.40999984741211,0.0,74.31800079345703,True,True,58.13999938964844,0.0,80.16799926757812,True,True,51.63999938964844,0.0,76.89199829101562,True,True,76.55000305175781,0.0,75.88400268554688,True,True,42.220001220703125,0.0,74.98400115966797,True,True,47.93000030517578,0.0,76.58599853515625,True,True,55.58000183105469,0.0,77.68399810791016,True,True,-25.0,74.30000305175781,,,,48.03799819946289,210.0019989013672,48.45199966430664,152.0,38.0,
2021-08-17 13:00:00,,,,,54.18000030517578,0.0,78.96199798583984,True,True,95.0999984741211,0.0,76.60399627685547,True,True,62.38999938964844,0.0,75.4520034790039,True,True,87.58000183105469,0.0,77.68399810791016,True,True,48.16999816894531,0.0,74.38999938964844,True,True,58.75,0.0,80.0780029296875,True,True,52.25,0.0,76.802001953125,True,True,76.91999816894531,0.0,75.68599700927734,True,True,42.5,0.0,74.947998046875,True,True,49.060001373291016,0.0,76.63999938964844,True,True,52.40999984741211,0.0,77.43199920654297,True,True,-25.0,73.9000015258789,,,,47.93000030517578,210.0019989013672,48.36199951171875,160.0,40.0,
2021-08-17 13:15:00,,,,,54.119998931884766,0.0,78.96199798583984,True,True,100.0,0.0,76.0999984741211,True,True,61.7599983215332,0.0,75.4520034790039,True,True,87.18000030517578,0.0,77.52200317382812,True,True,46.540000915527344,0.0,74.37200164794922,True,True,56.439998626708984,0.0,79.1240005493164,True,True,52.599998474121094,0.0,77.23400115966797,True,True,76.43000030517578,0.0,75.79399871826172,True,True,43.79999923706055,0.0,74.947998046875,True,True,46.5,0.0,76.71199798583984,True,True,57.310001373291016,0.0,77.91799926757812,True,True,-25.0,73.33999633789062,,,,48.00199890136719,210.0019989013672,48.41600036621094,152.0,38.0,
2021-08-17 13:30:00,,,,,49.2599983215332,0.0,78.56600189208984,True,True,100.0,0.0,76.35199737548828,True,True,66.0999984741211,0.0,75.4520034790039,True,True,87.30000305175781,0.0,77.84600067138672,True,True,43.9900016784668,0.0,74.40799713134766,True,True,53.36000061035156,0.0,80.05999755859375,True,True,53.650001525878906,0.0,76.98200225830078,True,True,73.72000122070312,0.0,75.86599731445312,True,True,43.16999816894531,0.0,74.98400115966797,True,True,42.79999923706055,0.0,76.71199798583984,True,True,57.849998474121094,0.0,77.75599670410156,True,True,-25.0,74.83999633789062,,,,48.03799819946289,210.0019989013672,48.45199966430664,152.0,38.0,
2021-08-17 13:45:00,,,,,54.040000915527344,0.0,79.21399688720703,True,True,100.0,0.0,76.31600189208984,True,True,66.01000213623047,0.0,75.41600036621094,True,True,86.81999969482422,0.0,78.2959976196289,True,True,48.33000183105469,0.0,74.38999938964844,True,True,53.150001525878906,0.0,80.41999816894531,True,True,51.90999984741211,0.0,77.10800170898438,True,True,78.91999816894531,0.0,75.81199645996094,True,True,42.29999923706055,0.0,75.0199966430664,True,True,46.400001525878906,0.0,76.76599884033203,True,True,63.439998626708984,0.0,77.9540023803711,True,True,-25.0,74.87000274658203,,,,48.055999755859375,210.0019989013672,48.487998962402344,152.0,38.0,
2021-08-17 14:00:00,,,,,55.70000076293945,0.0,79.1240005493164,True,True,100.0,0.0,76.51399993896484,True,True,70.25,0.0,75.36199951171875,True,True,86.33000183105469,0.0,78.49400329589844,True,True,48.09000015258789,0.0,74.4260025024414,True,True,56.09000015258789,0.0,80.83399963378906,True,True,53.439998626708984,0.0,77.61199951171875,True,True,78.66999816894531,0.0,75.86599731445312,True,True,47.849998474121094,0.0,75.05599975585938,True,True,52.25,0.0,76.76599884033203,True,True,63.81999969482422,0.0,78.47599792480469,True,True,-25.0,78.3499984741211,,,,48.145999908447266,210.0019989013672,48.577999114990234,152.0,38.0,
2021-08-17 14:15:00,,,,,55.18000030517578,0.0,79.33999633789062,True,True,100.0,0.0,76.49600219726562,True,True,62.709999084472656,0.0,75.39800262451172,True,True,85.20999908447266,0.0,78.58399963378906,True,True,46.56999969482422,0.0,74.58799743652344,True,True,52.470001220703125,0.0,80.56400299072266,True,True,53.439998626708984,0.0,77.52200317382812,True,True,81.0999984741211,0.0,75.9020004272461,True,True,43.83000183105469,0.0,75.0739974975586,True,True,54.25,0.0,76.76599884033203,True,True,62.459999084472656,0.0,78.33200073242188,True,True,-25.0,77.33999633789062,,,,47.89400100708008,210.0019989013672,48.290000915527344,152.0,38.0,
2021-08-17 14:30:00,,,,,53.5,0.0,79.10600280761719,True,True,100.0,0.0,76.71199798583984,True,True,70.98999786376953,0.0,75.41600036621094,True,True,84.37999725341797,0.0,78.87200164794922,True,True,47.47999954223633,0.0,74.49800109863281,True,True,52.09000015258789,0.0,80.70800018310547,True,True,53.38999938964844,0.0,77.75599670410156,True,True,76.16999816894531,0.0,75.72200012207031,True,True,44.11000061035156,0.0,75.09200286865234,True,True,46.77000045776367,0.0,76.74800109863281,True,True,57.68000030517578,0.0,78.45800018310547,True,True,-25.0,76.80000305175781,,,,47.965999603271484,210.0019989013672,48.41600036621094,152.0,38.0,
2021-08-17 14:45:00,,,,,52.709999084472656,0.0,79.41200256347656,True,True,100.0,0.0,76.33399963378906,True,True,63.81999969482422,0.0,75.43399810791016,True,True,83.77999877929688,0.0,79.19599914550781,True,True,47.90999984741211,0.0,74.33599853515625,True,True,51.29999923706055,0.0,81.06800079345703,True,True,52.310001373291016,0.0,77.41400146484375,True,True,75.02999877929688,0.0,75.88400268554688,True,True,43.470001220703125,0.0,75.12799835205078,True,True,51.47999954223633,0.0,76.91000366210938,True,True,61.779998779296875,0.0,77.61199951171875,True,True,-25.0,79.81999969482422,,,,47.98400115966797,210.0019989013672,48.45199966430664,160.0,40.0,
2021-08-17 15:00:00,,,,,53.90999984741211,0.0,79.33999633789062,True,True,100.0,0.0,76.85600280761719,True,True,73.0,0.0,75.43399810791016,True,True,83.83999633789062,0.0,79.30400085449219,True,True,45.06999969482422,0.0,74.56999969482422,True,True,57.56999969482422,0.0,81.28399658203125,True,True,52.459999084472656,0.0,77.7020034790039,True,True,77.41999816894531,0.0,75.9739990234375,True,True,44.279998779296875,0.0,75.19999694824219,True,True,47.63999938964844,0.0,77.01799774169922,True,True,60.77000045776367,0.0,77.57599639892578,True,True,-25.0,76.8499984741211,,,,48.09199905395508,210.0019989013672,48.50600051879883,144.0,36.0,
2021-08-17 15:15:00,,,,,49.68000030517578,0.0,80.05999755859375,True,True,100.0,0.0,75.9739990234375,True,True,63.9900016784668,0.0,75.52400207519531,True,True,82.94999694824219,0.0,79.53800201416016,True,True,44.40999984741211,0.0,74.552001953125,True,True,57.06999969482422,0.0,81.75199890136719,True,True,52.619998931884766,0.0,77.97200012207031,True,True,79.20999908447266,0.0,76.08200073242188,True,True,43.70000076293945,0.0,75.25399780273438,True,True,54.25,0.0,77.10800170898438,True,True,59.08000183105469,0.0,78.33200073242188,True,True,-25.0,79.63999938964844,,,,48.290000915527344,210.0019989013672,48.68600082397461,152.0,38.0,
2021-08-17 15:30:00,,,,,54.7599983215332,0.0,79.21399688720703,True,True,94.05999755859375,0.0,76.31600189208984,True,True,63.79999923706055,0.0,75.4520034790039,True,True,83.45999908447266,0.0,79.30400085449219,True,True,44.27000045776367,0.0,74.56999969482422,True,True,53.900001525878906,0.0,81.08599853515625,True,True,52.209999084472656,0.0,78.67400360107422,True,True,77.12999725341797,0.0,76.06400299072266,True,True,45.349998474121094,0.0,75.27200317382812,True,True,53.130001068115234,0.0,77.25199890136719,True,True,60.560001373291016,0.0,78.9260025024414,True,True,-25.0,80.87000274658203,,,,48.30799865722656,210.0019989013672,48.7760009765625,160.0,40.0,
2021-08-17 15:45:00,,,,,56.65999984741211,0.0,79.87999725341797,True,True,99.77999877929688,0.0,76.24400329589844,True,True,64.3499984741211,0.0,75.43399810791016,True,True,83.25,0.0,79.33999633789062,True,True,44.970001220703125,0.0,74.60600280761719,True,True,53.88999938964844,0.0,81.302001953125,True,True,53.130001068115234,0.0,79.26799774169922,True,True,78.87000274658203,0.0,75.9739990234375,True,True,49.36000061035156,0.0,75.30799865722656,True,True,46.52000045776367,0.0,77.2699966430664,True,True,69.04000091552734,0.0,79.61000061035156,True,True,-25.0,81.8499984741211,,,,48.577999114990234,210.0019989013672,48.992000579833984,152.0,38.0,
2021-08-17 16:00:00,,,,,50.310001373291016,0.0,79.14199829101562,True,True,100.0,0.0,76.13600158691406,True,True,68.27999877929688,0.0,75.47000122070312,True,True,83.73999786376953,0.0,79.23200225830078,True,True,44.56999969482422,0.0,74.58799743652344,True,True,57.900001525878906,0.0,80.81600189208984,True,True,53.22999954223633,0.0,78.31400299072266,True,True,82.1500015258789,0.0,76.20800018310547,True,True,44.77000045776367,0.0,75.30799865722656,True,True,51.34000015258789,0.0,77.30599975585938,True,True,63.97999954223633,0.0,78.65599822998047,True,True,-25.0,83.36000061035156,,,,48.577999114990234,210.0019989013672,49.0099983215332,152.0,38.0,
2021-08-17 16:15:00,,,,,54.95000076293945,0.0,79.1240005493164,True,True,100.0,0.0,76.33399963378906,True,True,65.43000030517578,0.0,75.48799896240234,True,True,82.97000122070312,0.0,78.90799713134766,True,True,45.93000030517578,0.0,74.6240005493164,True,True,54.209999084472656,0.0,80.41999816894531,True,True,53.560001373291016,0.0,78.63800048828125,True,True,78.25,0.0,76.06400299072266,True,True,47.689998626708984,0.0,75.34400177001953,True,True,52.61000061035156,0.0,77.3239974975586,True,True,67.97000122070312,0.0,79.25,True,True,-25.0,84.80999755859375,,,,48.61399841308594,210.0019989013672,49.04600143432617,152.0,38.0,
2021-08-17 16:30:00,,,,,51.560001373291016,0.0,79.5739974975586,True,True,100.0,0.0,76.85600280761719,True,True,65.12999725341797,0.0,75.4520034790039,True,True,81.87000274658203,0.0,78.60199737548828,True,True,46.540000915527344,0.0,74.66000366210938,True,True,58.2599983215332,0.0,80.16799926757812,True,True,54.459999084472656,0.0,78.47599792480469,True,True,82.95999908447266,0.0,75.99199676513672,True,True,45.15999984741211,0.0,75.34400177001953,True,True,60.65999984741211,0.0,77.43199920654297,True,True,68.33999633789062,0.0,79.10600280761719,True,True,-25.0,84.87000274658203,,,,47.9119987487793,210.0019989013672,48.433998107910156,160.0,40.0,
2021-08-17 16:45:00,,,,,60.04999923706055,0.0,79.59200286865234,True,True,100.0,0.0,77.86399841308594,True,True,69.33999633789062,0.0,75.50599670410156,True,True,78.04000091552734,0.0,78.58399963378906,True,True,50.61000061035156,0.0,74.64199829101562,True,True,54.88999938964844,0.0,79.48400115966797,True,True,54.95000076293945,0.0,78.20600128173828,True,True,84.47000122070312,0.0,76.11799621582031,True,True,44.849998474121094,0.0,75.37999725341797,True,True,52.52000045776367,0.0,77.43199920654297,True,True,69.29000091552734,0.0,79.052001953125,True,True,-25.0,89.62000274658203,,,,49.784000396728516,210.0019989013672,50.55799865722656,152.0,38.0,
2021-08-17 17:00:00,,,,,48.84000015258789,0.0,79.87999725341797,True,True,100.0,0.0,77.57599639892578,True,True,63.529998779296875,0.0,75.50599670410156,True,True,74.70999908447266,0.0,77.8280029296875,True,True,44.41999816894531,0.0,74.58799743652344,True,True,52.75,0.0,78.18800354003906,True,True,54.66999816894531,0.0,77.77400207519531,True,True,80.66999816894531,0.0,76.0999984741211,True,True,41.709999084472656,0.0,75.41600036621094,True,True,56.349998474121094,0.0,77.43199920654297,True,True,65.83999633789062,0.0,78.33200073242188,True,True,-25.0,83.0199966430664,,,,47.012001037597656,210.0019989013672,47.444000244140625,152.0,38.0,
2021-08-17 17:15:00,,,,,52.849998474121094,0.0,79.87999725341797,True,True,100.0,0.0,77.03600311279297,True,True,61.59000015258789,0.0,75.4520034790039,True,True,69.76000213623047,0.0,77.75599670410156,True,True,43.0,0.0,74.60600280761719,True,True,54.959999084472656,0.0,78.60199737548828,True,True,54.88999938964844,0.0,78.04399871826172,True,True,86.94999694824219,0.0,76.27999877929688,True,True,43.7599983215332,0.0,75.37999725341797,True,True,60.880001068115234,0.0,77.43199920654297,True,True,67.7300033569336,0.0,78.87200164794922,True,True,-25.0,74.87000274658203,,,,49.316001892089844,210.0019989013672,49.513999938964844,152.0,38.0,
2021-08-17 17:30:00,,,,,45.790000915527344,0.0,79.64600372314453,True,True,100.0,0.0,76.53199768066406,True,True,54.95000076293945,0.0,75.36199951171875,True,True,63.11000061035156,2.950000047683716,77.79199981689453,True,True,39.880001068115234,0.0,74.58799743652344,True,True,47.970001220703125,0.0,78.9260025024414,True,True,53.4900016784668,0.0,78.06199645996094,True,True,87.63999938964844,0.0,76.06400299072266,True,True,46.369998931884766,0.0,75.4520034790039,True,True,63.349998474121094,0.0,77.48600006103516,True,True,68.8499984741211,0.0,78.58399963378906,True,True,-25.0,64.69000244140625,,,,41.52199935913086,210.0019989013672,41.84600067138672,144.0,36.0,
2021-08-17 17:45:00,,,,,47.470001220703125,0.0,79.50199890136719,True,True,100.0,0.0,77.21600341796875,True,True,50.279998779296875,0.0,75.34400177001953,True,True,58.279998779296875,5.269999980926514,77.14399719238281,True,True,40.84000015258789,0.0,74.4800033569336,True,True,50.0,0.0,77.9540023803711,True,True,48.02000045776367,0.0,77.77400207519531,True,True,77.73999786376953,0.0,76.06400299072266,True,True,42.68000030517578,0.0,75.37999725341797,True,True,52.52000045776367,0.0,77.43199920654297,True,True,57.33000183105469,0.0,78.11599731445312,True,True,-25.0,64.86000061035156,,,,41.77399826049805,210.0019989013672,42.20600128173828,152.0,38.0,
2021-08-17 18:00:00,,,,,40.13999938964844,0.0,78.33200073242188,True,True,100.0,0.0,77.23400115966797,True,True,51.31999969482422,0.0,75.34400177001953,True,True,57.79999923706055,3.7799999713897705,77.03600311279297,True,True,40.06999969482422,0.0,74.4800033569336,True,True,44.7400016784668,0.0,77.66600036621094,True,True,51.22999954223633,0.0,76.65799713134766,True,True,87.43000030517578,0.0,76.08200073242188,True,True,48.279998779296875,0.0,75.4520034790039,True,True,56.709999084472656,0.0,77.43199920654297,True,True,67.08999633789062,0.0,76.65799713134766,True,True,-25.0,61.54999923706055,,,,41.1619987487793,210.0019989013672,41.57600021362305,136.0,34.0,
2021-08-17 18:15:00,,,,,34.93000030517578,0.0,78.47599792480469,True,True,100.0,0.0,77.0719985961914,True,True,49.15999984741211,0.0,75.34400177001953,True,True,55.61000061035156,3.869999885559082,76.76599884033203,True,True,39.52000045776367,0.0,74.44400024414062,True,True,43.52000045776367,0.0,77.23400115966797,True,True,45.97999954223633,0.0,76.44200134277344,True,True,70.22000122070312,0.0,75.91999816894531,True,True,41.209999084472656,0.0,75.39800262451172,True,True,44.779998779296875,0.0,77.43199920654297,True,True,56.61000061035156,0.0,76.31600189208984,True,True,-25.0,58.81999969482422,,,,41.59400177001953,210.0019989013672,42.13399887084961,144.0,36.0,
2021-08-17 18:30:00,,,,,41.18000030517578,0.0,76.76599884033203,True,True,92.81999969482422,0.0,76.6760025024414,True,True,51.2400016784668,0.0,75.34400177001953,True,True,50.88999938964844,6.550000190734863,76.20800018310547,True,True,39.279998779296875,0.0,74.4800033569336,True,True,50.349998474121094,0.0,76.6760025024414,True,True,44.79999923706055,0.0,76.0999984741211,True,True,68.7699966430664,0.0,75.8479995727539,True,True,40.66999816894531,0.0,75.36199951171875,True,True,44.09000015258789,0.0,77.43199920654297,True,True,54.5099983215332,0.0,75.81199645996094,True,True,-25.0,61.849998474121094,,,,41.55799865722656,210.0019989013672,41.93600082397461,144.0,36.0,
2021-08-17 18:45:00,,,,,49.720001220703125,0.0,76.49600219726562,True,True,92.13999938964844,0.0,76.6760025024414,True,True,53.79999923706055,0.0,75.27200317382812,True,True,49.58000183105469,5.929999828338623,76.0999984741211,True,True,38.779998779296875,0.0,74.46199798583984,True,True,45.59000015258789,0.0,76.33399963378906,True,True,44.540000915527344,0.0,75.50599670410156,True,True,60.040000915527344,1.8899999856948853,75.8479995727539,True,True,39.900001525878906,0.0,75.16400146484375,True,True,54.25,0.0,77.3239974975586,True,True,50.380001068115234,0.0,75.36199951171875,True,True,-25.0,59.959999084472656,,,,41.737998962402344,210.0019989013672,42.11600112915039,144.0,36.0,
2021-08-17 19:00:00,,,,,40.279998779296875,0.0,76.56800079345703,True,True,99.0199966430664,0.0,76.19000244140625,True,True,47.470001220703125,0.0,75.34400177001953,True,True,51.630001068115234,1.7200000286102295,75.7040023803711,True,True,40.5099983215332,0.0,74.51599884033203,True,True,43.849998474121094,0.0,75.9739990234375,True,True,44.040000915527344,0.0,75.11000061035156,True,True,61.369998931884766,1.1299999952316284,75.9020004272461,True,True,37.52000045776367,0.0,75.09200286865234,True,True,45.66999816894531,0.0,77.21600341796875,True,True,50.130001068115234,0.0,74.4800033569336,True,True,-25.0,64.81999969482422,,,,44.90599822998047,210.0019989013672,45.428001403808594,136.0,34.0,
2021-08-17 19:15:00,,,,,42.630001068115234,0.0,76.62200164794922,True,True,100.0,0.0,76.0459976196289,True,True,54.13999938964844,0.0,75.34400177001953,True,True,50.959999084472656,0.25,75.41600036621094,True,True,41.25,0.0,74.44400024414062,True,True,45.369998931884766,0.0,75.29000091552734,True,True,43.540000915527344,0.0,74.53399658203125,True,True,63.5,0.0,75.8479995727539,True,True,40.880001068115234,0.0,75.12799835205078,True,True,39.95000076293945,0.0,77.14399719238281,True,True,49.61000061035156,0.0,73.94000244140625,True,True,-25.0,67.79000091552734,,,,44.72600173950195,210.0019989013672,45.08599853515625,144.0,36.0,
2021-08-17 19:30:00,,,,,43.720001220703125,0.0,76.71199798583984,True,True,100.0,0.0,75.99199676513672,True,True,58.209999084472656,0.0,75.34400177001953,True,True,52.380001068115234,0.0,75.4520034790039,True,True,42.86000061035156,0.0,74.38999938964844,True,True,50.09000015258789,0.0,75.34400177001953,True,True,43.439998626708984,0.0,74.38999938964844,True,True,63.290000915527344,0.0,75.86599731445312,True,True,36.459999084472656,0.0,75.12799835205078,True,True,38.790000915527344,0.0,77.14399719238281,True,True,48.93000030517578,0.0,73.58000183105469,True,True,-25.0,68.43000030517578,,,,45.26599884033203,210.0019989013672,45.64400100708008,136.0,34.0,
2021-08-17 19:45:00,,,,,45.630001068115234,0.0,75.54199981689453,True,True,100.0,0.0,75.88400268554688,True,True,54.47999954223633,0.0,75.34400177001953,True,True,57.349998474121094,0.0,75.21800231933594,True,True,32.650001525878906,3.240000009536743,74.31800079345703,True,True,47.84000015258789,0.0,74.83999633789062,True,True,48.029998779296875,0.0,73.66999816894531,True,True,60.29999923706055,0.0,75.66799926757812,True,True,42.43000030517578,0.0,75.12799835205078,True,True,45.560001373291016,0.0,77.0719985961914,True,True,52.2400016784668,0.0,72.4280014038086,True,True,-25.0,70.37000274658203,,,,45.013999938964844,210.0019989013672,45.44599914550781,144.0,36.0,
2021-08-17 20:00:00,,,,,42.18000030517578,0.0,75.68599700927734,True,True,100.0,0.0,75.7760009765625,True,True,54.099998474121094,0.0,75.32599639892578,True,True,50.33000183105469,0.0,75.03800201416016,True,True,42.459999084472656,0.0,74.4260025024414,True,True,46.959999084472656,0.0,74.22799682617188,True,True,49.099998474121094,0.0,73.36399841308594,True,True,65.7300033569336,0.0,75.81199645996094,True,True,43.11000061035156,0.0,75.09200286865234,True,True,42.2400016784668,0.0,77.05400085449219,True,True,49.02000045776367,0.0,72.1760025024414,True,True,-25.0,69.80000305175781,,,,44.816001892089844,210.0019989013672,45.26599884033203,136.0,34.0,
2021-08-17 20:15:00,,,,,48.91999816894531,0.0,75.79399871826172,True,True,100.0,0.0,75.43399810791016,True,True,60.93000030517578,0.0,75.34400177001953,True,True,51.91999816894531,0.0,74.85800170898438,True,True,42.13999938964844,0.0,74.30000305175781,True,True,47.81999969482422,0.0,74.22799682617188,True,True,48.38999938964844,0.0,73.18399810791016,True,True,61.0,0.0,75.7760009765625,True,True,41.380001068115234,0.0,75.00199890136719,True,True,47.66999816894531,0.0,76.96399688720703,True,True,52.95000076293945,0.0,71.99600219726562,True,True,-25.0,69.33999633789062,,,,44.45600128173828,210.0019989013672,44.94200134277344,144.0,36.0,
2021-08-17 20:30:00,,,,,43.66999816894531,0.0,75.75800323486328,True,True,100.0,0.0,75.39800262451172,True,True,57.630001068115234,0.0,75.27200317382812,True,True,50.29999923706055,0.0,74.6780014038086,True,True,41.95000076293945,0.0,74.33599853515625,True,True,49.33000183105469,0.0,74.0479965209961,True,True,46.810001373291016,0.0,72.84200286865234,True,True,57.869998931884766,0.0,75.79399871826172,True,True,40.0,0.0,75.16400146484375,True,True,46.16999816894531,0.0,76.96399688720703,True,True,50.349998474121094,0.0,71.72599792480469,True,True,-25.0,70.94999694824219,,,,44.13199996948242,210.0019989013672,44.54600143432617,136.0,34.0,
2021-08-17 20:45:00,,,,,42.86000061035156,0.0,75.54199981689453,True,True,100.0,0.0,75.41600036621094,True,True,57.0099983215332,0.0,75.34400177001953,True,True,49.779998779296875,0.0,74.6240005493164,True,True,42.22999954223633,0.0,74.35399627685547,True,True,44.22999954223633,0.0,73.94000244140625,True,True,45.4900016784668,0.0,72.75199890136719,True,True,58.119998931884766,0.0,75.61399841308594,True,True,41.529998779296875,0.0,75.0739974975586,True,True,44.59000015258789,0.0,76.91000366210938,True,True,49.13999938964844,0.0,71.5999984741211,True,True,-25.0,69.25,,,,43.66400146484375,210.0019989013672,44.18600082397461,136.0,34.0,
2021-08-17 21:00:00,,,,,39.79999923706055,0.0,75.18199920654297,True,True,100.0,0.0,75.29000091552734,True,True,50.349998474121094,0.0,75.21800231933594,True,True,48.38999938964844,0.0,74.6240005493164,True,True,37.68000030517578,0.0,74.30000305175781,True,True,49.029998779296875,0.0,73.76000213623047,True,True,44.630001068115234,0.0,72.55400085449219,True,True,60.22999954223633,0.0,75.59600067138672,True,True,38.90999984741211,0.0,75.03800201416016,True,True,41.95000076293945,0.0,76.83799743652344,True,True,47.540000915527344,0.0,71.5459976196289,True,True,-25.0,68.5999984741211,,,,42.2599983215332,210.0019989013672,42.67399978637695,136.0,34.0,
2021-08-17 21:15:00,,,,,40.959999084472656,0.0,75.7040023803711,True,True,100.0,0.0,75.14600372314453,True,True,48.2599983215332,0.0,75.39800262451172,True,True,46.779998779296875,0.0,74.44400024414062,True,True,37.13999938964844,0.0,74.22799682617188,True,True,58.939998626708984,0.0,73.43599700927734,True,True,45.75,0.0,72.73400115966797,True,True,58.7599983215332,0.0,75.61399841308594,True,True,38.810001373291016,0.0,75.00199890136719,True,True,40.0,0.0,76.78399658203125,True,True,45.95000076293945,0.0,71.52799987792969,True,True,-25.0,69.68000030517578,,,,42.74599838256836,210.0019989013672,43.30400085449219,144.0,36.0,
2021-08-17 21:30:00,,,,,43.15999984741211,0.0,75.27200317382812,True,True,100.0,0.0,75.19999694824219,True,True,44.5,0.0,75.25399780273438,True,True,46.380001068115234,0.0,74.4260025024414,True,True,33.459999084472656,0.0,74.26399993896484,True,True,43.560001373291016,0.0,73.23799896240234,True,True,44.4900016784668,0.0,72.35600280761719,True,True,61.91999816894531,0.0,75.66799926757812,True,True,38.04999923706055,0.0,75.0199966430664,True,True,44.93000030517578,0.0,76.78399658203125,True,True,45.40999984741211,0.0,71.23999786376953,True,True,-25.0,66.19000244140625,,,,40.94599914550781,210.0019989013672,41.37799835205078,136.0,34.0,
2021-08-17 21:45:00,,,,,42.27000045776367,0.0,75.50599670410156,True,True,100.0,0.0,75.09200286865234,True,True,47.34000015258789,0.0,75.18199920654297,True,True,40.869998931884766,0.0,74.31800079345703,True,True,36.630001068115234,0.0,74.26399993896484,True,True,41.720001220703125,0.0,73.5260009765625,True,True,44.560001373291016,0.0,72.58999633789062,True,True,51.65999984741211,0.0,75.50599670410156,True,True,38.16999816894531,0.0,74.947998046875,True,True,39.77000045776367,0.0,76.76599884033203,True,True,43.91999816894531,0.0,71.45600128173828,True,True,-25.0,65.06999969482422,,,,41.395999908447266,210.0019989013672,41.79199981689453,136.0,34.0,
2021-08-17 22:00:00,,,,,41.900001525878906,0.0,75.16400146484375,True,True,100.0,0.0,75.03800201416016,True,True,46.70000076293945,0.0,75.25399780273438,True,True,40.36000061035156,0.0,74.0479965209961,True,True,36.65999984741211,0.0,74.28199768066406,True,True,43.290000915527344,0.0,73.00399780273438,True,True,42.75,0.0,72.80599975585938,True,True,57.279998779296875,0.0,75.55999755859375,True,True,37.220001220703125,0.0,74.91200256347656,True,True,40.25,0.0,76.74800109863281,True,True,41.86000061035156,0.0,71.63600158691406,True,True,-25.0,65.8499984741211,,,,41.28799819946289,210.0019989013672,41.70199966430664,136.0,34.0,
2021-08-17 22:15:00,,,,,38.93000030517578,0.0,75.41600036621094,True,True,100.0,0.0,74.96600341796875,True,True,42.619998931884766,0.0,75.34400177001953,True,True,40.630001068115234,0.0,73.99400329589844,True,True,36.13999938964844,0.0,74.22799682617188,True,True,42.2400016784668,0.0,73.09400177001953,True,True,42.38999938964844,0.0,72.71600341796875,True,True,56.77000045776367,0.0,75.63200378417969,True,True,36.939998626708984,0.0,74.91200256347656,True,True,41.650001525878906,0.0,76.6760025024414,True,True,49.41999816894531,0.0,71.52799987792969,True,True,-25.0,63.63999938964844,,,,41.0359992980957,210.0019989013672,41.486000061035156,136.0,34.0,
2021-08-17 22:30:00,,,,,37.849998474121094,0.0,75.00199890136719,True,True,100.0,0.0,74.89399719238281,True,True,42.5099983215332,0.0,75.27200317382812,True,True,39.68000030517578,0.0,73.95800018310547,True,True,38.369998931884766,0.0,74.24600219726562,True,True,39.52000045776367,0.0,72.96800231933594,True,True,42.70000076293945,0.0,72.66200256347656,True,True,50.58000183105469,0.0,75.59600067138672,True,True,36.4900016784668,0.0,74.89399719238281,True,True,39.91999816894531,0.0,76.63999938964844,True,True,47.189998626708984,0.0,71.45600128173828,True,True,-25.0,66.5199966430664,,,,41.1619987487793,210.0019989013672,41.57600021362305,136.0,34.0,
2021-08-17 22:45:00,,,,,42.04999923706055,0.0,75.50599670410156,True,True,99.94999694824219,0.0,75.21800231933594,True,True,41.63999938964844,0.0,75.18199920654297,True,True,39.970001220703125,0.0,74.31800079345703,True,True,37.02000045776367,0.0,74.15599822998047,True,True,40.0,0.0,73.66999816894531,True,True,42.029998779296875,0.0,72.64399719238281,True,True,48.59000015258789,0.0,75.54199981689453,True,True,35.7599983215332,0.0,74.85800170898438,True,True,36.97999954223633,0.0,76.60399627685547,True,True,41.650001525878906,0.0,71.81600189208984,True,True,-25.0,64.83999633789062,,,,41.198001861572266,210.0019989013672,41.61199951171875,136.0,34.0,
2021-08-17 23:00:00,,,,,37.43000030517578,0.0,75.25399780273438,True,True,96.72000122070312,0.0,74.85800170898438,True,True,47.310001373291016,0.0,75.25399780273438,True,True,39.369998931884766,0.0,74.20999908447266,True,True,39.91999816894531,0.0,74.20999908447266,True,True,39.27000045776367,0.0,73.18399810791016,True,True,40.95000076293945,0.0,72.64399719238281,True,True,50.18000030517578,0.0,75.50599670410156,True,True,37.060001373291016,0.0,74.85800170898438,True,True,31.739999771118164,0.0,76.58599853515625,True,True,44.59000015258789,0.0,71.43800354003906,True,True,-25.0,74.56999969482422,,,,41.23400115966797,210.0019989013672,41.64799880981445,136.0,34.0,
2021-08-17 23:15:00,,,,,39.11000061035156,0.0,75.30799865722656,True,True,96.2699966430664,0.0,74.98400115966797,True,True,48.599998474121094,0.0,75.34400177001953,True,True,39.810001373291016,0.0,74.13800048828125,True,True,35.56999969482422,0.0,74.24600219726562,True,True,44.90999984741211,0.0,73.14800262451172,True,True,42.720001220703125,0.0,72.697998046875,True,True,53.33000183105469,0.0,75.41600036621094,True,True,36.63999938964844,0.0,74.83999633789062,True,True,43.310001373291016,0.0,76.58599853515625,True,True,44.59000015258789,0.0,71.5459976196289,True,True,-25.0,77.80999755859375,,,,43.0880012512207,210.0019989013672,43.231998443603516,136.0,34.0,
2021-08-17 23:30:00,,,,,47.79999923706055,0.0,75.5780029296875,True,True,96.94000244140625,0.0,75.00199890136719,True,True,51.939998626708984,0.0,75.29000091552734,True,True,46.25,0.0,74.0479965209961,True,True,38.900001525878906,0.0,74.24600219726562,True,True,44.18000030517578,0.0,72.96800231933594,True,True,43.689998626708984,0.0,72.64399719238281,True,True,44.18000030517578,0.029999999329447746,75.41600036621094,True,True,37.81999969482422,0.0,74.85800170898438,True,True,44.72999954223633,0.0,76.58599853515625,True,True,44.02000045776367,0.0,71.76200103759766,True,True,-25.0,75.87000274658203,,,,46.61600112915039,210.0019989013672,47.119998931884766,136.0,34.0,
2021-08-17 23:45:00,,,,,38.810001373291016,0.0,75.27200317382812,True,True,100.0,0.0,75.0739974975586,True,True,53.4900016784668,0.0,75.32599639892578,True,True,47.22999954223633,0.0,74.26399993896484,True,True,41.900001525878906,0.0,74.30000305175781,True,True,46.720001220703125,0.0,73.00399780273438,True,True,43.34000015258789,0.0,72.53600311279297,True,True,50.88999938964844,0.0,75.52400207519531,True,True,37.380001068115234,0.0,74.80400085449219,True,True,43.33000183105469,0.0,76.58599853515625,True,True,42.29999923706055,0.0,71.63600158691406,True,True,-25.0,78.29000091552734,,,,45.91400146484375,210.0019989013672,46.14799880981445,136.0,34.0,
2021-08-18 00:00:00,,,,,43.5099983215332,0.0,75.54199981689453,True,True,99.5,0.0,75.16400146484375,True,True,53.41999816894531,0.0,75.30799865722656,True,True,52.790000915527344,0.0,74.06600189208984,True,True,37.86000061035156,0.0,74.19200134277344,True,True,46.5099983215332,0.0,73.14800262451172,True,True,46.18000030517578,0.0,72.60800170898438,True,True,53.16999816894531,0.0,75.5780029296875,True,True,38.86000061035156,0.0,74.83999633789062,True,True,39.77000045776367,0.0,76.62200164794922,True,True,44.77000045776367,0.0,71.4020004272461,True,True,-25.0,79.5,,,,46.922000885009766,210.0019989013672,47.40800094604492,136.0,34.0,
2021-08-18 00:15:00,,,,,48.66999816894531,0.0,75.41600036621094,True,True,100.0,0.0,75.16400146484375,True,True,61.939998626708984,0.0,75.37999725341797,True,True,51.36000061035156,0.0,73.95800018310547,True,True,44.099998474121094,0.0,74.28199768066406,True,True,52.689998626708984,0.0,72.96800231933594,True,True,48.290000915527344,0.0,72.5719985961914,True,True,54.16999816894531,0.0,75.54199981689453,True,True,41.2599983215332,0.0,74.91200256347656,True,True,48.470001220703125,0.0,76.65799713134766,True,True,47.099998474121094,0.0,71.3479995727539,True,True,-25.0,82.0999984741211,,,,47.98400115966797,210.0019989013672,48.70399856567383,136.0,34.0,
2021-08-18 00:30:00,,,,,44.650001525878906,0.0,75.29000091552734,True,True,99.18000030517578,0.0,75.25399780273438,True,True,52.47999954223633,0.0,75.34400177001953,True,True,47.7400016784668,0.0,74.13800048828125,True,True,39.529998779296875,0.0,74.26399993896484,True,True,50.529998779296875,0.0,73.11199951171875,True,True,48.2599983215332,0.0,72.60800170898438,True,True,61.540000915527344,0.0,75.7040023803711,True,True,40.90999984741211,0.0,74.91200256347656,True,True,43.849998474121094,0.0,76.60399627685547,True,True,45.2400016784668,0.0,71.45600128173828,True,True,-25.0,81.94999694824219,,,,47.029998779296875,210.0019989013672,47.444000244140625,136.0,34.0,
2021-08-18 00:45:00,,,,,40.849998474121094,0.0,75.54199981689453,True,True,100.0,0.0,75.27200317382812,True,True,54.119998931884766,0.0,75.34400177001953,True,True,47.369998931884766,0.0,74.33599853515625,True,True,39.439998626708984,0.0,74.26399993896484,True,True,45.619998931884766,0.0,73.3280029296875,True,True,49.380001068115234,0.0,72.55400085449219,True,True,54.689998626708984,0.0,75.66799926757812,True,True,45.58000183105469,0.0,74.947998046875,True,True,44.29999923706055,0.0,76.62200164794922,True,True,49.459999084472656,0.0,71.4020004272461,True,True,-25.0,82.4000015258789,,,,47.31800079345703,210.0019989013672,47.731998443603516,136.0,34.0,
2021-08-18 01:00:00,,,,,40.54999923706055,0.0,75.54199981689453,True,True,100.0,0.0,75.29000091552734,True,True,57.209999084472656,0.0,75.39800262451172,True,True,47.0099983215332,0.0,74.31800079345703,True,True,39.310001373291016,0.0,74.26399993896484,True,True,44.81999969482422,0.0,73.30999755859375,True,True,47.5099983215332,0.0,72.5719985961914,True,True,58.09000015258789,0.0,75.59600067138672,True,True,39.20000076293945,0.0,74.947998046875,True,True,49.09000015258789,0.0,76.65799713134766,True,True,48.90999984741211,0.0,71.61799621582031,True,True,-25.0,81.43000030517578,,,,47.17399978637695,210.0019989013672,47.624000549316406,144.0,36.0,
2021-08-18 01:15:00,,,,,39.099998474121094,0.0,75.37999725341797,True,True,99.81999969482422,0.0,75.27200317382812,True,True,54.02000045776367,0.0,75.29000091552734,True,True,46.310001373291016,0.0,74.31800079345703,True,True,43.779998779296875,0.0,74.22799682617188,True,True,51.79999923706055,0.0,73.23799896240234,True,True,47.45000076293945,0.0,72.46399688720703,True,True,64.56999969482422,0.0,75.50599670410156,True,True,39.220001220703125,0.0,74.85800170898438,True,True,45.81999969482422,0.0,76.60399627685547,True,True,47.52000045776367,0.0,71.52799987792969,True,True,-25.0,81.4000015258789,,,,49.40599822998047,210.0019989013672,49.63999938964844,136.0,34.0,
2021-08-18 01:30:00,,,,,44.40999984741211,0.0,75.54199981689453,True,True,100.0,0.0,75.21800231933594,True,True,60.97999954223633,0.0,75.30799865722656,True,True,54.4900016784668,0.0,74.49800109863281,True,True,44.4900016784668,0.0,74.26399993896484,True,True,53.20000076293945,0.0,73.12999725341797,True,True,48.27000045776367,0.0,72.35600280761719,True,True,53.619998931884766,0.0,75.55999755859375,True,True,39.869998931884766,0.0,74.83999633789062,True,True,45.310001373291016,0.0,76.58599853515625,True,True,48.65999984741211,0.0,71.45600128173828,True,True,-25.0,85.38999938964844,,,,47.19200134277344,210.0019989013672,47.731998443603516,136.0,34.0,
2021-08-18 01:45:00,,,,,44.63999938964844,0.0,75.03800201416016,True,True,100.0,0.0,75.25399780273438,True,True,57.81999969482422,0.0,75.27200317382812,True,True,51.52000045776367,0.0,74.38999938964844,True,True,41.0099983215332,0.0,74.26399993896484,True,True,44.86000061035156,0.0,72.75199890136719,True,True,48.279998779296875,0.0,72.10399627685547,True,True,54.34000015258789,0.0,75.43399810791016,True,True,39.209999084472656,0.0,74.83999633789062,True,True,49.58000183105469,0.0,76.58599853515625,True,True,50.959999084472656,0.0,71.22200012207031,True,True,-25.0,81.0,,,,50.18000030517578,210.0019989013672,50.55799865722656,136.0,34.0,
2021-08-18 02:00:00,,,,,47.61000061035156,0.0,75.00199890136719,True,True,100.0,0.0,75.25399780273438,True,True,58.15999984741211,0.0,75.34400177001953,True,True,54.689998626708984,0.0,74.33599853515625,True,True,41.09000015258789,0.0,74.12000274658203,True,True,54.63999938964844,0.0,72.98600006103516,True,True,52.22999954223633,0.0,71.99600219726562,True,True,64.27999877929688,0.0,75.48799896240234,True,True,42.93000030517578,0.0,74.80400085449219,True,True,47.970001220703125,0.0,76.49600219726562,True,True,52.52000045776367,0.0,71.0780029296875,True,True,-25.0,82.69999694824219,,,,48.577999114990234,210.0019989013672,49.15399932861328,144.0,36.0,
2021-08-18 02:15:00,,,,,44.66999816894531,0.0,74.96600341796875,True,True,97.2300033569336,0.0,75.03800201416016,True,True,57.22999954223633,0.0,75.25399780273438,True,True,51.220001220703125,0.0,74.13800048828125,True,True,40.41999816894531,0.0,74.12000274658203,True,True,49.52000045776367,0.0,72.78800201416016,True,True,48.0099983215332,0.0,71.81600189208984,True,True,58.84000015258789,0.0,75.41600036621094,True,True,39.779998779296875,0.0,74.8219985961914,True,True,44.099998474121094,0.0,76.51399993896484,True,True,45.56999969482422,0.0,70.86199951171875,True,True,-25.0,83.13999938964844,,,,48.380001068115234,210.0019989013672,48.847999572753906,136.0,34.0,
2021-08-18 02:30:00,,,,,48.65999984741211,0.0,74.80400085449219,True,True,99.27999877929688,0.0,74.947998046875,True,True,60.18000030517578,0.0,75.23600006103516,True,True,50.5,0.0,74.0479965209961,True,True,44.099998474121094,0.0,74.12000274658203,True,True,46.83000183105469,0.0,72.46399688720703,True,True,53.5099983215332,0.0,71.92400360107422,True,True,59.349998474121094,0.0,75.4520034790039,True,True,45.41999816894531,0.0,74.66000366210938,True,True,46.34000015258789,0.0,76.42400360107422,True,True,46.220001220703125,0.0,70.91600036621094,True,True,-25.0,83.0,,,,48.145999908447266,210.0019989013672,48.59600067138672,136.0,34.0,
2021-08-18 02:45:00,,,,,48.02000045776367,0.0,74.46199798583984,True,True,100.0,0.0,74.85800170898438,True,True,56.68000030517578,0.0,75.18199920654297,True,True,50.529998779296875,0.0,73.77799987792969,True,True,39.709999084472656,0.0,74.12000274658203,True,True,46.650001525878906,0.0,72.28399658203125,True,True,49.77000045776367,0.0,71.70800018310547,True,True,62.83000183105469,0.0,75.39800262451172,True,True,40.0099983215332,0.0,74.80400085449219,True,True,48.220001220703125,0.0,76.47799682617188,True,True,49.529998779296875,0.0,70.73600006103516,True,True,-25.0,82.80999755859375,,,,48.18199920654297,210.0019989013672,48.61399841308594,136.0,34.0,
2021-08-18 03:00:00,,,,,42.36000061035156,0.0,74.51599884033203,True,True,100.0,0.0,74.69599914550781,True,True,56.540000915527344,0.0,75.19999694824219,True,True,50.880001068115234,0.0,73.5979995727539,True,True,39.47999954223633,0.0,74.08399963378906,True,True,53.970001220703125,0.0,72.15799713134766,True,True,49.40999984741211,0.0,71.61799621582031,True,True,61.060001373291016,0.0,75.43399810791016,True,True,40.45000076293945,0.0,74.71399688720703,True,True,44.86000061035156,0.0,76.42400360107422,True,True,48.38999938964844,0.0,70.68199920654297,True,True,-25.0,82.76000213623047,,,,48.21799850463867,210.0019989013672,48.68600082397461,136.0,34.0,
2021-08-18 03:15:00,,,,,46.540000915527344,0.0,74.38999938964844,True,True,100.0,0.0,74.51599884033203,True,True,59.939998626708984,0.0,75.14600372314453,True,True,51.7400016784668,0.0,73.4000015258789,True,True,45.31999969482422,0.0,74.06600189208984,True,True,50.61000061035156,0.0,72.03199768066406,True,True,49.459999084472656,0.0,71.83399963378906,True,True,61.04999923706055,0.0,75.30799865722656,True,True,40.08000183105469,0.0,74.76799774169922,True,True,44.02000045776367,0.0,76.42400360107422,True,True,51.310001373291016,0.0,70.80799865722656,True,True,-25.0,82.55999755859375,,,,48.145999908447266,210.0019989013672,48.59600067138672,144.0,36.0,
2021-08-18 03:30:00,,,,,43.369998931884766,0.0,74.40799713134766,True,True,100.0,0.0,74.552001953125,True,True,52.63999938964844,0.0,75.19999694824219,True,True,54.189998626708984,0.0,73.5260009765625,True,True,41.06999969482422,0.0,74.08399963378906,True,True,50.439998626708984,0.0,71.99600219726562,True,True,49.400001525878906,0.0,71.74400329589844,True,True,61.15999984741211,0.0,75.25399780273438,True,True,39.58000183105469,0.0,74.552001953125,True,True,48.470001220703125,0.0,76.38800048828125,True,True,48.4900016784668,0.0,70.68199920654297,True,True,-25.0,82.3499984741211,,,,48.055999755859375,210.0019989013672,48.52399826049805,136.0,34.0,
2021-08-18 03:45:00,,,,,43.869998931884766,0.0,74.71399688720703,True,True,100.0,0.0,74.552001953125,True,True,51.31999969482422,0.0,75.18199920654297,True,True,54.310001373291016,0.0,73.22000122070312,True,True,38.31999969482422,0.0,74.01200103759766,True,True,53.470001220703125,0.0,71.92400360107422,True,True,49.709999084472656,0.0,71.70800018310547,True,True,56.77000045776367,0.0,75.21800231933594,True,True,38.41999816894531,0.0,74.51599884033203,True,True,49.15999984741211,0.0,76.27999877929688,True,True,50.09000015258789,0.0,70.50199890136719,True,True,-25.0,82.68000030517578,,,,48.11000061035156,210.0019989013672,48.560001373291016,136.0,34.0,
2021-08-18 04:00:00,,,,,47.029998779296875,0.0,74.947998046875,True,True,100.0,0.0,74.69599914550781,True,True,58.04999923706055,0.0,75.21800231933594,True,True,51.849998474121094,0.0,73.41799926757812,True,True,69.5999984741211,0.0,74.06600189208984,True,True,46.16999816894531,0.0,72.15799713134766,True,True,49.650001525878906,0.0,71.61799621582031,True,True,65.08999633789062,0.0,75.25399780273438,True,True,43.279998779296875,0.0,74.64199829101562,True,True,45.97999954223633,0.0,76.24400329589844,True,True,46.779998779296875,0.0,70.41200256347656,True,True,-25.0,87.4000015258789,,,,48.145999908447266,210.0019989013672,48.59600067138672,136.0,34.0,
2021-08-18 04:15:00,,,,,47.150001525878906,0.0,75.18199920654297,True,True,100.0,0.0,74.33599853515625,True,True,58.08000183105469,0.0,75.21800231933594,True,True,57.939998626708984,0.0,73.16600036621094,True,True,40.41999816894531,0.0,74.06600189208984,True,True,46.36000061035156,0.0,71.88800048828125,True,True,49.16999816894531,0.0,71.61799621582031,True,True,59.880001068115234,0.0,75.19999694824219,True,True,43.61000061035156,0.0,74.64199829101562,True,True,43.08000183105469,0.0,76.24400329589844,True,True,53.13999938964844,0.0,70.19599914550781,True,True,-25.0,84.83999633789062,,,,48.27199935913086,210.0019989013672,48.757999420166016,136.0,34.0,
2021-08-18 04:30:00,,,,,49.220001220703125,0.0,74.8759994506836,True,True,100.0,0.0,74.6780014038086,True,True,60.09000015258789,0.0,75.27200317382812,True,True,55.36000061035156,0.0,73.43599700927734,True,True,47.150001525878906,0.0,74.26399993896484,True,True,51.02000045776367,0.0,72.03199768066406,True,True,49.560001373291016,0.0,71.52799987792969,True,True,65.44000244140625,0.0,75.36199951171875,True,True,43.91999816894531,0.0,74.60600280761719,True,True,48.4900016784668,0.0,76.24400329589844,True,True,49.11000061035156,0.0,70.447998046875,True,True,-25.0,84.26000213623047,,,,48.41600036621094,210.0019989013672,48.88399887084961,144.0,36.0,
2021-08-18 04:45:00,,,,,49.619998931884766,0.0,74.76799774169922,True,True,100.0,0.0,74.51599884033203,True,True,63.47999954223633,0.0,75.27200317382812,True,True,56.029998779296875,0.0,73.41799926757812,True,True,43.18000030517578,0.0,74.06600189208984,True,True,52.560001373291016,0.0,72.06800079345703,True,True,49.619998931884766,0.0,71.6719970703125,True,True,61.2599983215332,0.0,75.23600006103516,True,True,42.459999084472656,0.0,74.58799743652344,True,True,46.310001373291016,0.0,76.20800018310547,True,True,53.34000015258789,0.0,70.447998046875,True,True,-25.0,83.9000015258789,,,,48.470001220703125,210.0019989013672,48.88399887084961,136.0,34.0,
2021-08-18 05:00:00,,,,,50.0,0.0,73.95800018310547,True,True,100.0,0.0,74.53399658203125,True,True,60.22999954223633,0.0,75.18199920654297,True,True,55.88999938964844,0.0,73.34600067138672,True,True,39.560001373291016,0.0,74.0479965209961,True,True,53.369998931884766,0.0,72.12200164794922,True,True,50.0099983215332,0.0,71.70800018310547,True,True,64.68000030517578,0.0,75.36199951171875,True,True,43.310001373291016,0.0,74.6240005493164,True,True,45.06999969482422,0.0,76.2979965209961,True,True,47.75,0.0,70.447998046875,True,True,-25.0,83.80999755859375,,,,48.36199951171875,210.0019989013672,48.88399887084961,136.0,34.0,
2021-08-18 05:15:00,,,,,50.77000045776367,0.0,74.0479965209961,True,True,100.0,0.0,74.89399719238281,True,True,61.0,0.0,75.19999694824219,True,True,53.5,0.0,73.5979995727539,True,True,44.77000045776367,0.0,74.20999908447266,True,True,47.09000015258789,0.0,72.39199829101562,True,True,50.36000061035156,0.0,71.4020004272461,True,True,64.4000015258789,0.0,75.36199951171875,True,True,44.08000183105469,0.0,74.66000366210938,True,True,44.04999923706055,0.0,76.2979965209961,True,True,48.16999816894531,0.0,70.447998046875,True,True,-25.0,85.1500015258789,,,,48.45199966430664,210.0019989013672,48.95600128173828,144.0,36.0,
2021-08-18 05:30:00,,,,,51.650001525878906,0.0,74.06600189208984,True,True,100.0,0.0,74.85800170898438,True,True,60.95000076293945,0.0,75.27200317382812,True,True,56.060001373291016,0.0,73.95800018310547,True,True,44.689998626708984,0.0,74.15599822998047,True,True,49.709999084472656,0.0,72.64399719238281,True,True,50.52000045776367,0.0,71.29399871826172,True,True,61.93000030517578,0.0,75.43399810791016,True,True,46.95000076293945,0.0,74.6240005493164,True,True,50.40999984741211,0.0,76.24400329589844,True,True,47.38999938964844,0.0,70.50199890136719,True,True,-25.0,83.7300033569336,,,,48.36199951171875,210.0019989013672,48.79399871826172,136.0,34.0,
2021-08-18 05:45:00,,,,,45.25,0.0,73.97599792480469,True,True,99.31999969482422,0.0,74.947998046875,True,True,60.72999954223633,0.0,75.18199920654297,True,True,53.54999923706055,0.0,73.97599792480469,True,True,39.95000076293945,0.0,74.06600189208984,True,True,46.84000015258789,0.0,72.5719985961914,True,True,50.34000015258789,0.0,71.56400299072266,True,True,66.68000030517578,0.0,75.25399780273438,True,True,43.720001220703125,0.0,74.64199829101562,True,True,51.02000045776367,0.0,76.24400329589844,True,True,47.189998626708984,0.0,70.62799835205078,True,True,-25.0,83.29000091552734,,,,48.63199996948242,210.0019989013672,49.099998474121094,136.0,34.0,
2021-08-18 06:00:00,,,,,48.459999084472656,0.0,74.22799682617188,True,True,97.47000122070312,0.0,75.00199890136719,True,True,62.88999938964844,0.0,75.19999694824219,True,True,53.380001068115234,0.0,74.13800048828125,True,True,44.970001220703125,0.0,74.02999877929688,True,True,51.40999984741211,0.0,72.6259994506836,True,True,50.52000045776367,0.0,71.70800018310547,True,True,63.08000183105469,0.0,75.41600036621094,True,True,42.209999084472656,0.0,74.64199829101562,True,True,48.0,0.0,76.24400329589844,True,True,47.86000061035156,0.0,70.9520034790039,True,True,-25.0,83.81999969482422,,,,48.54199981689453,210.0019989013672,48.992000579833984,144.0,36.0,
2021-08-18 06:15:00,,,,,49.70000076293945,0.0,74.15599822998047,True,True,100.0,0.0,75.16400146484375,True,True,63.900001525878906,0.0,75.25399780273438,True,True,57.560001373291016,0.0,74.13800048828125,True,True,40.66999816894531,0.0,74.06600189208984,True,True,51.16999816894531,0.0,72.35600280761719,True,True,50.63999938964844,0.0,71.49199676513672,True,True,63.310001373291016,0.0,75.30799865722656,True,True,40.20000076293945,0.0,74.6240005493164,True,True,46.43000030517578,0.0,76.20800018310547,True,True,49.029998779296875,0.0,70.75399780273438,True,True,-25.0,83.8499984741211,,,,48.52399826049805,210.0019989013672,48.95600128173828,136.0,34.0,
2021-08-18 06:30:00,,,,,49.400001525878906,0.0,74.75,True,True,97.7699966430664,0.0,75.63200378417969,True,True,64.01000213623047,0.0,75.27200317382812,True,True,57.79999923706055,0.0,76.42400360107422,True,True,40.869998931884766,0.0,74.0479965209961,True,True,51.22999954223633,0.0,72.5719985961914,True,True,51.61000061035156,0.0,71.25800323486328,True,True,64.7699966430664,0.0,75.30799865722656,True,True,41.34000015258789,0.0,74.71399688720703,True,True,50.290000915527344,0.0,76.13600158691406,True,True,47.97999954223633,0.0,70.50199890136719,True,True,-25.0,83.8499984741211,,,,48.902000427246094,210.0019989013672,49.15399932861328,144.0,36.0,
2021-08-18 06:45:00,,,,,49.119998931884766,0.0,74.53399658203125,True,True,96.05999755859375,0.0,76.13600158691406,True,True,62.52000045776367,0.0,75.21800231933594,True,True,54.099998474121094,0.0,78.2959976196289,True,True,43.790000915527344,0.0,74.0479965209961,True,True,46.41999816894531,0.0,72.46399688720703,True,True,51.439998626708984,0.0,71.38400268554688,True,True,63.650001525878906,0.0,75.16400146484375,True,True,41.79999923706055,0.0,74.64199829101562,True,True,44.7400016784668,0.0,76.1719970703125,True,True,47.619998931884766,0.0,70.75399780273438,True,True,-25.0,77.80000305175781,,,,48.41600036621094,210.0019989013672,48.7760009765625,144.0,36.0,
2021-08-18 07:00:00,,,,,48.709999084472656,0.0,74.15599822998047,True,True,100.0,0.0,76.98200225830078,True,True,62.720001220703125,0.0,75.21800231933594,True,True,56.79999923706055,0.0,79.97000122070312,True,True,43.779998779296875,0.0,74.0479965209961,True,True,49.130001068115234,0.0,72.46399688720703,True,True,51.189998626708984,0.0,71.6719970703125,True,True,66.41999816894531,0.0,75.30799865722656,True,True,42.220001220703125,0.0,74.56999969482422,True,True,46.970001220703125,0.0,76.1719970703125,True,True,47.59000015258789,0.0,70.80799865722656,True,True,-25.0,74.80000305175781,,,,47.948001861572266,210.0019989013672,48.45199966430664,144.0,36.0,
2021-08-18 07:15:00,,,,,48.0,0.0,74.30000305175781,True,True,100.0,0.0,76.31600189208984,True,True,62.0,0.0,75.23600006103516,True,True,52.599998474121094,0.0,80.56400299072266,True,True,43.16999816894531,0.0,73.99400329589844,True,True,46.31999969482422,0.0,72.26599884033203,True,True,49.88999938964844,0.0,71.63600158691406,True,True,68.73999786376953,0.0,75.11000061035156,True,True,42.95000076293945,0.0,74.58799743652344,True,True,44.04999923706055,0.0,76.11799621582031,True,True,47.470001220703125,0.0,70.84400177001953,True,True,-25.0,74.13999938964844,,,,46.97600173950195,210.0019989013672,47.46200180053711,152.0,38.0,
2021-08-18 07:30:00,,,,,46.790000915527344,0.0,74.49800109863281,True,True,100.0,0.0,75.95600128173828,True,True,60.470001220703125,0.0,75.16400146484375,True,True,50.130001068115234,0.0,82.22000122070312,True,True,39.54999923706055,0.0,73.97599792480469,True,True,49.15999984741211,0.0,72.46399688720703,True,True,48.459999084472656,0.0,71.7979965209961,True,True,62.560001373291016,0.0,75.30799865722656,True,True,39.58000183105469,0.0,74.58799743652344,True,True,48.599998474121094,0.0,76.06400299072266,True,True,52.869998931884766,0.0,70.86199951171875,True,True,-25.0,73.0199966430664,,,,46.70600128173828,210.0019989013672,47.10200119018555,144.0,36.0,
2021-08-18 07:45:00,,,,,45.97999954223633,0.0,74.85800170898438,True,True,100.0,0.0,75.79399871826172,True,True,59.13999938964844,0.0,75.16400146484375,True,True,49.61000061035156,0.0,83.10199737548828,True,True,40.900001525878906,0.0,74.0479965209961,True,True,51.970001220703125,0.0,72.93199920654297,True,True,48.65999984741211,0.0,71.81600189208984,True,True,63.95000076293945,0.0,75.23600006103516,True,True,42.18000030517578,0.0,74.51599884033203,True,True,50.5099983215332,0.0,76.0459976196289,True,True,50.08000183105469,0.0,70.98799896240234,True,True,-25.0,69.79000091552734,,,,46.36399841308594,210.0019989013672,46.7239990234375,144.0,36.0,
2021-08-18 08:00:00,,,,,44.08000183105469,0.0,75.05599975585938,True,True,96.29000091552734,0.0,75.81199645996094,True,True,57.529998779296875,0.0,75.18199920654297,True,True,51.72999954223633,0.0,83.71399688720703,True,True,38.0099983215332,0.0,74.06600189208984,True,True,45.31999969482422,0.0,73.14800262451172,True,True,46.88999938964844,0.0,71.72599792480469,True,True,63.09000015258789,0.0,75.27200317382812,True,True,39.68000030517578,0.0,74.56999969482422,True,True,44.470001220703125,0.0,76.0459976196289,True,True,46.20000076293945,0.0,71.16799926757812,True,True,-25.0,69.36000061035156,,,,45.15800094604492,210.0019989013672,45.698001861572266,144.0,36.0,
2021-08-18 08:15:00,,,,,46.9900016784668,0.0,75.14600372314453,True,True,99.30000305175781,0.0,75.7760009765625,True,True,55.72999954223633,0.0,75.18199920654297,True,True,46.5,0.0,82.68800354003906,True,True,37.91999816894531,0.0,74.0479965209961,True,True,42.369998931884766,0.0,73.5979995727539,True,True,45.900001525878906,0.0,71.97799682617188,True,True,59.36000061035156,0.0,75.21800231933594,True,True,39.79999923706055,0.0,74.49800109863281,True,True,44.79999923706055,0.0,76.02799987792969,True,True,44.83000183105469,0.0,71.52799987792969,True,True,-25.0,67.37000274658203,,,,44.92399978637695,210.0019989013672,45.4640007019043,152.0,38.0,
2021-08-18 08:30:00,,,,,39.9900016784668,0.0,75.86599731445312,True,True,100.0,0.0,75.95600128173828,True,True,54.83000183105469,0.0,75.18199920654297,True,True,45.43000030517578,0.0,83.78600311279297,True,True,37.790000915527344,0.0,73.99400329589844,True,True,48.0,0.0,73.54399871826172,True,True,45.029998779296875,0.0,72.48200225830078,True,True,60.189998626708984,0.0,75.37999725341797,True,True,39.7599983215332,0.0,74.4800033569336,True,True,45.15999984741211,0.0,76.02799987792969,True,True,45.790000915527344,0.0,72.06800079345703,True,True,-25.0,67.98999786376953,,,,45.428001403808594,210.0019989013672,45.805999755859375,152.0,38.0,
2021-08-18 08:45:00,,,,,41.29999923706055,0.0,75.43399810791016,True,True,98.05000305175781,0.0,75.7760009765625,True,True,54.31999969482422,0.0,75.12799835205078,True,True,49.869998931884766,0.0,83.76799774169922,True,True,37.689998626708984,0.0,74.02999877929688,True,True,49.4900016784668,0.0,73.7239990234375,True,True,43.75,0.0,72.64399719238281,True,True,60.349998474121094,0.0,75.34400177001953,True,True,38.09000015258789,0.0,74.53399658203125,True,True,44.68000030517578,0.0,76.0459976196289,True,True,44.52000045776367,0.0,72.28399658203125,True,True,-25.0,68.80000305175781,,,,44.672000885009766,210.0019989013672,45.08599853515625,144.0,36.0,
2021-08-18 09:00:00,,,,,38.29999923706055,0.0,75.68599700927734,True,True,100.0,0.0,76.13600158691406,True,True,53.290000915527344,0.0,75.11000061035156,True,True,51.209999084472656,0.0,84.25399780273438,True,True,37.560001373291016,0.0,74.0479965209961,True,True,47.18000030517578,0.0,73.7239990234375,True,True,44.36000061035156,0.0,72.697998046875,True,True,59.040000915527344,0.0,75.4520034790039,True,True,40.08000183105469,0.0,74.51599884033203,True,True,44.119998931884766,0.0,76.02799987792969,True,True,45.88999938964844,0.0,72.60800170898438,True,True,-25.0,71.12000274658203,,,,44.18600082397461,210.0019989013672,44.70800018310547,152.0,38.0,
2021-08-18 09:15:00,,,,,42.83000183105469,0.0,75.68599700927734,True,True,92.69999694824219,0.0,75.99199676513672,True,True,54.130001068115234,0.0,75.21800231933594,True,True,48.540000915527344,0.0,84.30799865722656,True,True,41.5099983215332,0.0,74.08399963378906,True,True,46.54999923706055,0.0,73.7239990234375,True,True,44.59000015258789,0.0,72.697998046875,True,True,54.54999923706055,0.0,75.36199951171875,True,True,40.27000045776367,0.0,74.46199798583984,True,True,42.7400016784668,0.0,75.95600128173828,True,True,35.0099983215332,1.100000023841858,72.46399688720703,True,True,-25.0,67.48999786376953,,,,45.35599899291992,210.0019989013672,44.38399887084961,152.0,38.0,
2021-08-18 09:30:00,,,,,44.56999969482422,0.0,76.15399932861328,True,True,99.7699966430664,0.0,76.69400024414062,True,True,56.630001068115234,0.0,75.27200317382812,True,True,51.029998779296875,0.0,84.36199951171875,True,True,39.66999816894531,0.0,74.12000274658203,True,True,48.7400016784668,0.0,73.7239990234375,True,True,43.38999938964844,0.0,72.53600311279297,True,True,58.33000183105469,0.0,75.32599639892578,True,True,40.29999923706055,0.0,74.4800033569336,True,True,46.290000915527344,0.0,75.86599731445312,True,True,45.43000030517578,0.0,72.19400024414062,True,True,-25.0,68.80999755859375,,,,44.36600112915039,210.0019989013672,44.56399917602539,160.0,40.0,
2021-08-18 09:45:00,,,,,38.20000076293945,0.0,76.01000213623047,True,True,100.0,0.0,76.44200134277344,True,True,60.45000076293945,0.0,75.19999694824219,True,True,48.439998626708984,0.0,83.91200256347656,True,True,42.209999084472656,0.0,74.06600189208984,True,True,43.849998474121094,0.0,74.12000274658203,True,True,43.56999969482422,0.0,72.71600341796875,True,True,56.90999984741211,0.0,75.37999725341797,True,True,40.47999954223633,0.0,74.60600280761719,True,True,47.959999084472656,0.0,75.95600128173828,True,True,48.83000183105469,0.0,72.4280014038086,True,True,-25.0,66.95999908447266,,,,44.20399856567383,210.0019989013672,44.38399887084961,152.0,38.0,
2021-08-18 10:00:00,,,,,46.060001373291016,0.0,76.40599822998047,True,True,96.79000091552734,0.0,77.03600311279297,True,True,56.7400016784668,0.0,75.16400146484375,True,True,46.97999954223633,0.0,84.16400146484375,True,True,45.13999938964844,0.0,73.97599792480469,True,True,47.119998931884766,0.0,74.38999938964844,True,True,47.540000915527344,0.0,72.8239974975586,True,True,52.36000061035156,0.0,75.39800262451172,True,True,40.400001525878906,0.0,74.4800033569336,True,True,43.45000076293945,0.0,75.95600128173828,True,True,40.95000076293945,0.0,72.73400115966797,True,True,-25.0,68.25,,,,46.400001525878906,210.0019989013672,47.768001556396484,152.0,38.0,
2021-08-18 10:15:00,,,,,46.4900016784668,0.0,76.2979965209961,True,True,93.33000183105469,0.0,76.49600219726562,True,True,53.529998779296875,0.0,75.12799835205078,True,True,41.779998779296875,0.0,85.06400299072266,True,True,40.54999923706055,0.0,73.97599792480469,True,True,43.47999954223633,0.0,74.69599914550781,True,True,47.290000915527344,0.0,72.84200286865234,True,True,58.689998626708984,0.0,75.4520034790039,True,True,41.11000061035156,0.0,74.53399658203125,True,True,43.209999084472656,0.0,75.99199676513672,True,True,48.27000045776367,0.0,72.75199890136719,True,True,-25.0,67.33999633789062,,,,42.2239990234375,210.0019989013672,42.60200119018555,152.0,38.0,
2021-08-18 10:30:00,,,,,39.209999084472656,0.0,76.44200134277344,True,True,91.06999969482422,0.0,76.13600158691406,True,True,54.02000045776367,0.0,75.12799835205078,True,True,44.11000061035156,0.0,84.11000061035156,True,True,42.91999816894531,0.0,74.02999877929688,True,True,47.90999984741211,0.0,74.8759994506836,True,True,47.099998474121094,0.0,73.00399780273438,True,True,54.43000030517578,0.0,75.39800262451172,True,True,42.04999923706055,0.0,74.53399658203125,True,True,41.06999969482422,0.0,75.93800354003906,True,True,47.88999938964844,0.0,72.91400146484375,True,True,-25.0,66.9000015258789,,,,44.90599822998047,210.0019989013672,45.17599868774414,152.0,38.0,
2021-08-18 10:45:00,,,,,39.95000076293945,0.0,76.27999877929688,True,True,98.79000091552734,0.0,75.7760009765625,True,True,54.0099983215332,0.0,75.12799835205078,True,True,49.29999923706055,0.0,84.48799896240234,True,True,42.959999084472656,0.0,73.95800018310547,True,True,45.56999969482422,0.0,74.83999633789062,True,True,44.4900016784668,0.0,73.29199981689453,True,True,58.439998626708984,0.0,75.30799865722656,True,True,39.560001373291016,0.0,74.58799743652344,True,True,42.86000061035156,0.0,75.88400268554688,True,True,47.150001525878906,0.0,73.43599700927734,True,True,-25.0,70.94999694824219,,,,44.97800064086914,210.0019989013672,45.428001403808594,160.0,40.0,
2021-08-18 11:00:00,,,,,47.31999969482422,0.0,76.6760025024414,True,True,95.54000091552734,0.0,75.7760009765625,True,True,54.40999984741211,0.0,75.18199920654297,True,True,49.95000076293945,0.0,84.18199920654297,True,True,42.130001068115234,0.0,74.06600189208984,True,True,45.31999969482422,0.0,75.00199890136719,True,True,43.56999969482422,0.0,73.25599670410156,True,True,52.33000183105469,0.0,75.54199981689453,True,True,37.189998626708984,0.0,74.58799743652344,True,True,44.119998931884766,0.0,75.91999816894531,True,True,43.459999084472656,0.0,73.09400177001953,True,True,-25.0,69.29000091552734,,,,44.816001892089844,210.0019989013672,45.55400085449219,160.0,40.0,
2021-08-18 11:15:00,,,,,40.43000030517578,0.0,76.802001953125,True,True,98.2300033569336,0.0,75.79399871826172,True,True,52.0099983215332,0.0,75.23600006103516,True,True,52.20000076293945,0.0,84.52400207519531,True,True,42.27000045776367,0.0,74.12000274658203,True,True,42.459999084472656,0.0,75.18199920654297,True,True,48.630001068115234,0.0,73.36399841308594,True,True,55.02000045776367,0.0,75.50599670410156,True,True,42.349998474121094,0.0,74.6240005493164,True,True,44.380001068115234,0.0,75.93800354003906,True,True,48.709999084472656,0.0,73.4540023803711,True,True,-25.0,67.79000091552734,,,,42.854000091552734,210.0019989013672,43.2859992980957,160.0,40.0,
2021-08-18 11:30:00,,,,,44.88999938964844,0.0,76.94599914550781,True,True,100.0,0.0,75.7760009765625,True,True,51.63999938964844,0.0,75.18199920654297,True,True,48.61000061035156,0.0,84.81199645996094,True,True,41.58000183105469,0.0,74.19200134277344,True,True,41.79999923706055,0.0,75.47000122070312,True,True,44.790000915527344,0.0,73.25599670410156,True,True,54.650001525878906,0.0,75.48799896240234,True,True,40.439998626708984,0.0,74.6240005493164,True,True,41.36000061035156,0.0,75.95600128173828,True,True,43.779998779296875,0.0,73.09400177001953,True,True,-25.0,66.81999969482422,,,,43.75400161743164,210.0019989013672,44.18600082397461,160.0,40.0,
2021-08-18 11:45:00,,,,,38.709999084472656,0.0,76.58599853515625,True,True,95.7300033569336,0.0,75.81199645996094,True,True,50.29999923706055,0.0,75.21800231933594,True,True,48.66999816894531,0.0,85.02799987792969,True,True,38.9900016784668,0.0,74.12000274658203,True,True,47.2599983215332,0.0,75.75800323486328,True,True,44.40999984741211,0.0,73.22000122070312,True,True,59.459999084472656,0.0,75.36199951171875,True,True,37.869998931884766,0.0,74.58799743652344,True,True,44.20000076293945,0.0,75.99199676513672,True,True,45.369998931884766,0.0,73.14800262451172,True,True,-25.0,73.80000305175781,,,,43.051998138427734,210.0019989013672,43.59199905395508,160.0,40.0,
2021-08-18 12:00:00,,,,,40.189998626708984,0.0,77.52200317382812,True,True,96.54000091552734,0.0,75.81199645996094,True,True,50.56999969482422,0.0,75.19999694824219,True,True,47.790000915527344,0.0,85.49600219726562,True,True,40.630001068115234,0.0,74.13800048828125,True,True,49.04999923706055,0.0,76.60399627685547,True,True,44.18000030517578,0.0,73.58000183105469,True,True,49.34000015258789,0.0,75.5780029296875,True,True,37.83000183105469,0.0,74.6240005493164,True,True,47.04999923706055,0.0,76.02799987792969,True,True,50.060001373291016,0.0,73.95800018310547,True,True,-25.0,68.5199966430664,,,,42.0620002746582,210.0019989013672,42.54800033569336,160.0,40.0,
2021-08-18 12:15:00,,,,,38.22999954223633,0.0,77.84600067138672,True,True,99.58999633789062,0.0,75.72200012207031,True,True,50.06999969482422,0.0,75.21800231933594,True,True,42.86000061035156,0.0,84.88400268554688,True,True,39.61000061035156,0.0,74.15599822998047,True,True,49.349998474121094,0.0,76.56800079345703,True,True,46.630001068115234,0.0,74.4260025024414,True,True,54.380001068115234,0.0,75.52400207519531,True,True,38.56999969482422,0.0,74.64199829101562,True,True,42.18000030517578,0.0,75.99199676513672,True,True,58.20000076293945,0.0,75.4520034790039,True,True,-25.0,68.8499984741211,,,,41.86399841308594,210.0019989013672,42.242000579833984,160.0,40.0,
2021-08-18 12:30:00,,,,,36.220001220703125,0.0,77.59400177001953,True,True,100.0,0.0,76.1719970703125,True,True,49.560001373291016,0.0,75.27200317382812,True,True,42.279998779296875,0.0,84.88400268554688,True,True,37.380001068115234,0.0,74.20999908447266,True,True,40.779998779296875,0.0,77.37799835205078,True,True,44.7400016784668,0.0,74.552001953125,True,True,51.86000061035156,0.0,75.55999755859375,True,True,38.650001525878906,0.0,74.80400085449219,True,True,46.900001525878906,0.0,76.0459976196289,True,True,40.790000915527344,0.0,75.23600006103516,True,True,-25.0,66.81999969482422,,,,43.465999603271484,210.0019989013672,43.80799865722656,160.0,40.0,
2021-08-18 12:45:00,,,,,38.310001373291016,0.0,77.23400115966797,True,True,93.01000213623047,0.0,76.69400024414062,True,True,50.41999816894531,0.0,75.25399780273438,True,True,46.95000076293945,0.0,84.81199645996094,True,True,42.97999954223633,0.0,74.28199768066406,True,True,47.4900016784668,0.0,77.28800201416016,True,True,42.880001068115234,0.0,75.00199890136719,True,True,53.34000015258789,0.0,75.41600036621094,True,True,36.68000030517578,0.0,74.73200225830078,True,True,41.619998931884766,0.0,76.0999984741211,True,True,45.709999084472656,0.0,75.8479995727539,True,True,-25.0,68.69999694824219,,,,43.358001708984375,210.0019989013672,43.71799850463867,160.0,40.0,
2021-08-18 13:00:00,,,,,45.43000030517578,0.0,77.48600006103516,True,True,93.27999877929688,0.0,78.83599853515625,True,True,56.04999923706055,0.0,75.27200317382812,True,True,50.529998779296875,0.0,84.6500015258789,True,True,43.45000076293945,0.0,74.37200164794922,True,True,49.849998474121094,0.0,77.30599975585938,True,True,43.619998931884766,0.0,75.12799835205078,True,True,50.16999816894531,0.0,75.5780029296875,True,True,38.54999923706055,0.0,74.80400085449219,True,True,46.27000045776367,0.0,76.1719970703125,True,True,46.400001525878906,0.0,75.93800354003906,True,True,-25.0,70.23999786376953,,,,47.04800033569336,210.0019989013672,47.60599899291992,160.0,40.0,
2021-08-18 13:15:00,,,,,45.95000076293945,0.0,78.94400024414062,True,True,100.0,0.0,76.85600280761719,True,True,56.400001525878906,0.0,75.32599639892578,True,True,50.20000076293945,0.0,85.74800109863281,True,True,46.56999969482422,0.0,74.33599853515625,True,True,48.380001068115234,0.0,78.5479965209961,True,True,46.650001525878906,0.0,75.32599639892578,True,True,47.790000915527344,0.0,75.54199981689453,True,True,41.38999938964844,0.0,74.91200256347656,True,True,48.52000045776367,0.0,76.1719970703125,True,True,46.060001373291016,0.0,76.11799621582031,True,True,-25.0,70.83999633789062,,,,46.97600173950195,210.0019989013672,47.42599868774414,160.0,40.0,
2021-08-18 13:30:00,,,,,46.849998474121094,0.0,78.13400268554688,True,True,94.33000183105469,0.0,76.6760025024414,True,True,56.08000183105469,0.0,75.37999725341797,True,True,51.20000076293945,0.0,84.83000183105469,True,True,47.060001373291016,0.0,74.40799713134766,True,True,47.470001220703125,0.0,78.76399993896484,True,True,45.11000061035156,0.0,75.72200012207031,True,True,53.11000061035156,0.0,75.8479995727539,True,True,39.11000061035156,0.0,74.98400115966797,True,True,45.54999923706055,0.0,76.20800018310547,True,True,50.13999938964844,0.0,76.85600280761719,True,True,-25.0,71.29000091552734,,,,46.922000885009766,210.0019989013672,47.22800064086914,152.0,38.0,
2021-08-18 13:45:00,,,,,47.439998626708984,0.0,79.14199829101562,True,True,99.26000213623047,0.0,76.51399993896484,True,True,55.779998779296875,0.0,75.34400177001953,True,True,54.90999984741211,0.0,84.99199676513672,True,True,45.88999938964844,0.0,74.40799713134766,True,True,47.88999938964844,0.0,78.36799621582031,True,True,49.18000030517578,0.0,75.9020004272461,True,True,57.790000915527344,0.0,75.7760009765625,True,True,42.31999969482422,0.0,74.91200256347656,True,True,50.029998779296875,0.0,76.2979965209961,True,True,49.7400016784668,0.0,76.96399688720703,True,True,-25.0,71.05999755859375,,,,45.96799850463867,210.0019989013672,46.45399856567383,160.0,40.0,
2021-08-18 14:00:00,,,,,50.810001373291016,0.0,78.81800079345703,True,True,100.0,0.0,76.13600158691406,True,True,59.09000015258789,0.0,75.37999725341797,True,True,54.04999923706055,0.0,86.44999694824219,True,True,48.029998779296875,0.0,74.37200164794922,True,True,48.189998626708984,0.0,78.5479965209961,True,True,48.58000183105469,0.0,76.51399993896484,True,True,56.41999816894531,0.0,75.79399871826172,True,True,42.15999984741211,0.0,75.03800201416016,True,True,47.18000030517578,0.0,76.35199737548828,True,True,59.709999084472656,0.0,77.05400085449219,True,True,-25.0,75.1500015258789,,,,45.986000061035156,210.0019989013672,46.79600143432617,168.0,42.0,
2021-08-18 14:15:00,,,,,42.650001525878906,0.0,78.99800109863281,True,True,93.12999725341797,0.0,76.62200164794922,True,True,58.54999923706055,0.0,75.36199951171875,True,True,50.58000183105469,0.0,84.43399810791016,True,True,46.31999969482422,0.0,74.44400024414062,True,True,47.40999984741211,0.0,78.72799682617188,True,True,48.470001220703125,0.0,76.62200164794922,True,True,57.540000915527344,0.0,75.68599700927734,True,True,43.439998626708984,0.0,75.03800201416016,True,True,46.27000045776367,0.0,76.35199737548828,True,True,50.869998931884766,0.0,77.93599700927734,True,True,-25.0,72.81999969482422,,,,45.96799850463867,210.0019989013672,46.4900016784668,160.0,40.0,
2021-08-18 14:30:00,,,,,46.97999954223633,0.0,79.03399658203125,True,True,97.30000305175781,0.0,76.31600189208984,True,True,55.849998474121094,0.0,75.34400177001953,True,True,52.52000045776367,0.0,83.552001953125,True,True,46.029998779296875,0.0,74.38999938964844,True,True,46.36000061035156,0.0,78.63800048828125,True,True,47.66999816894531,0.0,77.0719985961914,True,True,58.0,0.0,75.75800323486328,True,True,45.869998931884766,0.0,75.03800201416016,True,True,42.66999816894531,0.0,76.40599822998047,True,True,54.7599983215332,0.0,78.51200103759766,True,True,-25.0,71.5199966430664,,,,45.68000030517578,210.0019989013672,46.237998962402344,160.0,40.0,
2021-08-18 14:45:00,,,,,41.0099983215332,0.0,77.68399810791016,True,True,97.19999694824219,0.0,76.1719970703125,True,True,55.58000183105469,0.0,75.34400177001953,True,True,51.849998474121094,0.0,84.39800262451172,True,True,45.63999938964844,0.0,74.40799713134766,True,True,46.939998626708984,0.0,78.74600219726562,True,True,47.119998931884766,0.0,76.74800109863281,True,True,59.040000915527344,0.0,75.81199645996094,True,True,42.75,0.0,74.947998046875,True,True,49.06999969482422,0.0,76.47799682617188,True,True,49.130001068115234,0.0,77.79199981689453,True,True,-25.0,71.11000061035156,,,,45.481998443603516,210.0019989013672,46.14799880981445,168.0,42.0,
2021-08-18 15:00:00,,,,,42.150001525878906,0.0,78.67400360107422,True,True,97.91999816894531,0.0,77.30599975585938,True,True,55.0,0.0,75.30799865722656,True,True,47.619998931884766,0.0,84.55999755859375,True,True,41.5099983215332,0.0,74.38999938964844,True,True,48.63999938964844,0.0,78.52999877929688,True,True,46.08000183105469,0.0,76.51399993896484,True,True,59.33000183105469,0.0,75.81199645996094,True,True,40.209999084472656,0.0,74.96600341796875,True,True,47.61000061035156,0.0,76.47799682617188,True,True,49.11000061035156,0.0,77.3239974975586,True,True,-25.0,69.81999969482422,,,,47.768001556396484,210.0019989013672,47.75,160.0,40.0,
2021-08-18 15:15:00,,,,,41.13999938964844,0.0,76.83799743652344,True,True,100.0,0.0,76.76599884033203,True,True,54.439998626708984,0.0,75.37999725341797,True,True,50.939998626708984,0.0,84.99199676513672,True,True,41.20000076293945,0.0,74.31800079345703,True,True,51.540000915527344,0.0,79.30400085449219,True,True,46.45000076293945,0.0,76.47799682617188,True,True,56.66999816894531,0.0,75.7760009765625,True,True,40.15999984741211,0.0,75.00199890136719,True,True,44.08000183105469,0.0,76.49600219726562,True,True,49.290000915527344,0.0,77.197998046875,True,True,-25.0,73.20999908447266,,,,45.428001403808594,210.0019989013672,46.09400177001953,168.0,42.0,
2021-08-18 15:30:00,,,,,40.7400016784668,0.0,77.197998046875,True,True,100.0,0.0,76.89199829101562,True,True,55.599998474121094,0.0,75.36199951171875,True,True,50.400001525878906,0.0,85.89199829101562,True,True,45.4900016784668,0.0,74.33599853515625,True,True,46.29999923706055,0.0,79.14199829101562,True,True,45.79999923706055,0.0,76.60399627685547,True,True,56.0,0.0,75.9020004272461,True,True,39.290000915527344,0.0,75.00199890136719,True,True,46.0099983215332,0.0,76.53199768066406,True,True,48.45000076293945,0.0,77.3239974975586,True,True,-25.0,73.55000305175781,,,,45.481998443603516,210.0019989013672,45.82400131225586,160.0,40.0,
2021-08-18 15:45:00,,,,,39.869998931884766,0.0,76.8740005493164,True,True,100.0,0.0,78.65599822998047,True,True,57.54999923706055,0.0,75.37999725341797,True,True,54.349998474121094,0.0,85.91000366210938,True,True,45.54999923706055,0.0,74.37200164794922,True,True,49.5,0.0,78.94400024414062,True,True,49.040000915527344,0.0,76.85600280761719,True,True,59.40999984741211,0.0,75.7760009765625,True,True,42.31999969482422,0.0,75.05599975585938,True,True,50.349998474121094,0.0,76.53199768066406,True,True,57.08000183105469,0.0,77.77400207519531,True,True,-25.0,73.81999969482422,,,,45.4640007019043,210.0019989013672,45.895999908447266,168.0,42.0,
2021-08-18 16:00:00,,,,,37.91999816894531,0.0,76.85600280761719,True,True,100.0,0.0,76.802001953125,True,True,58.52000045776367,0.0,75.47000122070312,True,True,54.54999923706055,0.0,85.60399627685547,True,True,45.11000061035156,0.0,74.38999938964844,True,True,46.720001220703125,0.0,78.99800109863281,True,True,44.86000061035156,0.0,77.0719985961914,True,True,55.58000183105469,0.0,75.8479995727539,True,True,42.310001373291016,0.0,75.09200286865234,True,True,42.810001373291016,0.0,76.65799713134766,True,True,58.84000015258789,0.0,77.54000091552734,True,True,-25.0,75.31999969482422,,,,45.84199905395508,210.0019989013672,45.986000061035156,160.0,40.0,
2021-08-18 16:15:00,,,,,44.33000183105469,0.0,78.60199737548828,True,True,100.0,0.0,77.64800262451172,True,True,61.72999954223633,0.0,75.4520034790039,True,True,51.54999923706055,0.0,85.38800048828125,True,True,42.79999923706055,0.0,74.44400024414062,True,True,50.060001373291016,0.0,78.4219970703125,True,True,45.79999923706055,0.0,77.16200256347656,True,True,55.61000061035156,0.0,75.9020004272461,True,True,44.189998626708984,0.0,75.16400146484375,True,True,47.75,0.0,76.7300033569336,True,True,51.540000915527344,0.0,78.1520004272461,True,True,-25.0,75.36000061035156,,,,45.571998596191406,210.0019989013672,46.05799865722656,168.0,42.0,
2021-08-18 16:30:00,,,,,45.939998626708984,0.0,77.93599700927734,True,True,91.79000091552734,0.0,76.49600219726562,True,True,62.79999923706055,0.0,75.41600036621094,True,True,52.150001525878906,0.0,85.7300033569336,True,True,45.06999969482422,0.0,74.4800033569336,True,True,46.970001220703125,0.0,78.90799713134766,True,True,46.77000045776367,0.0,77.48600006103516,True,True,56.220001220703125,0.0,75.9739990234375,True,True,45.290000915527344,0.0,75.09200286865234,True,True,48.72999954223633,0.0,76.76599884033203,True,True,55.209999084472656,0.0,78.44000244140625,True,True,-25.0,76.43000030517578,,,,44.20399856567383,210.0019989013672,44.762001037597656,160.0,40.0,
2021-08-18 16:45:00,,,,,37.77000045776367,0.0,77.0719985961914,True,True,93.23999786376953,0.0,78.9800033569336,True,True,54.650001525878906,0.0,75.36199951171875,True,True,48.529998779296875,0.0,86.0719985961914,True,True,44.959999084472656,0.0,74.38999938964844,True,True,45.02000045776367,0.0,78.36799621582031,True,True,47.0,0.0,76.9280014038086,True,True,55.849998474121094,0.0,76.13600158691406,True,True,40.36000061035156,0.0,75.16400146484375,True,True,51.060001373291016,0.0,76.83799743652344,True,True,58.9900016784668,0.0,77.3239974975586,True,True,-25.0,77.4000015258789,,,,41.198001861572266,210.0019989013672,41.77399826049805,168.0,42.0,
2021-08-18 17:00:00,,,,,41.869998931884766,0.0,78.81800079345703,True,True,86.70999908447266,0.0,80.45600128173828,True,True,49.290000915527344,0.0,75.37999725341797,True,True,45.849998474121094,0.0,84.99199676513672,True,True,39.630001068115234,0.0,74.37200164794922,True,True,43.77000045776367,0.0,77.55799865722656,True,True,47.63999938964844,0.0,76.802001953125,True,True,58.880001068115234,0.0,75.99199676513672,True,True,43.470001220703125,0.0,75.16400146484375,True,True,52.209999084472656,0.0,76.78399658203125,True,True,50.66999816894531,0.0,77.73799896240234,True,True,-25.0,71.7699966430664,,,,41.52199935913086,210.0019989013672,41.79199981689453,160.0,40.0,
2021-08-18 17:15:00,,,,,42.900001525878906,0.0,78.4219970703125,True,True,89.19000244140625,0.0,77.54000091552734,True,True,1.100000023841858,0.0,76.71199798583984,True,True,41.689998626708984,0.0,86.0719985961914,True,True,38.20000076293945,0.0,74.31800079345703,True,True,43.630001068115234,0.0,77.21600341796875,True,True,44.779998779296875,0.0,77.14399719238281,True,True,59.970001220703125,0.0,76.11799621582031,True,True,40.43000030517578,0.0,75.16400146484375,True,True,42.279998779296875,0.0,76.802001953125,True,True,54.13999938964844,0.0,78.0979995727539,True,True,-25.0,66.31999969482422,,,,41.0,210.0019989013672,41.34199905395508,152.0,38.0,
2021-08-18 17:30:00,,,,,36.29999923706055,0.0,77.84600067138672,True,True,87.11000061035156,0.0,76.85600280761719,True,True,0.0,0.0,76.2979965209961,True,True,41.77000045776367,0.0,84.47000122070312,True,True,38.560001373291016,0.0,74.30000305175781,True,True,43.58000183105469,0.0,76.76599884033203,True,True,42.38999938964844,0.0,76.11799621582031,True,True,51.439998626708984,0.0,75.88400268554688,True,True,39.43000030517578,0.0,75.09200286865234,True,True,42.0099983215332,0.0,76.78399658203125,True,True,48.560001373291016,0.0,76.27999877929688,True,True,-25.0,62.79999923706055,,,,43.66400146484375,210.0019989013672,42.332000732421875,160.0,40.0,
2021-08-18 17:45:00,,,,,44.189998626708984,0.0,77.52200317382812,True,True,100.0,0.0,75.59600067138672,True,True,0.0,0.0,75.93800354003906,True,True,58.81999969482422,0.0,85.38800048828125,True,True,45.709999084472656,0.0,74.35399627685547,True,True,53.439998626708984,0.0,76.44200134277344,True,True,43.31999969482422,0.0,75.29000091552734,True,True,52.459999084472656,0.0,75.86599731445312,True,True,39.869998931884766,0.0,75.00199890136719,True,True,38.400001525878906,0.0,76.74800109863281,True,True,50.08000183105469,0.0,75.0199966430664,True,True,-25.0,78.3499984741211,,,,48.54199981689453,210.0019989013672,49.02799987792969,152.0,38.0,
2021-08-18 18:00:00,,,,,48.61000061035156,0.0,76.49600219726562,True,True,100.0,0.0,75.4520034790039,True,True,0.0,0.0,75.4520034790039,True,True,45.72999954223633,0.0,85.15399932861328,True,True,41.52000045776367,0.0,74.26399993896484,True,True,47.029998779296875,0.0,76.33399963378906,True,True,41.56999969482422,0.0,74.89399719238281,True,True,52.400001525878906,0.0,75.8479995727539,True,True,39.9900016784668,0.0,75.05599975585938,True,True,47.060001373291016,0.0,76.6760025024414,True,True,44.689998626708984,0.0,74.552001953125,True,True,-25.0,67.80999755859375,,,,47.7140007019043,210.0019989013672,47.89400100708008,144.0,36.0,
2021-08-18 18:15:00,,,,,54.220001220703125,0.0,75.7760009765625,True,True,100.0,0.0,75.37999725341797,True,True,0.0,0.0,75.00199890136719,True,True,51.75,0.0,85.60399627685547,True,True,42.66999816894531,0.0,74.26399993896484,True,True,47.720001220703125,0.0,75.99199676513672,True,True,49.150001525878906,0.0,74.37200164794922,True,True,52.130001068115234,0.0,75.83000183105469,True,True,40.869998931884766,0.0,75.14600372314453,True,True,38.290000915527344,0.0,76.60399627685547,True,True,52.290000915527344,0.0,73.58000183105469,True,True,-25.0,66.81999969482422,,,,47.875999450683594,210.0019989013672,48.34400177001953,144.0,36.0,
2021-08-18 18:30:00,,,,,43.459999084472656,0.0,75.75800323486328,True,True,100.0,0.0,75.41600036621094,True,True,0.0,0.0,75.09200286865234,True,True,47.439998626708984,0.0,85.15399932861328,True,True,46.369998931884766,0.0,74.26399993896484,True,True,46.619998931884766,0.0,75.59600067138672,True,True,48.279998779296875,0.0,73.95800018310547,True,True,58.849998474121094,0.0,75.8479995727539,True,True,42.20000076293945,0.0,75.00199890136719,True,True,44.72999954223633,0.0,76.58599853515625,True,True,50.59000015258789,0.0,73.22000122070312,True,True,-25.0,67.80999755859375,,,,46.79600143432617,210.0019989013672,47.263999938964844,152.0,38.0,
2021-08-18 18:45:00,,,,,42.279998779296875,0.0,75.66799926757812,True,True,100.0,0.0,75.39800262451172,True,True,81.06999969482422,0.0,74.91200256347656,True,True,45.97999954223633,0.0,85.44200134277344,True,True,41.79999923706055,0.0,74.22799682617188,True,True,50.95000076293945,0.0,75.61399841308594,True,True,48.779998779296875,0.0,73.43599700927734,True,True,60.45000076293945,0.0,75.7040023803711,True,True,43.29999923706055,0.0,74.98400115966797,True,True,46.099998474121094,0.0,76.49600219726562,True,True,53.779998779296875,0.0,72.35600280761719,True,True,-25.0,71.83999633789062,,,,45.84199905395508,210.0019989013672,46.27399826049805,144.0,36.0,
2021-08-18 19:00:00,,,,,41.86000061035156,0.0,75.72200012207031,True,True,100.0,0.0,75.47000122070312,True,True,46.04999923706055,0.0,75.30799865722656,True,True,45.04999923706055,0.0,84.99199676513672,True,True,42.59000015258789,0.0,74.19200134277344,True,True,50.13999938964844,0.0,75.55999755859375,True,True,47.720001220703125,0.0,73.22000122070312,True,True,58.81999969482422,0.0,75.63200378417969,True,True,41.310001373291016,0.0,74.96600341796875,True,True,43.56999969482422,0.0,76.44200134277344,True,True,52.099998474121094,0.0,72.24800109863281,True,True,-25.0,69.83999633789062,,,,45.08599853515625,210.0019989013672,45.59000015258789,152.0,38.0,
2021-08-18 19:15:00,,,,,41.66999816894531,0.0,75.18199920654297,True,True,95.73999786376953,0.0,75.37999725341797,True,True,39.33000183105469,0.0,75.34400177001953,True,True,46.880001068115234,0.0,85.31600189208984,True,True,41.13999938964844,0.0,74.20999908447266,True,True,43.72999954223633,0.0,75.18199920654297,True,True,46.880001068115234,0.0,73.12999725341797,True,True,60.599998474121094,0.0,75.6500015258789,True,True,42.540000915527344,0.0,74.91200256347656,True,True,43.790000915527344,0.0,76.42400360107422,True,True,49.650001525878906,0.0,72.06800079345703,True,True,-25.0,66.69000244140625,,,,44.672000885009766,210.0019989013672,45.013999938964844,144.0,36.0,
2021-08-18 19:30:00,,,,,45.45000076293945,0.0,75.66799926757812,True,True,99.70999908447266,0.0,75.55999755859375,True,True,40.58000183105469,0.0,75.30799865722656,True,True,44.619998931884766,0.0,84.95600128173828,True,True,40.41999816894531,0.0,74.19200134277344,True,True,43.130001068115234,0.0,75.00199890136719,True,True,46.84000015258789,0.0,73.04000091552734,True,True,59.33000183105469,0.0,75.5780029296875,True,True,42.88999938964844,0.0,74.78600311279297,True,True,46.11000061035156,0.0,76.42400360107422,True,True,47.0,0.0,72.08599853515625,True,True,-25.0,68.31999969482422,,,,44.2400016784668,210.0019989013672,44.79800033569336,152.0,38.0,
2021-08-18 19:45:00,,,,,40.68000030517578,0.0,75.30799865722656,True,True,100.0,0.0,75.4520034790039,True,True,36.84000015258789,0.0,75.27200317382812,True,True,45.310001373291016,0.0,84.83000183105469,True,True,39.290000915527344,0.0,74.15599822998047,True,True,43.16999816894531,0.0,75.03800201416016,True,True,45.439998626708984,0.0,72.8239974975586,True,True,55.61000061035156,0.0,75.50599670410156,True,True,39.16999816894531,0.0,74.83999633789062,True,True,45.130001068115234,0.0,76.42400360107422,True,True,45.849998474121094,0.0,71.81600189208984,True,True,-25.0,67.31999969482422,,,,43.2140007019043,210.0019989013672,43.57400131225586,144.0,36.0,
2021-08-18 20:00:00,,,,,42.2400016784668,0.0,75.00199890136719,True,True,100.0,0.0,75.68599700927734,True,True,35.88999938964844,0.0,75.43399810791016,True,True,50.849998474121094,0.0,85.1719970703125,True,True,38.040000915527344,0.0,74.19200134277344,True,True,41.18000030517578,0.0,74.78600311279297,True,True,45.36000061035156,0.0,72.73400115966797,True,True,54.869998931884766,0.0,75.63200378417969,True,True,42.13999938964844,0.0,74.78600311279297,True,True,44.40999984741211,0.0,76.38800048828125,True,True,44.95000076293945,0.0,71.85199737548828,True,True,-25.0,65.98999786376953,,,,41.88199996948242,210.0019989013672,42.40399932861328,152.0,38.0,
2021-08-18 20:15:00,,,,,41.849998474121094,0.0,75.03800201416016,True,True,100.0,0.0,76.13600158691406,True,True,38.11000061035156,0.0,75.30799865722656,True,True,52.290000915527344,0.0,83.53399658203125,True,True,36.310001373291016,0.0,74.12000274658203,True,True,47.630001068115234,0.0,74.60600280761719,True,True,44.20000076293945,0.0,72.8239974975586,True,True,53.79999923706055,0.0,75.52400207519531,True,True,41.25,0.0,74.76799774169922,True,True,41.41999816894531,0.0,76.38800048828125,True,True,44.5,0.0,72.06800079345703,True,True,-25.0,64.33999633789062,,,,41.14400100708008,210.0019989013672,41.66600036621094,144.0,36.0,
2021-08-18 20:30:00,,,,,35.09000015258789,0.0,75.72200012207031,True,True,100.0,0.0,75.9739990234375,True,True,35.16999816894531,0.0,75.23600006103516,True,True,53.04999923706055,0.0,82.74199676513672,True,True,35.900001525878906,0.0,74.22799682617188,True,True,42.4900016784668,0.0,73.95800018310547,True,True,43.099998474121094,0.0,72.5719985961914,True,True,52.93000030517578,0.0,75.52400207519531,True,True,38.27000045776367,0.0,74.73200225830078,True,True,43.880001068115234,0.0,76.33399963378906,True,True,43.40999984741211,0.0,71.76200103759766,True,True,-25.0,64.2300033569336,,,,41.1619987487793,210.0019989013672,41.52199935913086,144.0,36.0,
2021-08-18 20:45:00,,,,,37.61000061035156,0.0,76.08200073242188,True,True,100.0,0.0,75.99199676513672,True,True,34.02000045776367,0.0,75.32599639892578,True,True,54.540000915527344,0.0,82.41799926757812,True,True,36.88999938964844,0.0,74.13800048828125,True,True,42.61000061035156,0.0,73.94000244140625,True,True,42.52000045776367,0.0,72.73400115966797,True,True,47.619998931884766,0.0,75.47000122070312,True,True,36.959999084472656,0.0,74.73200225830078,True,True,37.540000915527344,0.0,76.27999877929688,True,True,41.95000076293945,0.0,71.88800048828125,True,True,-25.0,62.63999938964844,,,,41.09000015258789,210.0019989013672,41.486000061035156,152.0,38.0,
2021-08-18 21:00:00,,,,,44.040000915527344,0.0,75.86599731445312,True,True,100.0,0.0,75.21800231933594,True,True,36.56999969482422,0.0,75.30799865722656,True,True,54.47999954223633,0.0,82.88600158691406,True,True,36.86000061035156,0.0,74.19200134277344,True,True,41.880001068115234,0.0,74.24600219726562,True,True,41.0,0.0,73.00399780273438,True,True,52.939998626708984,0.0,75.43399810791016,True,True,34.939998626708984,0.0,74.75,True,True,40.09000015258789,0.0,76.2979965209961,True,True,41.5099983215332,0.0,72.10399627685547,True,True,-25.0,64.94000244140625,,,,40.94599914550781,210.0019989013672,41.395999908447266,144.0,36.0,
2021-08-18 21:15:00,,,,,36.810001373291016,0.0,75.36199951171875,True,True,100.0,0.0,75.00199890136719,True,True,45.0,0.0,75.30799865722656,True,True,54.150001525878906,0.0,82.58000183105469,True,True,38.099998474121094,0.0,74.19200134277344,True,True,42.220001220703125,0.0,73.83200073242188,True,True,42.599998474121094,0.0,73.12999725341797,True,True,49.650001525878906,0.0,75.52400207519531,True,True,34.4900016784668,0.0,74.76799774169922,True,True,45.119998931884766,0.0,76.24400329589844,True,True,42.79999923706055,0.0,72.28399658203125,True,True,-25.0,65.54000091552734,,,,41.05400085449219,210.0019989013672,41.486000061035156,152.0,38.0,
2021-08-18 21:30:00,,,,,33.79999923706055,0.0,75.36199951171875,True,True,98.9800033569336,0.0,75.21800231933594,True,True,45.029998779296875,0.0,75.30799865722656,True,True,53.689998626708984,0.0,81.93199920654297,True,True,36.15999984741211,0.0,74.15599822998047,True,True,45.95000076293945,0.0,73.61599731445312,True,True,42.369998931884766,0.0,73.07599639892578,True,True,48.619998931884766,0.0,75.41600036621094,True,True,40.56999969482422,0.0,74.78600311279297,True,True,43.22999954223633,0.0,76.24400329589844,True,True,42.45000076293945,0.0,72.24800109863281,True,True,-25.0,65.33999633789062,,,,41.14400100708008,210.0019989013672,41.540000915527344,144.0,36.0,
2021-08-18 21:45:00,,,,,38.79999923706055,0.0,75.73999786376953,True,True,100.0,0.0,75.30799865722656,True,True,46.119998931884766,0.0,75.30799865722656,True,True,54.2599983215332,0.0,82.30999755859375,True,True,37.189998626708984,0.0,74.15599822998047,True,True,45.61000061035156,0.0,74.02999877929688,True,True,41.31999969482422,0.0,72.96800231933594,True,True,48.369998931884766,0.0,75.34400177001953,True,True,38.68000030517578,0.0,74.75,True,True,39.38999938964844,0.0,76.22599792480469,True,True,41.70000076293945,0.0,72.1760025024414,True,True,-25.0,65.8499984741211,,,,41.1619987487793,210.0019989013672,41.55799865722656,152.0,38.0,
2021-08-18 22:00:00,,,,,40.02000045776367,0.0,75.18199920654297,True,True,100.0,0.0,75.37999725341797,True,True,43.040000915527344,0.0,75.27200317382812,True,True,55.0,0.0,81.78800201416016,True,True,40.310001373291016,0.0,74.12000274658203,True,True,43.88999938964844,0.0,73.5260009765625,True,True,40.81999969482422,0.0,72.96800231933594,True,True,50.939998626708984,0.0,75.5780029296875,True,True,38.779998779296875,0.0,74.8219985961914,True,True,43.72999954223633,0.0,76.22599792480469,True,True,41.20000076293945,0.0,72.21199798583984,True,True,-25.0,67.30000305175781,,,,41.0359992980957,210.0019989013672,41.46799850463867,144.0,36.0,
2021-08-18 22:15:00,,,,,35.790000915527344,0.0,75.68599700927734,True,True,100.0,0.0,75.29000091552734,True,True,43.59000015258789,0.0,75.29000091552734,True,True,55.88999938964844,0.0,82.41799926757812,True,True,36.04999923706055,0.0,74.12000274658203,True,True,40.20000076293945,0.0,73.94000244140625,True,True,40.63999938964844,0.0,72.91400146484375,True,True,48.66999816894531,0.0,75.50599670410156,True,True,39.0,0.0,74.76799774169922,True,True,39.97999954223633,0.0,76.22599792480469,True,True,40.869998931884766,0.0,72.12200164794922,True,True,-25.0,67.18000030517578,,,,41.05400085449219,210.0019989013672,41.52199935913086,152.0,38.0,
2021-08-18 22:30:00,,,,,40.93000030517578,0.0,75.50599670410156,True,True,100.0,0.0,75.41600036621094,True,True,42.529998779296875,0.0,75.27200317382812,True,True,55.560001373291016,0.0,82.18399810791016,True,True,36.119998931884766,0.0,74.10199737548828,True,True,45.72999954223633,0.0,73.61599731445312,True,True,40.90999984741211,0.0,72.84200286865234,True,True,48.22999954223633,0.0,75.37999725341797,True,True,38.790000915527344,0.0,74.76799774169922,True,True,39.209999084472656,0.0,76.22599792480469,True,True,39.970001220703125,0.0,72.03199768066406,True,True,-25.0,66.8499984741211,,,,41.0359992980957,210.0019989013672,41.45000076293945,144.0,36.0,
2021-08-18 22:45:00,,,,,37.13999938964844,0.0,75.30799865722656,True,True,100.0,0.0,75.23600006103516,True,True,43.099998474121094,0.0,75.27200317382812,True,True,56.349998474121094,0.0,81.93199920654297,True,True,39.849998474121094,0.0,74.12000274658203,True,True,47.0099983215332,0.0,73.41799926757812,True,True,43.59000015258789,0.0,72.78800201416016,True,True,47.560001373291016,0.0,75.37999725341797,True,True,36.369998931884766,0.0,74.66000366210938,True,True,38.29999923706055,0.0,76.1719970703125,True,True,41.5,0.0,71.94200134277344,True,True,-25.0,66.62000274658203,,,,40.981998443603516,210.0019989013672,41.395999908447266,144.0,36.0,
2021-08-18 23:00:00,,,,,40.25,0.0,74.8759994506836,True,True,100.0,0.0,75.16400146484375,True,True,42.189998626708984,0.0,75.19999694824219,True,True,57.060001373291016,0.0,81.93199920654297,True,True,39.810001373291016,0.0,74.12000274658203,True,True,45.15999984741211,0.0,73.00399780273438,True,True,41.75,0.0,72.60800170898438,True,True,48.18000030517578,0.0,75.29000091552734,True,True,35.65999984741211,0.0,74.66000366210938,True,True,43.529998779296875,0.0,76.1719970703125,True,True,41.91999816894531,0.0,71.76200103759766,True,True,-25.0,74.33999633789062,,,,41.43199920654297,210.0019989013672,41.84600067138672,152.0,38.0,
2021-08-18 23:15:00,,,,,36.099998474121094,0.0,75.05599975585938,True,True,100.0,0.0,74.85800170898438,True,True,43.66999816894531,0.0,75.29000091552734,True,True,57.86000061035156,0.0,81.93199920654297,True,True,35.33000183105469,0.0,74.0479965209961,True,True,43.02000045776367,0.0,72.8239974975586,True,True,41.650001525878906,0.0,72.46399688720703,True,True,48.56999969482422,0.0,75.43399810791016,True,True,37.56999969482422,0.0,74.6780014038086,True,True,42.380001068115234,0.0,76.08200073242188,True,True,42.08000183105469,0.0,71.58200073242188,True,True,-25.0,78.3499984741211,,,,41.37799835205078,210.0019989013672,41.70199966430664,144.0,36.0,
2021-08-18 23:30:00,,,,,41.310001373291016,0.0,75.00199890136719,True,True,100.0,0.0,74.89399719238281,True,True,51.56999969482422,0.0,75.30799865722656,True,True,59.72999954223633,0.0,81.8239974975586,True,True,39.209999084472656,0.0,74.10199737548828,True,True,43.29999923706055,0.0,72.89600372314453,True,True,42.5,0.0,72.48200225830078,True,True,48.09000015258789,0.0,75.4520034790039,True,True,38.560001373291016,0.0,74.66000366210938,True,True,39.7599983215332,0.0,76.06400299072266,True,True,42.79999923706055,0.0,71.4020004272461,True,True,-25.0,68.3499984741211,,,,47.444000244140625,210.0019989013672,47.534000396728516,144.0,36.0,
2021-08-18 23:45:00,,,,,49.70000076293945,0.0,74.93000030517578,True,True,100.0,0.0,75.09200286865234,True,True,55.400001525878906,0.0,75.39800262451172,True,True,73.63999938964844,0.0,82.02200317382812,True,True,44.54999923706055,0.0,74.13800048828125,True,True,52.369998931884766,0.0,72.78800201416016,True,True,43.27000045776367,0.0,72.48200225830078,True,True,49.04999923706055,0.0,75.48799896240234,True,True,38.959999084472656,0.0,74.64199829101562,True,True,45.400001525878906,0.0,75.99199676513672,True,True,43.18000030517578,0.0,71.4020004272461,True,True,-25.0,83.8499984741211,,,,49.58599853515625,210.0019989013672,50.125999450683594,144.0,36.0,
2021-08-19 00:00:00,,,,,41.91999816894531,0.0,74.78600311279297,True,True,100.0,0.0,75.03800201416016,True,True,49.68000030517578,0.0,75.41600036621094,True,True,67.81999969482422,0.0,82.18399810791016,True,True,38.029998779296875,0.0,74.19200134277344,True,True,47.790000915527344,0.0,72.75199890136719,True,True,43.939998626708984,0.0,72.48200225830078,True,True,49.52000045776367,0.0,75.41600036621094,True,True,37.5,0.0,74.6240005493164,True,True,42.689998626708984,0.0,75.99199676513672,True,True,43.189998626708984,0.0,71.23999786376953,True,True,-25.0,82.83999633789062,,,,47.49800109863281,210.0019989013672,47.93000030517578,144.0,36.0,
2021-08-19 00:15:00,,,,,43.5,0.0,74.58799743652344,True,True,98.25,0.0,75.19999694824219,True,True,50.709999084472656,0.0,75.34400177001953,True,True,64.73999786376953,0.0,81.8239974975586,True,True,37.439998626708984,0.0,74.13800048828125,True,True,45.97999954223633,0.0,72.8239974975586,True,True,51.130001068115234,0.0,72.302001953125,True,True,58.06999969482422,0.0,75.41600036621094,True,True,43.16999816894531,0.0,74.64199829101562,True,True,36.619998931884766,0.0,75.99199676513672,True,True,47.88999938964844,0.0,71.2760009765625,True,True,-25.0,81.37000274658203,,,,46.237998962402344,210.0019989013672,46.7599983215332,152.0,38.0,
2021-08-19 00:30:00,,,,,44.349998474121094,0.0,74.51599884033203,True,True,100.0,0.0,75.41600036621094,True,True,47.779998779296875,0.0,75.41600036621094,True,True,64.80999755859375,0.0,82.09400177001953,True,True,42.38999938964844,0.0,74.06600189208984,True,True,51.41999816894531,0.0,73.2020034790039,True,True,48.72999954223633,0.0,72.12200164794922,True,True,59.900001525878906,0.0,75.54199981689453,True,True,41.29999923706055,0.0,74.8219985961914,True,True,43.88999938964844,0.0,76.01000213623047,True,True,46.58000183105469,0.0,71.2040023803711,True,True,-25.0,82.08999633789062,,,,46.20199966430664,210.0019989013672,46.58000183105469,144.0,36.0,
2021-08-19 00:45:00,,,,,49.41999816894531,0.0,73.88600158691406,True,True,100.0,0.0,75.4520034790039,True,True,47.09000015258789,0.0,75.30799865722656,True,True,64.83000183105469,0.0,82.54399871826172,True,True,41.88999938964844,0.0,74.06600189208984,True,True,48.59000015258789,0.0,73.50800323486328,True,True,47.02000045776367,0.0,72.13999938964844,True,True,57.560001373291016,0.0,75.39800262451172,True,True,39.060001373291016,0.0,74.64199829101562,True,True,43.130001068115234,0.0,76.01000213623047,True,True,45.400001525878906,0.0,71.16799926757812,True,True,-25.0,80.88999938964844,,,,45.91400146484375,210.0019989013672,46.45399856567383,144.0,36.0,
2021-08-19 01:00:00,,,,,53.060001373291016,0.0,73.7959976196289,True,True,100.0,0.0,75.4520034790039,True,True,51.72999954223633,0.0,75.18199920654297,True,True,68.81999969482422,0.0,82.4000015258789,True,True,44.52000045776367,0.0,74.01200103759766,True,True,53.880001068115234,0.0,73.36399841308594,True,True,47.25,0.0,72.03199768066406,True,True,55.880001068115234,0.0,75.36199951171875,True,True,38.630001068115234,0.0,74.552001953125,True,True,47.290000915527344,0.0,76.02799987792969,True,True,44.29999923706055,0.0,71.04199981689453,True,True,-25.0,81.3499984741211,,,,44.04199981689453,210.0019989013672,44.74399948120117,152.0,38.0,
2021-08-19 01:15:00,,,,,42.84000015258789,0.0,73.90399932861328,True,True,100.0,0.0,75.47000122070312,True,True,46.25,0.0,75.19999694824219,True,True,62.849998474121094,0.0,82.16600036621094,True,True,38.470001220703125,0.0,73.97599792480469,True,True,49.470001220703125,0.0,73.47200012207031,True,True,47.040000915527344,0.0,71.83399963378906,True,True,55.61000061035156,0.0,75.34400177001953,True,True,37.970001220703125,0.0,74.6240005493164,True,True,44.63999938964844,0.0,75.88400268554688,True,True,43.540000915527344,0.0,70.98799896240234,True,True,-25.0,79.79000091552734,,,,45.06800079345703,210.0019989013672,45.44599914550781,152.0,38.0,
2021-08-19 01:30:00,,,,,43.630001068115234,0.0,74.15599822998047,True,True,100.0,0.0,75.52400207519531,True,True,48.470001220703125,0.0,75.19999694824219,True,True,63.59000015258789,0.0,82.6520004272461,True,True,43.13999938964844,0.0,73.99400329589844,True,True,46.630001068115234,0.0,73.34600067138672,True,True,46.47999954223633,0.0,71.61799621582031,True,True,56.77000045776367,0.0,75.21800231933594,True,True,40.130001068115234,0.0,74.552001953125,True,True,68.22000122070312,0.0,75.88400268554688,True,True,44.34000015258789,0.0,70.75399780273438,True,True,-25.0,80.4000015258789,,,,47.31800079345703,210.0019989013672,47.5880012512207,144.0,36.0,
2021-08-19 01:45:00,,,,,49.61000061035156,0.0,74.15599822998047,True,True,98.55999755859375,0.0,75.4520034790039,True,True,51.77000045776367,0.0,75.09200286865234,True,True,69.94999694824219,0.0,82.34600067138672,True,True,43.400001525878906,0.0,74.0479965209961,True,True,50.209999084472656,0.0,73.16600036621094,True,True,45.540000915527344,0.0,71.52799987792969,True,True,56.529998779296875,0.0,75.36199951171875,True,True,38.720001220703125,0.0,74.49800109863281,True,True,41.09000015258789,0.0,75.86599731445312,True,True,43.52000045776367,0.0,70.73600006103516,True,True,-25.0,80.11000061035156,,,,47.551998138427734,210.0019989013672,48.055999755859375,144.0,36.0,
2021-08-19 02:00:00,,,,,47.20000076293945,0.0,73.90399932861328,True,True,95.94000244140625,0.0,75.59600067138672,True,True,53.060001373291016,0.0,75.19999694824219,True,True,71.5199966430664,0.0,81.5,True,True,39.9900016784668,0.0,73.88600158691406,True,True,47.02000045776367,0.0,72.64399719238281,True,True,45.13999938964844,0.0,71.52799987792969,True,True,58.31999969482422,0.0,75.54199981689453,True,True,41.880001068115234,0.0,74.49800109863281,True,True,41.63999938964844,0.0,75.7760009765625,True,True,42.83000183105469,0.0,70.68199920654297,True,True,-25.0,79.8499984741211,,,,48.41600036621094,210.0019989013672,48.7400016784668,144.0,36.0,
2021-08-19 02:15:00,,,,,49.369998931884766,0.0,73.83200073242188,True,True,100.0,0.0,75.61399841308594,True,True,56.09000015258789,0.0,75.27200317382812,True,True,74.76000213623047,0.0,82.02200317382812,True,True,41.04999923706055,0.0,73.99400329589844,True,True,50.959999084472656,0.0,72.84200286865234,True,True,51.11000061035156,0.0,71.45600128173828,True,True,57.349998474121094,0.0,75.34400177001953,True,True,40.779998779296875,0.0,74.6240005493164,True,True,45.5099983215332,0.0,75.7760009765625,True,True,46.119998931884766,0.0,70.55599975585938,True,True,-25.0,81.80999755859375,,,,48.09199905395508,210.0019989013672,48.50600051879883,152.0,38.0,
2021-08-19 02:30:00,,,,,54.38999938964844,0.0,73.70600128173828,True,True,100.0,0.0,75.75800323486328,True,True,57.4900016784668,0.0,75.25399780273438,True,True,76.77999877929688,0.0,81.86000061035156,True,True,40.150001525878906,0.0,73.97599792480469,True,True,55.25,0.0,72.98600006103516,True,True,49.900001525878906,0.0,71.3479995727539,True,True,59.119998931884766,0.0,75.34400177001953,True,True,39.93000030517578,0.0,74.58799743652344,True,True,42.52000045776367,0.0,75.79399871826172,True,True,47.02000045776367,0.0,70.50199890136719,True,True,-25.0,81.83999633789062,,,,48.470001220703125,210.0019989013672,48.7760009765625,144.0,36.0,
2021-08-19 02:45:00,,,,,44.83000183105469,0.0,74.28199768066406,True,True,100.0,0.0,76.13600158691406,True,True,58.31999969482422,0.0,75.29000091552734,True,True,79.1500015258789,0.0,81.4280014038086,True,True,45.400001525878906,0.0,74.01200103759766,True,True,53.150001525878906,0.0,72.8239974975586,True,True,50.709999084472656,0.0,71.2760009765625,True,True,60.5,0.0,75.41600036621094,True,True,41.38999938964844,0.0,74.51599884033203,True,True,42.38999938964844,0.0,75.81199645996094,True,True,49.279998779296875,0.0,70.59200286865234,True,True,-25.0,82.33999633789062,,,,48.72200012207031,210.0019989013672,49.04600143432617,144.0,36.0,
2021-08-19 03:00:00,,,,,46.2400016784668,0.0,74.46199798583984,True,True,97.0999984741211,0.0,75.9739990234375,True,True,56.38999938964844,0.0,75.30799865722656,True,True,78.75,0.0,81.68000030517578,True,True,45.09000015258789,0.0,74.0479965209961,True,True,52.08000183105469,0.0,72.5719985961914,True,True,51.310001373291016,0.0,71.56400299072266,True,True,62.25,0.0,75.32599639892578,True,True,42.58000183105469,0.0,74.56999969482422,True,True,47.36000061035156,0.0,75.81199645996094,True,True,48.689998626708984,0.0,70.5739974975586,True,True,-25.0,82.88999938964844,,,,48.32600021362305,210.0019989013672,48.79399871826172,144.0,36.0,
2021-08-19 03:15:00,,,,,50.220001220703125,0.0,74.31800079345703,True,True,100.0,0.0,75.7760009765625,True,True,56.470001220703125,0.0,75.27200317382812,True,True,79.56999969482422,0.0,81.84200286865234,True,True,41.540000915527344,0.0,74.06600189208984,True,True,52.70000076293945,0.0,72.46399688720703,True,True,52.060001373291016,0.0,71.56400299072266,True,True,64.9000015258789,0.0,75.43399810791016,True,True,40.43000030517578,0.0,74.58799743652344,True,True,44.959999084472656,0.0,75.81199645996094,True,True,50.13999938964844,0.0,70.62799835205078,True,True,-25.0,83.0,,,,48.59600067138672,210.0019989013672,48.902000427246094,152.0,38.0,
2021-08-19 03:30:00,,,,,54.52000045776367,0.0,74.17400360107422,True,True,100.0,0.0,76.76599884033203,True,True,60.560001373291016,0.0,75.23600006103516,True,True,80.69999694824219,0.0,82.02200317382812,True,True,47.90999984741211,0.0,74.0479965209961,True,True,50.650001525878906,0.0,72.46399688720703,True,True,51.380001068115234,0.0,71.70800018310547,True,True,63.599998474121094,0.0,75.34400177001953,True,True,39.70000076293945,0.0,74.552001953125,True,True,45.29999923706055,0.0,75.83000183105469,True,True,48.439998626708984,0.0,70.82599639892578,True,True,-25.0,83.38999938964844,,,,48.88399887084961,210.0019989013672,49.316001892089844,144.0,36.0,
2021-08-19 03:45:00,,,,,52.06999969482422,0.0,74.08399963378906,True,True,100.0,0.0,76.69400024414062,True,True,58.88999938964844,0.0,75.34400177001953,True,True,82.66000366210938,0.0,80.92400360107422,True,True,43.58000183105469,0.0,73.90399932861328,True,True,54.27000045776367,0.0,72.33799743652344,True,True,51.36000061035156,0.0,71.81600189208984,True,True,64.31999969482422,0.0,75.30799865722656,True,True,42.790000915527344,0.0,74.552001953125,True,True,45.369998931884766,0.0,75.81199645996094,True,True,48.060001373291016,0.0,70.71800231933594,True,True,-25.0,83.0,,,,48.63199996948242,210.0019989013672,48.992000579833984,152.0,38.0,
2021-08-19 04:00:00,,,,,56.0,0.0,73.7959976196289,True,True,100.0,0.0,77.84600067138672,True,True,59.31999969482422,0.0,75.27200317382812,True,True,84.05999755859375,0.0,81.6259994506836,True,True,45.7599983215332,0.0,73.9219970703125,True,True,51.029998779296875,0.0,72.39199829101562,True,True,51.61000061035156,0.0,71.85199737548828,True,True,68.4000015258789,0.0,75.36199951171875,True,True,40.68000030517578,0.0,74.53399658203125,True,True,44.0,0.0,75.7040023803711,True,True,48.16999816894531,0.0,70.75399780273438,True,True,-25.0,82.8499984741211,,,,48.54199981689453,210.0019989013672,49.15399932861328,144.0,36.0,
2021-08-19 04:15:00,,,,,48.11000061035156,0.0,74.10199737548828,True,True,100.0,0.0,77.48600006103516,True,True,62.040000915527344,0.0,75.30799865722656,True,True,85.4000015258789,0.0,81.4280014038086,True,True,40.86000061035156,0.0,73.95800018310547,True,True,56.0,0.0,72.46399688720703,True,True,51.83000183105469,0.0,71.92400360107422,True,True,64.98999786376953,0.0,75.19999694824219,True,True,40.52000045776367,0.0,74.53399658203125,True,True,48.15999984741211,0.0,75.7040023803711,True,True,48.189998626708984,0.0,70.9520034790039,True,True,-25.0,83.68000030517578,,,,48.79399871826172,210.0019989013672,49.13600158691406,144.0,36.0,
2021-08-19 04:30:00,,,,,51.56999969482422,0.0,74.51599884033203,True,True,100.0,0.0,78.0260009765625,True,True,58.11000061035156,0.0,75.21800231933594,True,True,87.68000030517578,0.0,81.39199829101562,True,True,45.880001068115234,0.0,73.94000244140625,True,True,56.29999923706055,0.0,72.46399688720703,True,True,52.380001068115234,0.0,71.90599822998047,True,True,66.06999969482422,0.0,75.34400177001953,True,True,40.959999084472656,0.0,74.49800109863281,True,True,48.560001373291016,0.0,75.7040023803711,True,True,49.40999984741211,0.0,70.89800262451172,True,True,-25.0,83.80999755859375,,,,48.63199996948242,210.0019989013672,49.20800018310547,152.0,38.0,
2021-08-19 04:45:00,,,,,51.16999816894531,0.0,74.15599822998047,True,True,92.08000183105469,0.0,78.47599792480469,True,True,59.939998626708984,0.0,75.25399780273438,True,True,89.16999816894531,0.0,81.6259994506836,True,True,43.58000183105469,0.0,73.94000244140625,True,True,56.77000045776367,0.0,72.5719985961914,True,True,52.709999084472656,0.0,71.63600158691406,True,True,67.0,0.0,75.27200317382812,True,True,40.959999084472656,0.0,74.53399658203125,True,True,45.5099983215332,0.0,75.7040023803711,True,True,48.709999084472656,0.0,70.71800231933594,True,True,-25.0,83.8499984741211,,,,48.9379997253418,210.0019989013672,49.35200119018555,144.0,36.0,
2021-08-19 05:00:00,,,,,52.2599983215332,0.0,74.13800048828125,True,True,91.97000122070312,0.0,79.01599884033203,True,True,60.16999816894531,0.0,75.27200317382812,True,True,91.16999816894531,0.0,81.66200256347656,True,True,48.15999984741211,0.0,73.95800018310547,True,True,54.04999923706055,0.0,72.64399719238281,True,True,53.41999816894531,0.0,71.45600128173828,True,True,67.51000213623047,0.0,75.30799865722656,True,True,41.0099983215332,0.0,74.46199798583984,True,True,44.38999938964844,0.0,75.7040023803711,True,True,48.91999816894531,0.0,70.68199920654297,True,True,-25.0,83.48999786376953,,,,49.0099983215332,210.0019989013672,49.316001892089844,152.0,38.0,
2021-08-19 05:15:00,,,,,48.220001220703125,0.0,74.28199768066406,True,True,94.45999908447266,0.0,79.052001953125,True,True,59.689998626708984,0.0,75.37999725341797,True,True,92.26000213623047,0.0,81.91400146484375,True,True,43.619998931884766,0.0,73.94000244140625,True,True,53.970001220703125,0.0,72.66200256347656,True,True,53.709999084472656,0.0,71.52799987792969,True,True,69.27999877929688,0.0,75.30799865722656,True,True,41.15999984741211,0.0,74.49800109863281,True,True,46.060001373291016,0.0,75.7040023803711,True,True,49.04999923706055,0.0,70.64600372314453,True,True,-25.0,86.44999694824219,,,,49.22600173950195,210.0019989013672,49.62200164794922,144.0,36.0,
2021-08-19 05:30:00,,,,,52.900001525878906,0.0,74.10199737548828,True,True,93.43000030517578,0.0,78.88999938964844,True,True,60.349998474121094,0.0,75.16400146484375,True,True,94.62000274658203,0.0,81.93199920654297,True,True,44.41999816894531,0.0,73.8499984741211,True,True,57.18000030517578,0.0,72.8239974975586,True,True,54.58000183105469,0.0,71.63600158691406,True,True,68.88999938964844,0.0,75.36199951171875,True,True,42.06999969482422,0.0,74.46199798583984,True,True,46.09000015258789,0.0,75.72200012207031,True,True,49.31999969482422,0.0,70.71800231933594,True,True,-25.0,87.4000015258789,,,,48.847999572753906,210.0019989013672,49.33399963378906,152.0,38.0,
2021-08-19 05:45:00,,,,,73.94000244140625,0.0,74.19200134277344,True,True,100.0,0.0,79.41200256347656,True,True,83.69999694824219,0.0,75.30799865722656,True,True,100.0,0.0,81.71600341796875,True,True,57.06999969482422,0.0,73.99400329589844,True,True,73.1500015258789,0.0,72.697998046875,True,True,52.90999984741211,0.0,71.56400299072266,True,True,69.41000366210938,0.0,75.27200317382812,True,True,42.45000076293945,0.0,74.44400024414062,True,True,48.45000076293945,0.0,75.7040023803711,True,True,49.45000076293945,0.0,70.50199890136719,True,True,-25.0,99.95999908447266,,,,53.52799987792969,210.0019989013672,54.805999755859375,144.0,36.0,
2021-08-19 06:00:00,,,,,54.13999938964844,0.0,74.15599822998047,True,True,99.69999694824219,0.0,79.71800231933594,True,True,63.380001068115234,0.0,75.34400177001953,True,True,89.25,0.0,82.11199951171875,True,True,44.040000915527344,0.0,73.95800018310547,True,True,59.369998931884766,0.0,72.71600341796875,True,True,53.88999938964844,0.0,71.2760009765625,True,True,68.08000183105469,0.0,75.34400177001953,True,True,42.22999954223633,0.0,74.40799713134766,True,True,49.52000045776367,0.0,75.68599700927734,True,True,50.0,0.0,70.41200256347656,True,True,-25.0,83.8499984741211,,,,49.24399948120117,210.0019989013672,49.694000244140625,152.0,38.0,
2021-08-19 06:15:00,,,,,54.02000045776367,0.0,73.4000015258789,True,True,100.0,0.0,79.62799835205078,True,True,62.349998474121094,0.0,75.27200317382812,True,True,88.30000305175781,0.0,81.15799713134766,True,True,43.900001525878906,0.0,73.88600158691406,True,True,55.349998474121094,0.0,72.39199829101562,True,True,63.2599983215332,0.0,71.2040023803711,True,True,71.31999969482422,0.0,75.27200317382812,True,True,45.560001373291016,0.0,74.44400024414062,True,True,47.66999816894531,0.0,75.68599700927734,True,True,53.70000076293945,0.0,70.19599914550781,True,True,-25.0,79.5199966430664,,,,43.19599914550781,210.0019989013672,44.150001525878906,152.0,38.0,
2021-08-19 06:30:00,,,,,50.77000045776367,0.0,73.61599731445312,True,True,82.58999633789062,0.0,79.5739974975586,True,True,52.099998474121094,0.0,75.12799835205078,True,True,71.48999786376953,0.0,81.4280014038086,True,True,39.2599983215332,0.0,73.83200073242188,True,True,48.790000915527344,0.0,72.21199798583984,True,True,56.290000915527344,0.0,70.98799896240234,True,True,82.19000244140625,0.0,75.48799896240234,True,True,41.81999969482422,0.0,74.552001953125,True,True,49.720001220703125,0.0,75.68599700927734,True,True,50.599998474121094,0.0,70.01599884033203,True,True,-25.0,72.11000061035156,,,,45.03200149536133,210.0019989013672,44.762001037597656,144.0,36.0,
2021-08-19 06:45:00,,,,,49.52000045776367,0.0,73.22000122070312,True,True,90.44000244140625,0.0,79.3759994506836,True,True,59.650001525878906,0.0,75.18199920654297,True,True,80.38999938964844,0.0,81.73400115966797,True,True,43.650001525878906,0.0,73.8499984741211,True,True,49.189998626708984,0.0,72.08599853515625,True,True,53.939998626708984,0.0,70.80799865722656,True,True,78.80000305175781,0.0,75.25399780273438,True,True,44.880001068115234,0.0,74.4800033569336,True,True,50.15999984741211,0.0,75.66799926757812,True,True,49.349998474121094,0.0,69.81800079345703,True,True,-25.0,70.8499984741211,,,,49.67599868774414,210.0019989013672,49.67599868774414,152.0,38.0,
2021-08-19 07:00:00,,,,,62.439998626708984,0.0,73.47200012207031,True,True,100.0,0.0,78.83599853515625,True,True,65.16000366210938,0.0,75.27200317382812,True,True,91.58999633789062,0.0,81.697998046875,True,True,48.11000061035156,0.0,73.94000244140625,True,True,54.869998931884766,0.0,72.21199798583984,True,True,45.91999816894531,0.0,70.84400177001953,True,True,69.43000030517578,0.0,75.21800231933594,True,True,38.27000045776367,0.0,74.38999938964844,True,True,48.459999084472656,0.0,75.55999755859375,True,True,43.56999969482422,0.0,69.81800079345703,True,True,-25.0,76.30999755859375,,,,51.152000427246094,210.0019989013672,51.49399948120117,152.0,38.0,
2021-08-19 07:15:00,,,,,62.709999084472656,0.0,74.0479965209961,True,True,92.91999816894531,0.0,78.04399871826172,True,True,67.04000091552734,0.0,75.27200317382812,True,True,95.47000122070312,0.0,81.94999694824219,True,True,47.5,0.0,73.95800018310547,True,True,58.84000015258789,0.0,72.64399719238281,True,True,52.31999969482422,0.0,70.68199920654297,True,True,63.119998931884766,0.0,75.0199966430664,True,True,42.0099983215332,0.0,74.40799713134766,True,True,39.81999969482422,0.0,75.47000122070312,True,True,47.61000061035156,0.0,69.69200134277344,True,True,-25.0,76.30999755859375,,,,50.70199966430664,210.0019989013672,51.097999572753906,152.0,38.0,
2021-08-19 07:30:00,,,,,61.47999954223633,0.0,74.15599822998047,True,True,98.18000030517578,0.0,77.21600341796875,True,True,67.33999633789062,0.0,75.27200317382812,True,True,97.62999725341797,0.0,82.58000183105469,True,True,43.470001220703125,0.0,73.94000244140625,True,True,61.290000915527344,0.0,72.89600372314453,True,True,58.439998626708984,0.0,70.53800201416016,True,True,69.9000015258789,0.0,75.29000091552734,True,True,46.15999984741211,0.0,74.44400024414062,True,True,43.88999938964844,0.0,75.4520034790039,True,True,52.59000015258789,0.0,69.69200134277344,True,True,-25.0,75.13999938964844,,,,51.31399917602539,210.0019989013672,51.63800048828125,144.0,36.0,
2021-08-19 07:45:00,,,,,64.75,0.0,73.97599792480469,True,True,93.19999694824219,0.0,76.8740005493164,True,True,69.37999725341797,0.0,75.27200317382812,True,True,100.0,0.0,82.70600128173828,True,True,49.689998626708984,0.0,73.94000244140625,True,True,62.79999923706055,0.0,72.78800201416016,True,True,58.54999923706055,0.0,70.66400146484375,True,True,76.93000030517578,0.0,75.16400146484375,True,True,46.529998779296875,0.0,74.46199798583984,True,True,48.209999084472656,0.0,75.50599670410156,True,True,52.5,0.0,69.90799713134766,True,True,-25.0,75.83999633789062,,,,51.69200134277344,210.0019989013672,52.15999984741211,152.0,38.0,
2021-08-19 08:00:00,,,,,65.41000366210938,0.0,73.81400299072266,True,True,99.18000030517578,0.0,76.6760025024414,True,True,71.43000030517578,0.0,75.27200317382812,True,True,100.0,0.0,83.0479965209961,True,True,44.869998931884766,0.0,73.94000244140625,True,True,62.279998779296875,0.0,72.93199920654297,True,True,57.81999969482422,0.0,71.02400207519531,True,True,77.69999694824219,0.0,75.30799865722656,True,True,42.75,0.0,74.44400024414062,True,True,50.33000183105469,0.0,75.50599670410156,True,True,52.2599983215332,0.0,70.26799774169922,True,True,-25.0,75.66000366210938,,,,52.141998291015625,210.0019989013672,52.50199890136719,152.0,38.0,
2021-08-19 08:15:00,,,,,67.6500015258789,0.0,74.22799682617188,True,True,100.0,0.0,76.35199737548828,True,True,72.76000213623047,0.0,75.30799865722656,True,True,100.0,0.0,82.68800354003906,True,True,44.43000030517578,0.0,73.88600158691406,True,True,63.7599983215332,0.0,73.50800323486328,True,True,60.869998931884766,0.0,71.00599670410156,True,True,79.91999816894531,0.0,75.37999725341797,True,True,46.20000076293945,0.0,74.40799713134766,True,True,52.529998779296875,0.0,75.48799896240234,True,True,55.209999084472656,0.0,70.26799774169922,True,True,-25.0,79.30000305175781,,,,52.68199920654297,210.0019989013672,53.04199981689453,152.0,38.0,
2021-08-19 08:30:00,,,,,70.44000244140625,0.0,74.75,True,True,100.0,0.0,76.24400329589844,True,True,74.83000183105469,0.0,75.32599639892578,True,True,100.0,0.0,82.36399841308594,True,True,50.59000015258789,0.0,74.02999877929688,True,True,62.4900016784668,0.0,73.77799987792969,True,True,60.97999954223633,0.0,71.02400207519531,True,True,82.25,0.0,75.5780029296875,True,True,44.61000061035156,0.0,74.35399627685547,True,True,53.90999984741211,0.0,75.52400207519531,True,True,54.7400016784668,0.0,70.30400085449219,True,True,-25.0,80.38999938964844,,,,53.02399826049805,210.0019989013672,53.402000427246094,152.0,38.0,
2021-08-19 08:45:00,,,,,72.75,0.0,75.00199890136719,True,True,100.0,0.0,76.62200164794922,True,True,79.94000244140625,0.0,75.34400177001953,True,True,100.0,0.0,83.01200103759766,True,True,53.11000061035156,0.0,74.12000274658203,True,True,66.9000015258789,0.0,74.22799682617188,True,True,62.38999938964844,0.0,71.0780029296875,True,True,88.12999725341797,0.0,75.48799896240234,True,True,44.970001220703125,0.0,74.44400024414062,True,True,53.04999923706055,0.0,75.52400207519531,True,True,67.47000122070312,0.0,70.447998046875,True,True,-25.0,81.91000366210938,,,,53.257999420166016,210.0019989013672,53.689998626708984,160.0,40.0,
2021-08-19 09:00:00,,,,,69.4000015258789,0.0,75.12799835205078,True,True,100.0,0.0,76.78399658203125,True,True,82.2300033569336,0.0,75.30799865722656,True,True,100.0,0.0,83.98400115966797,True,True,54.81999969482422,0.0,74.26399993896484,True,True,64.08999633789062,0.0,74.53399658203125,True,True,63.56999969482422,0.0,71.61799621582031,True,True,87.58000183105469,0.0,75.61399841308594,True,True,46.20000076293945,0.0,74.46199798583984,True,True,53.869998931884766,0.0,75.59600067138672,True,True,58.2400016784668,0.0,71.11399841308594,True,True,-25.0,79.18000030517578,,,,53.63600158691406,210.0019989013672,54.04999923706055,160.0,40.0,
2021-08-19 09:15:00,,,,,75.70999908447266,0.0,75.32599639892578,True,True,100.0,0.0,76.47799682617188,True,True,87.94000244140625,0.0,75.34400177001953,True,True,100.0,0.0,83.75,True,True,50.54999923706055,0.0,74.26399993896484,True,True,64.97000122070312,0.0,74.46199798583984,True,True,65.19999694824219,0.0,72.21199798583984,True,True,90.4800033569336,0.0,75.5780029296875,True,True,49.68000030517578,0.0,74.46199798583984,True,True,48.5099983215332,0.0,75.63200378417969,True,True,58.79999923706055,0.0,71.88800048828125,True,True,-25.0,88.36000061035156,,,,53.779998779296875,210.0019989013672,54.17599868774414,168.0,42.0,
2021-08-19 09:30:00,,,,,62.810001373291016,0.0,75.68599700927734,True,True,100.0,0.0,76.81999969482422,True,True,77.68000030517578,0.0,75.23600006103516,True,True,100.0,0.0,82.9219970703125,True,True,46.779998779296875,0.0,74.19200134277344,True,True,63.56999969482422,0.0,75.14600372314453,True,True,68.44000244140625,0.0,72.4280014038086,True,True,91.19000244140625,0.0,75.41600036621094,True,True,46.65999984741211,0.0,74.51599884033203,True,True,55.540000915527344,0.0,75.6500015258789,True,True,61.38999938964844,0.0,72.1760025024414,True,True,-25.0,80.62000274658203,,,,42.097999572753906,210.0019989013672,42.67399978637695,160.0,40.0,
2021-08-19 09:45:00,,,,,57.68000030517578,0.0,76.08200073242188,True,True,91.81999969482422,0.0,78.65599822998047,True,True,69.69999694824219,0.0,75.14600372314453,True,True,83.95999908447266,0.0,84.16400146484375,True,True,41.61000061035156,0.0,74.10199737548828,True,True,50.290000915527344,0.0,76.96399688720703,True,True,66.6500015258789,0.0,72.39199829101562,True,True,94.29000091552734,0.0,75.4520034790039,True,True,48.2599983215332,0.0,74.552001953125,True,True,51.79999923706055,0.0,75.6500015258789,True,True,62.5,0.0,72.1760025024414,True,True,-25.0,73.81999969482422,,,,41.486000061035156,210.0019989013672,41.95399856567383,168.0,42.0,
2021-08-19 10:00:00,,,,,50.38999938964844,0.0,76.24400329589844,True,True,93.77999877929688,0.0,76.89199829101562,True,True,67.75,0.0,75.12799835205078,True,True,80.44000244140625,0.0,83.76799774169922,True,True,40.2599983215332,0.0,74.06600189208984,True,True,50.61000061035156,0.0,76.26200103759766,True,True,68.47000122070312,0.0,72.64399719238281,True,True,96.30000305175781,0.0,75.54199981689453,True,True,47.720001220703125,0.0,74.4800033569336,True,True,51.27000045776367,0.0,75.6500015258789,True,True,64.06999969482422,0.0,72.55400085449219,True,True,-25.0,71.81999969482422,,,,41.32400131225586,210.0019989013672,41.70199966430664,168.0,42.0,
2021-08-19 10:15:00,,,,,50.459999084472656,0.0,76.42400360107422,True,True,94.33999633789062,0.0,78.47599792480469,True,True,60.380001068115234,0.0,75.12799835205078,True,True,79.16000366210938,0.0,82.50800323486328,True,True,37.81999969482422,0.0,74.06600189208984,True,True,45.849998474121094,0.0,77.10800170898438,True,True,46.86000061035156,0.0,73.25599670410156,True,True,81.62000274658203,0.0,75.66799926757812,True,True,38.150001525878906,0.0,74.49800109863281,True,True,46.130001068115234,0.0,75.7040023803711,True,True,47.34000015258789,0.0,73.3280029296875,True,True,-25.0,70.43000030517578,,,,41.05400085449219,210.0019989013672,41.41400146484375,160.0,40.0,
2021-08-19 10:30:00,,,,,48.279998779296875,0.0,76.98200225830078,True,True,97.87000274658203,0.0,78.5479965209961,True,True,57.54999923706055,0.0,75.16400146484375,True,True,78.0199966430664,0.0,84.7040023803711,True,True,42.66999816894531,0.0,74.06600189208984,True,True,44.29999923706055,0.0,78.74600219726562,True,True,46.47999954223633,0.0,73.4540023803711,True,True,73.69999694824219,0.0,75.43399810791016,True,True,41.119998931884766,0.0,74.552001953125,True,True,44.91999816894531,0.0,75.7040023803711,True,True,44.40999984741211,0.0,73.50800323486328,True,True,-25.0,69.9800033569336,,,,41.215999603271484,210.0019989013672,41.59400177001953,160.0,40.0,
2021-08-19 10:45:00,,,,,45.95000076293945,0.0,76.38800048828125,True,True,91.52999877929688,0.0,80.11399841308594,True,True,55.369998931884766,0.0,75.14600372314453,True,True,73.98999786376953,0.0,84.32599639892578,True,True,42.349998474121094,0.0,74.06600189208984,True,True,44.779998779296875,0.0,79.26799774169922,True,True,46.29999923706055,0.0,73.7239990234375,True,True,66.83999633789062,0.699999988079071,75.43399810791016,True,True,39.70000076293945,0.0,74.552001953125,True,True,44.95000076293945,0.0,75.7760009765625,True,True,44.13999938964844,0.0,73.81400299072266,True,True,-25.0,68.93000030517578,,,,41.14400100708008,210.0019989013672,41.540000915527344,160.0,40.0,
2021-08-19 11:00:00,,,,,45.79999923706055,0.0,76.8740005493164,True,True,95.33000183105469,0.0,77.39600372314453,True,True,55.9900016784668,0.0,75.12799835205078,True,True,80.19999694824219,0.0,86.1259994506836,True,True,42.130001068115234,0.0,74.10199737548828,True,True,48.47999954223633,0.0,80.99600219726562,True,True,44.4900016784668,0.0,74.22799682617188,True,True,71.33999633789062,0.0,75.4520034790039,True,True,39.66999816894531,0.0,74.58799743652344,True,True,43.5099983215332,0.0,75.81199645996094,True,True,45.54999923706055,0.0,74.33599853515625,True,True,-25.0,68.80999755859375,,,,41.25199890136719,210.0019989013672,41.737998962402344,160.0,40.0,
2021-08-19 11:15:00,,,,,40.40999984741211,0.0,76.91000366210938,True,True,99.6500015258789,0.0,76.85600280761719,True,True,59.52000045776367,0.0,75.14600372314453,True,True,70.94000244140625,0.0,86.03600311279297,True,True,41.16999816894531,0.0,74.12000274658203,True,True,45.439998626708984,0.0,79.61000061035156,True,True,43.9900016784668,0.0,74.76799774169922,True,True,64.97000122070312,0.0,75.39800262451172,True,True,36.9900016784668,0.0,74.60600280761719,True,True,43.04999923706055,0.0,75.86599731445312,True,True,48.31999969482422,0.0,75.05599975585938,True,True,-25.0,69.26000213623047,,,,41.46799850463867,210.0019989013672,41.86399841308594,160.0,40.0,
2021-08-19 11:30:00,,,,,43.349998474121094,0.0,77.50399780273438,True,True,100.0,0.0,76.33399963378906,True,True,52.0099983215332,0.0,75.16400146484375,True,True,65.0999984741211,0.0,85.62200164794922,True,True,40.880001068115234,0.0,74.17400360107422,True,True,45.2400016784668,0.0,81.2300033569336,True,True,42.61000061035156,0.0,75.52400207519531,True,True,63.56999969482422,0.0,75.61399841308594,True,True,37.29999923706055,0.0,74.6240005493164,True,True,40.91999816894531,0.0,75.88400268554688,True,True,46.400001525878906,0.0,76.1719970703125,True,True,-25.0,69.16000366210938,,,,41.32400131225586,210.0019989013672,41.737998962402344,168.0,42.0,
2021-08-19 11:45:00,,,,,40.33000183105469,0.0,78.06199645996094,True,True,100.0,0.0,77.3239974975586,True,True,49.849998474121094,0.0,75.14600372314453,True,True,62.439998626708984,0.0,85.63999938964844,True,True,42.209999084472656,0.0,74.17400360107422,True,True,44.20000076293945,0.0,79.98799896240234,True,True,46.86000061035156,0.0,75.91999816894531,True,True,65.73999786376953,0.0,75.52400207519531,True,True,37.88999938964844,0.0,74.552001953125,True,True,44.90999984741211,0.0,75.99199676513672,True,True,47.97999954223633,0.0,76.53199768066406,True,True,-25.0,68.31999969482422,,,,41.34199905395508,210.0019989013672,41.75600051879883,160.0,40.0,
2021-08-19 12:00:00,,,,,39.2599983215332,0.0,78.24199676513672,True,True,96.91999816894531,0.0,75.93800354003906,True,True,48.18000030517578,0.0,75.19999694824219,True,True,60.25,0.0,86.05400085449219,True,True,42.349998474121094,0.0,74.13800048828125,True,True,46.380001068115234,0.0,80.72599792480469,True,True,46.29999923706055,0.0,76.31600189208984,True,True,63.459999084472656,0.0,75.72200012207031,True,True,37.9900016784668,0.0,74.69599914550781,True,True,39.40999984741211,0.0,75.99199676513672,True,True,45.43000030517578,0.0,77.37799835205078,True,True,-25.0,68.6500015258789,,,,41.14400100708008,210.0019989013672,41.59400177001953,160.0,40.0,
2021-08-19 12:15:00,,,,,35.650001525878906,0.0,77.93599700927734,True,True,100.0,0.0,75.27200317382812,True,True,47.25,0.0,75.27200317382812,True,True,58.20000076293945,0.0,85.38800048828125,True,True,49.310001373291016,0.0,74.20999908447266,True,True,42.58000183105469,0.0,81.2300033569336,True,True,44.7400016784668,0.0,76.89199829101562,True,True,58.63999938964844,0.0,75.7040023803711,True,True,37.20000076293945,0.0,74.64199829101562,True,True,42.90999984741211,0.0,75.99199676513672,True,True,34.09000015258789,2.240000009536743,77.79199981689453,True,True,-25.0,68.37000274658203,,,,41.1619987487793,210.0019989013672,41.57600021362305,160.0,40.0,
2021-08-19 12:30:00,,,,,41.849998474121094,0.0,77.48600006103516,True,True,100.0,0.0,75.19999694824219,True,True,51.90999984741211,0.0,75.27200317382812,True,True,56.06999969482422,0.0,86.84600067138672,True,True,43.13999938964844,0.0,74.20999908447266,True,True,47.689998626708984,0.0,82.02200317382812,True,True,44.869998931884766,0.0,77.05400085449219,True,True,64.75,0.0,75.66799926757812,True,True,37.75,0.0,74.66000366210938,True,True,40.13999938964844,0.0,75.99199676513672,True,True,45.11000061035156,0.0,77.37799835205078,True,True,-25.0,66.83999633789062,,,,41.215999603271484,210.0019989013672,41.683998107910156,160.0,40.0,
2021-08-19 12:45:00,,,,,38.16999816894531,0.0,78.18800354003906,True,True,97.5999984741211,0.0,75.0739974975586,True,True,50.43000030517578,0.0,75.30799865722656,True,True,55.58000183105469,0.0,87.13400268554688,True,True,39.060001373291016,0.0,74.19200134277344,True,True,48.720001220703125,0.0,81.6259994506836,True,True,46.9900016784668,0.0,76.51399993896484,True,True,61.189998626708984,0.0,75.86599731445312,True,True,39.29999923706055,0.0,74.69599914550781,True,True,41.209999084472656,0.0,75.99199676513672,True,True,43.119998931884766,0.0,76.53199768066406,True,True,-25.0,66.86000061035156,,,,41.36000061035156,210.0019989013672,41.70199966430664,168.0,42.0,
2021-08-19 13:00:00,,,,,42.27000045776367,0.0,78.40399932861328,True,True,100.0,0.0,75.09200286865234,True,True,46.47999954223633,0.0,75.27200317382812,True,True,55.130001068115234,0.0,87.56600189208984,True,True,43.54999923706055,0.0,74.19200134277344,True,True,48.310001373291016,0.0,81.35600280761719,True,True,43.099998474121094,0.0,76.74800109863281,True,True,60.13999938964844,0.0,75.9020004272461,True,True,37.79999923706055,0.0,74.73200225830078,True,True,43.59000015258789,0.0,75.99199676513672,True,True,48.68000030517578,0.0,77.197998046875,True,True,-25.0,67.26000213623047,,,,41.18000030517578,210.0019989013672,41.59400177001953,168.0,42.0,
2021-08-19 13:15:00,,,,,45.060001373291016,0.0,78.60199737548828,True,True,100.0,0.0,75.09200286865234,True,True,49.529998779296875,0.0,75.41600036621094,True,True,54.540000915527344,0.0,87.67400360107422,True,True,39.65999984741211,0.0,74.30000305175781,True,True,43.619998931884766,0.0,80.85199737548828,True,True,42.5099983215332,0.0,76.96399688720703,True,True,55.7599983215332,0.0,75.9020004272461,True,True,37.810001373291016,0.0,74.78600311279297,True,True,47.810001373291016,0.0,76.13600158691406,True,True,51.36000061035156,0.0,77.197998046875,True,True,-25.0,61.849998474121094,,,,41.37799835205078,210.0019989013672,41.79199981689453,160.0,40.0,
2021-08-19 13:30:00,,,,,55.88999938964844,0.0,77.23400115966797,True,True,100.0,0.0,74.89399719238281,True,True,60.9900016784668,0.0,75.37999725341797,True,True,59.29999923706055,0.0,87.56600189208984,True,True,53.0099983215332,0.0,74.28199768066406,True,True,48.25,0.0,81.06800079345703,True,True,45.52000045776367,0.0,77.03600311279297,True,True,53.27000045776367,0.0,75.88400268554688,True,True,37.720001220703125,0.0,74.76799774169922,True,True,42.400001525878906,0.0,76.1719970703125,True,True,44.43000030517578,0.0,77.37799835205078,True,True,-25.0,73.2699966430664,,,,55.63399887084961,210.0019989013672,56.56999969482422,160.0,40.0,
2021-08-19 13:45:00,,,,,42.34000015258789,0.0,77.1259994506836,True,True,100.0,0.0,75.03800201416016,True,True,61.22999954223633,0.0,75.41600036621094,True,True,62.86000061035156,0.0,88.447998046875,True,True,46.810001373291016,0.0,74.44400024414062,True,True,48.880001068115234,0.0,81.28399658203125,True,True,42.31999969482422,0.0,77.34200286865234,True,True,57.349998474121094,0.0,75.93800354003906,True,True,37.15999984741211,0.0,74.83999633789062,True,True,44.959999084472656,0.0,76.19000244140625,True,True,56.130001068115234,0.0,77.91799926757812,True,True,-25.0,71.2699966430664,,,,47.49800109863281,210.0019989013672,48.21799850463867,168.0,42.0,
2021-08-19 14:00:00,,,,,43.099998474121094,0.0,77.66600036621094,True,True,100.0,0.0,75.09200286865234,True,True,58.81999969482422,0.0,75.43399810791016,True,True,62.04999923706055,0.0,87.99800109863281,True,True,44.939998626708984,0.0,74.37200164794922,True,True,51.33000183105469,0.0,81.94999694824219,True,True,45.209999084472656,0.0,77.57599639892578,True,True,54.83000183105469,0.0,75.7760009765625,True,True,38.20000076293945,0.0,74.8759994506836,True,True,47.2599983215332,0.0,76.31600189208984,True,True,48.540000915527344,0.0,78.0979995727539,True,True,-25.0,68.55000305175781,,,,47.9119987487793,210.0019989013672,48.36199951171875,168.0,42.0,
2021-08-19 14:15:00,,,,,51.20000076293945,0.0,78.78199768066406,True,True,96.93000030517578,0.0,75.16400146484375,True,True,63.369998931884766,0.0,75.52400207519531,True,True,62.2400016784668,0.0,88.26799774169922,True,True,44.9900016784668,0.0,74.37200164794922,True,True,55.9900016784668,0.0,81.26599884033203,True,True,49.400001525878906,0.0,77.59400177001953,True,True,75.0,0.0,75.95600128173828,True,True,38.29999923706055,0.0,74.947998046875,True,True,58.209999084472656,0.0,76.44200134277344,True,True,50.34000015258789,0.0,78.13400268554688,True,True,-25.0,72.18000030517578,,,,47.875999450683594,210.0019989013672,48.36199951171875,160.0,40.0,
2021-08-19 14:30:00,,,,,45.900001525878906,0.0,78.04399871826172,True,True,100.0,0.0,75.27200317382812,True,True,63.189998626708984,0.0,75.41600036621094,True,True,61.720001220703125,0.0,88.62799835205078,True,True,42.290000915527344,0.0,74.35399627685547,True,True,51.59000015258789,0.0,81.28399658203125,True,True,48.709999084472656,0.0,77.23400115966797,True,True,64.05000305175781,0.0,76.08200073242188,True,True,45.66999816894531,0.0,75.03800201416016,True,True,52.220001220703125,0.0,76.42400360107422,True,True,57.33000183105469,0.0,77.54000091552734,True,True,-25.0,74.43000030517578,,,,48.12799835205078,210.0019989013672,48.59600067138672,168.0,42.0,
2021-08-19 14:45:00,,,,,49.779998779296875,0.0,78.4219970703125,True,True,100.0,0.0,75.41600036621094,True,True,65.6500015258789,0.0,75.4520034790039,True,True,61.34000015258789,0.0,88.97000122070312,True,True,47.400001525878906,0.0,74.44400024414062,True,True,52.0099983215332,0.0,80.77999877929688,True,True,53.720001220703125,0.0,77.23400115966797,True,True,65.37999725341797,0.0,76.13600158691406,True,True,47.95000076293945,0.0,75.18199920654297,True,True,47.70000076293945,0.0,76.49600219726562,True,True,56.880001068115234,0.0,77.03600311279297,True,True,-25.0,73.76000213623047,,,,47.875999450683594,210.0019989013672,48.32600021362305,168.0,42.0,
2021-08-19 15:00:00,,,,,50.34000015258789,0.0,78.31400299072266,True,True,100.0,0.0,75.4520034790039,True,True,63.52000045776367,0.0,75.4520034790039,True,True,60.68000030517578,0.0,89.11399841308594,True,True,48.400001525878906,0.0,74.40799713134766,True,True,52.40999984741211,0.0,80.04199981689453,True,True,52.20000076293945,0.0,77.01799774169922,True,True,65.80000305175781,0.0,76.19000244140625,True,True,42.650001525878906,0.0,75.16400146484375,True,True,50.099998474121094,0.0,76.53199768066406,True,True,55.65999984741211,0.0,76.83799743652344,True,True,-25.0,74.25,,,,47.37200164794922,210.0019989013672,47.7140007019043,176.0,44.0,
2021-08-19 15:15:00,,,,,46.599998474121094,0.0,78.58399963378906,True,True,100.0,0.0,75.59600067138672,True,True,69.2300033569336,0.0,75.41600036621094,True,True,59.63999938964844,0.0,88.21399688720703,True,True,47.189998626708984,0.0,74.37200164794922,True,True,54.959999084472656,0.0,80.70800018310547,True,True,52.970001220703125,0.0,77.10800170898438,True,True,69.58999633789062,0.0,76.22599792480469,True,True,42.279998779296875,0.0,75.16400146484375,True,True,47.5099983215332,0.0,76.53199768066406,True,True,60.0,0.0,76.31600189208984,True,True,-25.0,70.76000213623047,,,,47.47999954223633,210.0019989013672,47.875999450683594,160.0,40.0,
2021-08-19 15:30:00,,,,,51.09000015258789,0.0,78.74600219726562,True,True,100.0,0.0,75.61399841308594,True,True,67.41000366210938,0.0,75.43399810791016,True,True,58.75,0.0,89.04199981689453,True,True,42.470001220703125,0.0,74.80400085449219,True,True,50.13999938964844,0.0,80.49199676513672,True,True,52.560001373291016,0.0,76.9280014038086,True,True,67.16999816894531,0.0,76.24400329589844,True,True,43.58000183105469,0.0,75.12799835205078,True,True,51.16999816894531,0.0,76.58599853515625,True,True,62.65999984741211,0.0,76.31600189208984,True,True,-25.0,77.36000061035156,,,,47.19200134277344,210.0019989013672,47.5880012512207,168.0,42.0,
2021-08-19 15:45:00,,,,,45.13999938964844,0.0,78.45800018310547,True,True,97.72000122070312,0.0,75.59600067138672,True,True,61.91999816894531,0.0,75.36199951171875,True,True,58.0099983215332,0.0,88.052001953125,True,True,0.0,0.0,77.03600311279297,True,True,66.87000274658203,0.0,79.80799865722656,True,True,51.959999084472656,0.0,76.9280014038086,True,True,68.83999633789062,0.0,76.02799987792969,True,True,43.86000061035156,0.0,75.21800231933594,True,True,53.09000015258789,0.0,76.6760025024414,True,True,62.290000915527344,0.0,76.35199737548828,True,True,-25.0,73.30999755859375,,,,46.6879997253418,210.0019989013672,47.10200119018555,168.0,42.0,
2021-08-19 16:00:00,,,,,49.34000015258789,0.0,78.26000213623047,True,True,96.55000305175781,0.0,75.52400207519531,True,True,61.189998626708984,0.0,75.36199951171875,True,True,56.529998779296875,0.0,88.59200286865234,True,True,0.0,0.0,77.14399719238281,True,True,53.790000915527344,0.0,79.82599639892578,True,True,51.869998931884766,0.0,76.6760025024414,True,True,65.97000122070312,0.0,76.26200103759766,True,True,46.58000183105469,0.0,75.25399780273438,True,True,56.4900016784668,0.0,76.71199798583984,True,True,56.97999954223633,0.0,76.20800018310547,True,True,-25.0,69.61000061035156,,,,46.16600036621094,210.0019989013672,46.66999816894531,168.0,42.0,
2021-08-19 16:15:00,,,,,40.2599983215332,0.0,77.43199920654297,True,True,99.86000061035156,0.0,75.37999725341797,True,True,68.83999633789062,0.0,75.36199951171875,True,True,55.90999984741211,0.0,88.48400115966797,True,True,0.0,0.0,77.3239974975586,True,True,49.099998474121094,0.0,79.82599639892578,True,True,49.970001220703125,0.0,75.9739990234375,True,True,69.05000305175781,0.0,76.22599792480469,True,True,45.130001068115234,0.0,75.43399810791016,True,True,53.869998931884766,0.0,76.74800109863281,True,True,58.720001220703125,0.0,75.50599670410156,True,True,-25.0,67.29000091552734,,,,45.91400146484375,210.0019989013672,46.327999114990234,160.0,40.0,
2021-08-19 16:30:00,,,,,48.70000076293945,0.0,77.77400207519531,True,True,100.0,0.0,75.47000122070312,True,True,66.58000183105469,0.0,75.36199951171875,True,True,50.939998626708984,0.0,88.14199829101562,True,True,0.0,0.0,76.78399658203125,True,True,49.290000915527344,0.0,79.21399688720703,True,True,49.20000076293945,0.0,75.95600128173828,True,True,67.76000213623047,0.0,76.26200103759766,True,True,42.08000183105469,0.0,75.27200317382812,True,True,45.36000061035156,0.0,76.76599884033203,True,True,56.33000183105469,0.0,75.81199645996094,True,True,-25.0,66.30999755859375,,,,45.571998596191406,210.0019989013672,46.05799865722656,160.0,40.0,
2021-08-19 16:45:00,,,,,44.34000015258789,0.0,77.50399780273438,True,True,100.0,0.0,75.43399810791016,True,True,66.7300033569336,0.0,75.30799865722656,True,True,51.790000915527344,0.0,87.38600158691406,True,True,0.0,0.0,76.42400360107422,True,True,48.25,0.0,78.26000213623047,True,True,48.59000015258789,0.0,75.47000122070312,True,True,66.58999633789062,0.0,76.24400329589844,True,True,43.529998779296875,0.0,75.29000091552734,True,True,48.66999816894531,0.0,76.89199829101562,True,True,60.59000015258789,0.0,75.4520034790039,True,True,-25.0,65.18000030517578,,,,45.4640007019043,210.0019989013672,45.86000061035156,160.0,40.0,
2021-08-19 17:00:00,,,,,43.529998779296875,0.0,76.8740005493164,True,True,100.0,0.0,75.59600067138672,True,True,63.02000045776367,0.0,75.41600036621094,True,True,49.15999984741211,0.0,88.10600280761719,True,True,0.0,0.0,76.11799621582031,True,True,50.15999984741211,0.0,78.38600158691406,True,True,46.970001220703125,0.0,75.52400207519531,True,True,67.93000030517578,0.0,76.35199737548828,True,True,42.9900016784668,0.0,75.27200317382812,True,True,51.34000015258789,0.0,76.89199829101562,True,True,54.130001068115234,0.0,75.27200317382812,True,True,-25.0,65.41000366210938,,,,45.15800094604492,210.0019989013672,45.55400085449219,160.0,40.0,
2021-08-19 17:15:00,,,,,42.97999954223633,0.0,76.31600189208984,True,True,100.0,0.0,75.59600067138672,True,True,61.119998931884766,0.0,75.27200317382812,True,True,48.720001220703125,0.0,87.24199676513672,True,True,0.0,0.0,75.16400146484375,True,True,47.11000061035156,0.0,77.41400146484375,True,True,47.630001068115234,0.0,74.71399688720703,True,True,63.38999938964844,0.0,76.13600158691406,True,True,43.15999984741211,0.0,75.19999694824219,True,True,53.779998779296875,0.0,76.85600280761719,True,True,53.95000076293945,0.0,74.12000274658203,True,True,-25.0,67.2699966430664,,,,44.99599838256836,210.0019989013672,45.428001403808594,152.0,38.0,
2021-08-19 17:30:00,,,,,46.150001525878906,0.0,75.68599700927734,True,True,94.79000091552734,0.0,75.59600067138672,True,True,60.790000915527344,0.0,75.27200317382812,True,True,50.9900016784668,0.0,87.0260009765625,True,True,0.0,0.0,74.56999969482422,True,True,46.79999923706055,0.0,77.05400085449219,True,True,46.27000045776367,0.0,74.02999877929688,True,True,60.11000061035156,0.0,76.08200073242188,True,True,41.5099983215332,0.0,75.16400146484375,True,True,51.47999954223633,0.0,76.85600280761719,True,True,50.349998474121094,0.0,73.07599639892578,True,True,-25.0,65.9800033569336,,,,44.99599838256836,210.0019989013672,45.40999984741211,160.0,40.0,
2021-08-19 17:45:00,,,,,48.29999923706055,0.0,75.0739974975586,True,True,96.33999633789062,0.0,75.59600067138672,True,True,58.970001220703125,0.0,75.27200317382812,True,True,47.2400016784668,0.0,86.39600372314453,True,True,0.0,0.0,74.44400024414062,True,True,44.470001220703125,0.0,76.83799743652344,True,True,44.970001220703125,0.0,73.48999786376953,True,True,64.4800033569336,0.0,75.9020004272461,True,True,41.25,0.0,75.09200286865234,True,True,49.47999954223633,0.0,76.78399658203125,True,True,51.970001220703125,0.0,72.35600280761719,True,True,-25.0,67.93000030517578,,,,45.08599853515625,210.0019989013672,45.55400085449219,152.0,38.0,
2021-08-19 18:00:00,,,,,46.779998779296875,0.0,75.25399780273438,True,True,99.05999755859375,0.0,75.43399810791016,True,True,61.95000076293945,0.0,75.29000091552734,True,True,45.22999954223633,0.0,85.6760025024414,True,True,0.0,0.0,73.86799621582031,True,True,46.290000915527344,0.0,76.13600158691406,True,True,45.349998474121094,0.0,72.98600006103516,True,True,61.040000915527344,0.0,75.95600128173828,True,True,40.220001220703125,0.0,75.0739974975586,True,True,50.06999969482422,0.0,76.78399658203125,True,True,48.709999084472656,0.0,71.76200103759766,True,True,-25.0,68.37000274658203,,,,44.79800033569336,210.0019989013672,45.26599884033203,144.0,36.0,
2021-08-19 18:15:00,,,,,39.189998626708984,0.0,75.50599670410156,True,True,100.0,0.0,75.52400207519531,True,True,58.099998474121094,0.0,75.27200317382812,True,True,46.900001525878906,0.0,85.56800079345703,True,True,0.0,0.0,73.58000183105469,True,True,41.970001220703125,0.0,75.75800323486328,True,True,44.63999938964844,0.0,72.5719985961914,True,True,60.22999954223633,0.0,75.9020004272461,True,True,39.79999923706055,0.0,75.09200286865234,True,True,43.93000030517578,0.0,76.7300033569336,True,True,51.81999969482422,0.0,71.29399871826172,True,True,-25.0,67.11000061035156,,,,43.86199951171875,210.0019989013672,44.38399887084961,152.0,38.0,
2021-08-19 18:30:00,,,,,46.86000061035156,0.0,74.552001953125,True,True,95.27999877929688,0.0,75.37999725341797,True,True,54.43000030517578,0.0,75.19999694824219,True,True,45.45000076293945,0.0,85.53199768066406,True,True,0.0,0.0,73.41799926757812,True,True,48.52000045776367,0.0,75.25399780273438,True,True,43.66999816894531,0.0,72.31999969482422,True,True,59.29999923706055,0.0,75.79399871826172,True,True,38.20000076293945,0.0,74.947998046875,True,True,42.90999984741211,0.0,76.6760025024414,True,True,68.54000091552734,0.0,70.89800262451172,True,True,-25.0,65.61000061035156,,,,43.34000015258789,210.0019989013672,43.82600021362305,144.0,36.0,
2021-08-19 18:45:00,,,,,40.68000030517578,0.0,75.4520034790039,True,True,98.1500015258789,0.0,75.59600067138672,True,True,50.91999816894531,0.0,75.27200317382812,True,True,44.380001068115234,0.0,85.42400360107422,True,True,0.0,0.0,73.22000122070312,True,True,45.84000015258789,0.0,74.75,True,True,44.15999984741211,0.0,71.99600219726562,True,True,58.599998474121094,0.0,75.75800323486328,True,True,38.40999984741211,0.0,74.96600341796875,True,True,42.470001220703125,0.0,76.60399627685547,True,True,45.4900016784668,0.0,70.50199890136719,True,True,-25.0,66.37999725341797,,,,43.01599884033203,210.0019989013672,43.48400115966797,144.0,36.0,
2021-08-19 19:00:00,,,,,38.11000061035156,0.0,75.75800323486328,True,True,100.0,0.0,75.7760009765625,True,True,52.099998474121094,0.0,75.32599639892578,True,True,47.79999923706055,0.0,84.27200317382812,True,True,0.0,0.0,72.94999694824219,True,True,43.70000076293945,0.0,74.60600280761719,True,True,43.400001525878906,0.0,71.83399963378906,True,True,57.130001068115234,0.0,75.7760009765625,True,True,38.72999954223633,0.0,74.96600341796875,True,True,51.31999969482422,0.0,76.58599853515625,True,True,46.5099983215332,0.0,70.48400115966797,True,True,-25.0,64.33999633789062,,,,41.486000061035156,210.0019989013672,41.55799865722656,152.0,38.0,
2021-08-19 19:15:00,,,,,41.2400016784668,0.0,75.37999725341797,True,True,100.0,0.0,75.75800323486328,True,True,48.70000076293945,0.0,75.19999694824219,True,True,43.31999969482422,0.0,84.95600128173828,True,True,57.59000015258789,0.0,72.96800231933594,True,True,43.630001068115234,0.0,74.4260025024414,True,True,41.709999084472656,0.0,71.5999984741211,True,True,58.470001220703125,0.0,75.72200012207031,True,True,40.810001373291016,0.0,74.89399719238281,True,True,47.790000915527344,0.0,76.58599853515625,True,True,41.45000076293945,0.0,70.41200256347656,True,True,-25.0,68.30000305175781,,,,42.1879997253418,210.0019989013672,42.69200134277344,152.0,38.0,
2021-08-19 19:30:00,,,,,35.02000045776367,0.0,74.30000305175781,True,True,100.0,0.0,75.5780029296875,True,True,46.22999954223633,0.0,75.27200317382812,True,True,41.970001220703125,0.0,84.48799896240234,True,True,43.63999938964844,0.0,74.15599822998047,True,True,39.91999816894531,0.0,74.19200134277344,True,True,42.58000183105469,0.0,71.4020004272461,True,True,54.68000030517578,0.0,75.79399871826172,True,True,42.90999984741211,0.0,74.8759994506836,True,True,50.099998474121094,0.0,76.51399993896484,True,True,46.720001220703125,0.0,70.03399658203125,True,True,-25.0,65.31999969482422,,,,41.25199890136719,210.0019989013672,41.66600036621094,144.0,36.0,
2021-08-19 19:45:00,,,,,42.75,0.0,74.22799682617188,True,True,100.0,0.0,75.37999725341797,True,True,49.93000030517578,0.0,75.19999694824219,True,True,36.2599983215332,0.0,84.50599670410156,True,True,42.22999954223633,0.0,73.90399932861328,True,True,39.40999984741211,0.0,74.02999877929688,True,True,41.540000915527344,0.0,71.25800323486328,True,True,52.060001373291016,0.0,75.73999786376953,True,True,38.849998474121094,0.0,74.8759994506836,True,True,42.66999816894531,0.0,76.53199768066406,True,True,44.279998779296875,0.0,69.9260025024414,True,True,-25.0,66.33999633789062,,,,41.52199935913086,210.0019989013672,41.97200012207031,152.0,38.0,
2021-08-19 20:00:00,,,,,37.88999938964844,0.0,74.53399658203125,True,True,100.0,0.0,75.21800231933594,True,True,53.15999984741211,0.0,75.30799865722656,True,True,43.689998626708984,0.0,84.95600128173828,True,True,45.77000045776367,0.0,73.86799621582031,True,True,44.0099983215332,0.0,73.74199676513672,True,True,43.68000030517578,0.0,70.9520034790039,True,True,52.5,0.0,75.63200378417969,True,True,40.75,0.0,74.85800170898438,True,True,44.689998626708984,0.0,76.44200134277344,True,True,44.099998474121094,0.0,69.67400360107422,True,True,-25.0,64.86000061035156,,,,41.34199905395508,210.0019989013672,41.737998962402344,152.0,38.0,
2021-08-19 20:15:00,,,,,41.93000030517578,0.0,74.46199798583984,True,True,100.0,0.0,75.23600006103516,True,True,49.720001220703125,0.0,75.27200317382812,True,True,44.36000061035156,0.0,84.39800262451172,True,True,42.810001373291016,0.0,73.9219970703125,True,True,47.400001525878906,0.0,73.7239990234375,True,True,41.06999969482422,0.0,70.93399810791016,True,True,49.77000045776367,0.0,75.43399810791016,True,True,39.61000061035156,0.0,74.83999633789062,True,True,41.939998626708984,0.0,76.42400360107422,True,True,41.630001068115234,0.0,69.76399993896484,True,True,-25.0,65.8499984741211,,,,41.52199935913086,210.0019989013672,42.0260009765625,144.0,36.0,
2021-08-19 20:30:00,,,,,36.90999984741211,0.0,74.53399658203125,True,True,100.0,0.0,75.09200286865234,True,True,45.349998474121094,0.0,75.19999694824219,True,True,44.650001525878906,0.0,84.09200286865234,True,True,39.290000915527344,0.0,73.94000244140625,True,True,42.9900016784668,0.0,73.5260009765625,True,True,40.59000015258789,0.0,70.77200317382812,True,True,50.540000915527344,0.0,75.59600067138672,True,True,40.029998779296875,0.0,74.78600311279297,True,True,44.68000030517578,0.0,76.31600189208984,True,True,41.869998931884766,0.0,69.58399963378906,True,True,-25.0,65.41000366210938,,,,41.57600021362305,210.0019989013672,41.97200012207031,152.0,38.0,
2021-08-19 20:45:00,,,,,44.0099983215332,0.0,75.00199890136719,True,True,97.56999969482422,0.0,75.0199966430664,True,True,51.0,0.0,75.19999694824219,True,True,44.86000061035156,0.0,83.8759994506836,True,True,38.68000030517578,0.0,73.88600158691406,True,True,42.5099983215332,0.0,73.54399871826172,True,True,41.18000030517578,0.0,70.62799835205078,True,True,53.52000045776367,0.0,75.4520034790039,True,True,39.68000030517578,0.0,74.73200225830078,True,True,39.869998931884766,0.0,76.2979965209961,True,True,40.459999084472656,0.0,69.47599792480469,True,True,-25.0,65.6500015258789,,,,41.64799880981445,210.0019989013672,42.04399871826172,144.0,36.0,
2021-08-19 21:00:00,,,,,34.650001525878906,0.0,74.64199829101562,True,True,99.41999816894531,0.0,74.91200256347656,True,True,49.61000061035156,0.0,75.19999694824219,True,True,41.540000915527344,0.0,84.43399810791016,True,True,43.130001068115234,0.0,73.77799987792969,True,True,38.459999084472656,0.0,73.29199981689453,True,True,43.369998931884766,0.0,70.55599975585938,True,True,49.40999984741211,0.0,75.47000122070312,True,True,37.02000045776367,0.0,74.76799774169922,True,True,41.869998931884766,0.0,76.2979965209961,True,True,40.38999938964844,0.0,69.2959976196289,True,True,-25.0,65.55999755859375,,,,41.683998107910156,210.0019989013672,42.11600112915039,144.0,36.0,
2021-08-19 21:15:00,,,,,41.52000045776367,0.0,74.66000366210938,True,True,96.66000366210938,0.0,74.8219985961914,True,True,48.75,0.0,75.19999694824219,True,True,44.529998779296875,0.0,84.25399780273438,True,True,39.119998931884766,0.0,73.9219970703125,True,True,43.75,0.0,73.2020034790039,True,True,43.36000061035156,0.0,70.55599975585938,True,True,48.029998779296875,0.0,75.39800262451172,True,True,36.040000915527344,0.0,74.76799774169922,True,True,42.09000015258789,0.0,76.31600189208984,True,True,39.79999923706055,0.0,69.3499984741211,True,True,-25.0,65.9000015258789,,,,41.75600051879883,210.0019989013672,42.11600112915039,152.0,38.0,
2021-08-19 21:30:00,,,,,37.43000030517578,0.0,74.49800109863281,True,True,99.38999938964844,0.0,74.85800170898438,True,True,50.15999984741211,0.0,75.25399780273438,True,True,40.880001068115234,0.0,83.37200164794922,True,True,37.869998931884766,0.0,73.83200073242188,True,True,41.150001525878906,0.0,72.93199920654297,True,True,43.25,0.0,70.41200256347656,True,True,51.630001068115234,0.0,75.52400207519531,True,True,38.29999923706055,0.0,74.75,True,True,38.97999954223633,0.0,76.24400329589844,True,True,41.220001220703125,0.0,69.1520004272461,True,True,-25.0,65.43000030517578,,,,41.61199951171875,210.0019989013672,42.0620002746582,144.0,36.0,
2021-08-19 21:45:00,,,,,40.689998626708984,0.0,74.22799682617188,True,True,97.79000091552734,0.0,74.73200225830078,True,True,46.47999954223633,0.0,75.16400146484375,True,True,39.75,0.0,83.69599914550781,True,True,40.970001220703125,0.0,73.74199676513672,True,True,40.83000183105469,0.0,72.78800201416016,True,True,42.689998626708984,0.0,70.30400085449219,True,True,45.119998931884766,0.0,75.41600036621094,True,True,35.81999969482422,0.0,74.76799774169922,True,True,33.560001373291016,0.0,76.22599792480469,True,True,37.38999938964844,1.190000057220459,69.20600128173828,True,True,-25.0,62.849998474121094,,,,41.64799880981445,210.0019989013672,42.0620002746582,144.0,36.0,
2021-08-19 22:00:00,,,,,37.630001068115234,0.0,73.94000244140625,True,True,99.38999938964844,0.0,74.76799774169922,True,True,48.119998931884766,0.0,75.12799835205078,True,True,39.189998626708984,0.0,83.71399688720703,True,True,42.9900016784668,0.0,73.81400299072266,True,True,40.90999984741211,0.0,72.5719985961914,True,True,43.310001373291016,0.0,70.23200225830078,True,True,47.4900016784668,0.0,75.41600036621094,True,True,35.869998931884766,0.0,74.73200225830078,True,True,42.38999938964844,0.0,76.27999877929688,True,True,40.36000061035156,0.0,68.97200012207031,True,True,-25.0,64.80000305175781,,,,41.61199951171875,210.0019989013672,42.0620002746582,144.0,36.0,
2021-08-19 22:15:00,,,,,36.560001373291016,0.0,73.95800018310547,True,True,100.0,0.0,74.66000366210938,True,True,48.47999954223633,0.0,75.16400146484375,True,True,39.099998474121094,0.0,84.00199890136719,True,True,38.77000045776367,0.0,73.77799987792969,True,True,39.310001373291016,0.0,72.53600311279297,True,True,43.52000045776367,0.0,70.01599884033203,True,True,50.720001220703125,0.0,75.50599670410156,True,True,34.90999984741211,0.0,74.75,True,True,38.93000030517578,0.0,76.2979965209961,True,True,39.5,0.0,68.79199981689453,True,True,-25.0,64.37000274658203,,,,41.59400177001953,210.0019989013672,42.007999420166016,144.0,36.0,
2021-08-19 22:30:00,,,,,32.27000045776367,0.0,74.10199737548828,True,True,100.0,0.0,74.73200225830078,True,True,50.97999954223633,0.0,75.16400146484375,True,True,39.02000045776367,0.0,83.26399993896484,True,True,41.810001373291016,0.0,73.70600128173828,True,True,39.0099983215332,0.0,72.39199829101562,True,True,42.91999816894531,0.0,69.88999938964844,True,True,47.810001373291016,0.0,75.41600036621094,True,True,38.720001220703125,0.0,74.69599914550781,True,True,35.93000030517578,0.0,76.24400329589844,True,True,39.779998779296875,0.0,68.7020034790039,True,True,-25.0,65.11000061035156,,,,41.66600036621094,210.0019989013672,42.0620002746582,152.0,38.0,
2021-08-19 22:45:00,,,,,36.709999084472656,0.0,74.35399627685547,True,True,93.18000030517578,0.0,74.71399688720703,True,True,47.2400016784668,0.0,75.12799835205078,True,True,37.529998779296875,0.0,83.8219985961914,True,True,42.38999938964844,0.0,73.77799987792969,True,True,44.59000015258789,0.0,72.28399658203125,True,True,41.66999816894531,0.0,69.83599853515625,True,True,48.119998931884766,0.0,75.41600036621094,True,True,38.5099983215332,0.0,74.73200225830078,True,True,35.63999938964844,0.0,76.22599792480469,True,True,39.09000015258789,0.0,68.59400177001953,True,True,-25.0,58.93000030517578,,,,41.57600021362305,210.0019989013672,42.0260009765625,144.0,36.0,
2021-08-19 23:00:00,,,,,40.209999084472656,0.0,74.46199798583984,True,True,100.0,0.0,74.66000366210938,True,True,47.459999084472656,0.0,75.16400146484375,True,True,40.189998626708984,0.0,83.8219985961914,True,True,41.209999084472656,0.0,73.7239990234375,True,True,42.04999923706055,0.0,72.3740005493164,True,True,39.130001068115234,0.0,69.81800079345703,True,True,44.59000015258789,0.0,75.48799896240234,True,True,37.08000183105469,0.0,74.75,True,True,44.72999954223633,0.0,76.20800018310547,True,True,39.880001068115234,0.0,68.46800231933594,True,True,-25.0,76.37000274658203,,,,41.88199996948242,210.0019989013672,42.27799987792969,144.0,36.0,
2021-08-19 23:15:00,,,,,41.34000015258789,0.0,73.7239990234375,True,True,100.0,0.0,74.73200225830078,True,True,51.36000061035156,0.0,75.16400146484375,True,True,38.310001373291016,0.0,83.96600341796875,True,True,37.66999816894531,0.0,73.5979995727539,True,True,45.529998779296875,0.0,72.12200164794922,True,True,38.20000076293945,0.0,69.74600219726562,True,True,44.4900016784668,0.0,75.5780029296875,True,True,35.849998474121094,0.0,74.71399688720703,True,True,40.810001373291016,0.0,76.20800018310547,True,True,40.63999938964844,0.0,68.57599639892578,True,True,-25.0,73.36000061035156,,,,42.332000732421875,210.0019989013672,42.58399963378906,144.0,36.0,
2021-08-19 23:30:00,,,,,41.16999816894531,0.0,73.7959976196289,True,True,100.0,0.0,74.73200225830078,True,True,53.47999954223633,0.0,75.14600372314453,True,True,41.029998779296875,0.0,83.4260025024414,True,True,40.91999816894531,0.0,73.70600128173828,True,True,39.13999938964844,0.0,72.21199798583984,True,True,41.970001220703125,0.0,69.78199768066406,True,True,50.720001220703125,0.0,75.27200317382812,True,True,35.7400016784668,0.0,74.6780014038086,True,True,40.45000076293945,0.0,76.20800018310547,True,True,41.209999084472656,0.0,68.52200317382812,True,True,-25.0,74.3499984741211,,,,47.5880012512207,210.0019989013672,47.89400100708008,144.0,36.0,
2021-08-19 23:45:00,,,,,42.630001068115234,0.0,73.97599792480469,True,True,100.0,0.0,74.73200225830078,True,True,57.939998626708984,0.0,75.19999694824219,True,True,49.619998931884766,0.0,83.13800048828125,True,True,46.06999969482422,0.0,73.76000213623047,True,True,48.790000915527344,0.0,72.19400024414062,True,True,38.79999923706055,0.0,69.69200134277344,True,True,47.689998626708984,0.0,75.25399780273438,True,True,36.27000045776367,0.0,74.58799743652344,True,True,63.810001373291016,0.0,76.22599792480469,True,True,49.459999084472656,0.0,68.52200317382812,True,True,-25.0,76.94000244140625,,,,46.29199981689453,210.0019989013672,47.15599822998047,144.0,36.0,
2021-08-20 00:00:00,,,,,36.06999969482422,0.0,73.76000213623047,True,True,100.0,0.0,74.8759994506836,True,True,51.68000030517578,0.0,75.18199920654297,True,True,42.5,0.0,83.6780014038086,True,True,46.349998474121094,0.0,73.63400268554688,True,True,45.029998779296875,0.0,72.06800079345703,True,True,40.0099983215332,0.0,69.63800048828125,True,True,44.65999984741211,0.0,75.36199951171875,True,True,39.86000061035156,0.0,74.6780014038086,True,True,39.86000061035156,0.0,76.1719970703125,True,True,43.529998779296875,0.0,68.41400146484375,True,True,-25.0,81.94999694824219,,,,47.066001892089844,210.0019989013672,47.534000396728516,144.0,36.0,
2021-08-20 00:15:00,,,,,36.95000076293945,0.0,73.68800354003906,True,True,100.0,0.0,74.91200256347656,True,True,51.34000015258789,0.0,75.18199920654297,True,True,46.0099983215332,0.0,83.69599914550781,True,True,40.619998931884766,0.0,73.61599731445312,True,True,48.380001068115234,0.0,72.12200164794922,True,True,45.38999938964844,0.0,69.56600189208984,True,True,50.61000061035156,0.0,75.36199951171875,True,True,42.20000076293945,0.0,74.6780014038086,True,True,43.31999969482422,0.0,76.1719970703125,True,True,45.130001068115234,0.0,68.41400146484375,True,True,-25.0,81.37000274658203,,,,45.698001861572266,210.0019989013672,46.27399826049805,144.0,36.0,
2021-08-20 00:30:00,,,,,39.68000030517578,0.0,74.20999908447266,True,True,97.23999786376953,0.0,74.947998046875,True,True,50.68000030517578,0.0,75.16400146484375,True,True,45.0099983215332,0.0,84.00199890136719,True,True,39.66999816894531,0.0,73.7239990234375,True,True,47.45000076293945,0.0,72.03199768066406,True,True,41.90999984741211,0.0,69.62000274658203,True,True,57.54999923706055,0.0,75.41600036621094,True,True,37.66999816894531,0.0,74.66000366210938,True,True,43.20000076293945,0.0,76.1719970703125,True,True,39.470001220703125,0.0,68.52200317382812,True,True,-25.0,75.36000061035156,,,,45.55400085449219,210.0019989013672,46.040000915527344,144.0,36.0,
2021-08-20 00:45:00,,,,,38.939998626708984,0.0,73.97599792480469,True,True,100.0,0.0,74.91200256347656,True,True,50.34000015258789,0.0,75.16400146484375,True,True,41.790000915527344,0.0,83.6240005493164,True,True,40.16999816894531,0.0,73.58000183105469,True,True,47.43000030517578,0.0,71.99600219726562,True,True,44.529998779296875,0.0,69.69200134277344,True,True,49.779998779296875,0.0,75.30799865722656,True,True,38.22999954223633,0.0,74.58799743652344,True,True,44.900001525878906,0.0,76.13600158691406,True,True,45.459999084472656,0.0,68.59400177001953,True,True,-25.0,75.33999633789062,,,,45.625999450683594,210.0019989013672,46.02199935913086,144.0,36.0,
2021-08-20 01:00:00,,,,,43.65999984741211,0.0,73.54399871826172,True,True,97.83000183105469,0.0,74.8219985961914,True,True,57.40999984741211,0.0,75.18199920654297,True,True,43.13999938964844,0.0,83.8759994506836,True,True,42.619998931884766,0.0,73.5979995727539,True,True,44.75,0.0,71.99600219726562,True,True,42.04999923706055,0.0,69.52999877929688,True,True,49.040000915527344,0.0,75.36199951171875,True,True,39.33000183105469,0.0,74.6240005493164,True,True,42.099998474121094,0.0,76.1719970703125,True,True,44.52000045776367,0.0,68.62999725341797,True,True,-25.0,75.62000274658203,,,,43.06999969482422,210.0019989013672,43.95199966430664,144.0,36.0,
2021-08-20 01:15:00,,,,,39.2400016784668,0.0,73.90399932861328,True,True,96.9000015258789,0.0,74.91200256347656,True,True,47.779998779296875,0.0,75.09200286865234,True,True,38.459999084472656,0.0,83.51599884033203,True,True,38.47999954223633,0.0,73.61599731445312,True,True,39.380001068115234,0.0,71.92400360107422,True,True,41.63999938964844,0.0,69.62000274658203,True,True,51.0099983215332,0.0,75.43399810791016,True,True,39.61000061035156,0.0,74.6240005493164,True,True,44.560001373291016,0.0,76.13600158691406,True,True,45.88999938964844,0.0,68.52200317382812,True,True,-25.0,74.33999633789062,,,,43.39400100708008,210.0019989013672,43.71799850463867,144.0,36.0,
2021-08-20 01:30:00,,,,,36.86000061035156,0.0,73.7239990234375,True,True,99.08000183105469,0.0,74.91200256347656,True,True,48.900001525878906,0.0,75.09200286865234,True,True,40.290000915527344,0.0,83.49800109863281,True,True,40.65999984741211,0.0,73.5979995727539,True,True,40.81999969482422,0.0,71.81600189208984,True,True,41.52000045776367,0.0,69.58399963378906,True,True,51.959999084472656,0.0,75.37999725341797,True,True,39.61000061035156,0.0,74.6240005493164,True,True,41.45000076293945,0.0,76.0999984741211,True,True,45.060001373291016,0.0,68.52200317382812,True,True,-25.0,74.19000244140625,,,,44.79800033569336,210.0019989013672,45.104000091552734,144.0,36.0,
2021-08-20 01:45:00,,,,,44.939998626708984,0.0,73.88600158691406,True,True,100.0,0.0,74.91200256347656,True,True,53.849998474121094,0.0,75.09200286865234,True,True,41.66999816894531,0.0,83.17400360107422,True,True,43.56999969482422,0.0,73.68800354003906,True,True,47.09000015258789,0.0,71.85199737548828,True,True,39.220001220703125,0.0,69.5479965209961,True,True,50.060001373291016,0.0,75.27200317382812,True,True,37.400001525878906,0.0,74.56999969482422,True,True,43.849998474121094,0.0,76.0459976196289,True,True,42.15999984741211,0.0,68.46800231933594,True,True,-25.0,74.0999984741211,,,,46.237998962402344,210.0019989013672,46.54399871826172,144.0,36.0,
2021-08-20 02:00:00,,,,,42.77000045776367,0.0,73.7959976196289,True,True,100.0,0.0,74.8759994506836,True,True,53.65999984741211,0.0,74.96600341796875,True,True,47.189998626708984,0.0,83.71399688720703,True,True,42.90999984741211,0.0,73.70600128173828,True,True,44.79999923706055,0.0,71.88800048828125,True,True,40.4900016784668,0.0,69.49400329589844,True,True,52.0,0.0,75.27200317382812,True,True,37.90999984741211,0.0,74.552001953125,True,True,43.06999969482422,0.0,76.0459976196289,True,True,41.540000915527344,0.0,68.41400146484375,True,True,-25.0,74.80999755859375,,,,46.7239990234375,210.0019989013672,47.19200134277344,144.0,36.0,
2021-08-20 02:15:00,,,,,45.06999969482422,0.0,73.70600128173828,True,True,100.0,0.0,74.91200256347656,True,True,55.970001220703125,0.0,75.12799835205078,True,True,48.95000076293945,0.0,83.35399627685547,True,True,41.16999816894531,0.0,73.77799987792969,True,True,45.43000030517578,0.0,71.83399963378906,True,True,42.810001373291016,0.0,69.63800048828125,True,True,50.54999923706055,0.0,75.34400177001953,True,True,40.540000915527344,0.0,74.6780014038086,True,True,38.869998931884766,0.0,76.0459976196289,True,True,44.77000045776367,0.0,68.52200317382812,True,True,-25.0,75.30999755859375,,,,47.875999450683594,210.0019989013672,48.290000915527344,144.0,36.0,
2021-08-20 02:30:00,,,,,40.939998626708984,0.0,73.77799987792969,True,True,100.0,0.0,75.03800201416016,True,True,59.86000061035156,0.0,75.16400146484375,True,True,50.65999984741211,0.0,83.19200134277344,True,True,45.16999816894531,0.0,73.61599731445312,True,True,54.68000030517578,0.0,71.83399963378906,True,True,44.83000183105469,0.0,69.52999877929688,True,True,50.13999938964844,0.0,75.27200317382812,True,True,40.7400016784668,0.0,74.49800109863281,True,True,39.72999954223633,0.0,76.0459976196289,True,True,37.119998931884766,0.0,68.44999694824219,True,True,-25.0,76.7699966430664,,,,47.7140007019043,210.0019989013672,48.18199920654297,144.0,36.0,
2021-08-20 02:45:00,,,,,36.9900016784668,0.0,73.7959976196289,True,True,100.0,0.0,75.00199890136719,True,True,56.0,0.0,75.12799835205078,True,True,50.56999969482422,0.0,83.6240005493164,True,True,43.900001525878906,0.0,73.5979995727539,True,True,46.150001525878906,0.0,71.74400329589844,True,True,43.5099983215332,0.0,69.47599792480469,True,True,54.790000915527344,0.0,75.30799865722656,True,True,42.56999969482422,0.0,74.58799743652344,True,True,47.0099983215332,0.0,76.0459976196289,True,True,45.369998931884766,0.0,68.44999694824219,True,True,-25.0,76.38999938964844,,,,47.60599899291992,210.0019989013672,48.055999755859375,144.0,36.0,
2021-08-20 03:00:00,,,,,36.58000183105469,0.0,74.01200103759766,True,True,98.79000091552734,0.0,75.03800201416016,True,True,55.790000915527344,0.0,75.16400146484375,True,True,47.29999923706055,0.0,83.8759994506836,True,True,43.04999923706055,0.0,73.58000183105469,True,True,49.83000183105469,0.0,71.6719970703125,True,True,47.900001525878906,0.0,69.45800018310547,True,True,54.349998474121094,0.0,75.30799865722656,True,True,43.68000030517578,0.0,74.58799743652344,True,True,44.709999084472656,0.0,76.0459976196289,True,True,44.83000183105469,0.0,68.37799835205078,True,True,-25.0,75.94000244140625,,,,47.209999084472656,210.0019989013672,47.7140007019043,144.0,36.0,
2021-08-20 03:15:00,,,,,40.290000915527344,0.0,73.81400299072266,True,True,100.0,0.0,75.09200286865234,True,True,56.150001525878906,0.0,75.12799835205078,True,True,50.2599983215332,0.0,83.85800170898438,True,True,41.47999954223633,0.0,73.58000183105469,True,True,48.45000076293945,0.0,71.81600189208984,True,True,45.040000915527344,0.0,69.33200073242188,True,True,54.13999938964844,0.0,75.21800231933594,True,True,41.2599983215332,0.0,74.58799743652344,True,True,43.900001525878906,0.0,76.02799987792969,True,True,45.529998779296875,0.0,68.34200286865234,True,True,-25.0,76.5,,,,47.15599822998047,210.0019989013672,47.5880012512207,152.0,38.0,
2021-08-20 03:30:00,,,,,40.4900016784668,0.0,74.10199737548828,True,True,100.0,0.0,75.27200317382812,True,True,56.31999969482422,0.0,75.14600372314453,True,True,50.939998626708984,0.0,83.8219985961914,True,True,41.599998474121094,0.0,73.5260009765625,True,True,43.459999084472656,0.0,71.58200073242188,True,True,48.34000015258789,0.0,69.27799987792969,True,True,56.380001068115234,0.0,75.19999694824219,True,True,40.70000076293945,0.0,74.51599884033203,True,True,43.56999969482422,0.0,76.02799987792969,True,True,46.68000030517578,0.0,68.23400115966797,True,True,-25.0,76.33999633789062,,,,47.22800064086914,210.0019989013672,47.5880012512207,144.0,36.0,
2021-08-20 03:45:00,,,,,36.47999954223633,0.0,74.17400360107422,True,True,100.0,0.0,75.30799865722656,True,True,55.439998626708984,0.0,75.12799835205078,True,True,51.310001373291016,0.0,84.00199890136719,True,True,38.900001525878906,0.0,73.50800323486328,True,True,44.02000045776367,0.0,71.6719970703125,True,True,48.220001220703125,0.0,69.20600128173828,True,True,55.7599983215332,0.0,75.0739974975586,True,True,39.459999084472656,0.0,74.46199798583984,True,True,45.790000915527344,0.0,76.01000213623047,True,True,46.7599983215332,0.0,68.197998046875,True,True,-25.0,76.94000244140625,,,,47.263999938964844,210.0019989013672,47.7140007019043,144.0,36.0,
2021-08-20 04:00:00,,,,,40.72999954223633,0.0,73.83200073242188,True,True,100.0,0.0,75.32599639892578,True,True,55.849998474121094,0.0,75.12799835205078,True,True,50.95000076293945,0.0,84.18199920654297,True,True,39.09000015258789,0.0,73.50800323486328,True,True,47.02000045776367,0.0,71.61799621582031,True,True,47.88999938964844,0.0,69.16999816894531,True,True,54.459999084472656,0.0,75.12799835205078,True,True,39.709999084472656,0.0,74.46199798583984,True,True,43.22999954223633,0.0,75.93800354003906,True,True,39.720001220703125,0.0,68.16200256347656,True,True,-25.0,76.62000274658203,,,,47.24599838256836,210.0019989013672,47.69599914550781,144.0,36.0,
2021-08-20 04:15:00,,,,,46.02000045776367,0.0,72.697998046875,True,True,100.0,0.0,75.32599639892578,True,True,61.34000015258789,0.0,75.12799835205078,True,True,51.70000076293945,0.0,84.18199920654297,True,True,42.529998779296875,0.0,73.41799926757812,True,True,47.599998474121094,0.0,71.61799621582031,True,True,43.77000045776367,0.0,69.04399871826172,True,True,53.33000183105469,0.0,75.19999694824219,True,True,39.77000045776367,0.0,74.46199798583984,True,True,45.75,0.0,75.93800354003906,True,True,44.83000183105469,0.0,68.10800170898438,True,True,-25.0,77.33999633789062,,,,47.49800109863281,210.0019989013672,47.89400100708008,144.0,36.0,
2021-08-20 04:30:00,,,,,45.290000915527344,0.0,72.51799774169922,True,True,100.0,0.0,75.41600036621094,True,True,57.09000015258789,0.0,75.12799835205078,True,True,53.04999923706055,0.0,84.43399810791016,True,True,42.02000045776367,0.0,73.41799926757812,True,True,47.83000183105469,0.0,71.52799987792969,True,True,43.599998474121094,0.0,69.13400268554688,True,True,55.0099983215332,0.0,75.25399780273438,True,True,39.59000015258789,0.0,74.44400024414062,True,True,41.029998779296875,0.0,75.86599731445312,True,True,43.33000183105469,0.0,68.16200256347656,True,True,-25.0,77.31999969482422,,,,47.51599884033203,210.0019989013672,47.89400100708008,152.0,38.0,
2021-08-20 04:45:00,,,,,46.310001373291016,0.0,72.60800170898438,True,True,100.0,0.0,75.4520034790039,True,True,56.83000183105469,0.0,75.11000061035156,True,True,49.70000076293945,0.0,84.09200286865234,True,True,42.15999984741211,0.0,73.4000015258789,True,True,48.11000061035156,0.0,71.49199676513672,True,True,44.439998626708984,0.0,69.16999816894531,True,True,51.25,0.0,75.05599975585938,True,True,41.779998779296875,0.0,74.40799713134766,True,True,43.5099983215332,0.0,75.86599731445312,True,True,54.4900016784668,0.0,68.16200256347656,True,True,-25.0,77.55999755859375,,,,47.60599899291992,210.0019989013672,48.03799819946289,144.0,36.0,
2021-08-20 05:00:00,,,,,46.47999954223633,0.0,73.5260009765625,True,True,100.0,0.0,75.27200317382812,True,True,61.31999969482422,0.0,75.09200286865234,True,True,52.77000045776367,0.0,83.89399719238281,True,True,41.220001220703125,0.0,73.4000015258789,True,True,47.75,0.0,71.49199676513672,True,True,47.43000030517578,0.0,69.13400268554688,True,True,54.459999084472656,0.0,75.18199920654297,True,True,42.38999938964844,0.0,74.4260025024414,True,True,45.66999816894531,0.0,75.86599731445312,True,True,45.7599983215332,0.0,68.16200256347656,True,True,-25.0,77.80999755859375,,,,47.641998291015625,210.0019989013672,48.055999755859375,144.0,36.0,
2021-08-20 05:15:00,,,,,43.869998931884766,0.0,72.8239974975586,True,True,100.0,0.0,75.43399810791016,True,True,59.119998931884766,0.0,75.03800201416016,True,True,49.31999969482422,0.0,83.98400115966797,True,True,44.0099983215332,0.0,73.68800354003906,True,True,48.47999954223633,0.0,71.49199676513672,True,True,47.650001525878906,0.0,69.08000183105469,True,True,56.13999938964844,0.0,75.11000061035156,True,True,40.599998474121094,0.0,74.44400024414062,True,True,42.02000045776367,0.0,75.8479995727539,True,True,44.22999954223633,0.0,68.16200256347656,True,True,-25.0,80.13999938964844,,,,47.678001403808594,210.0019989013672,48.09199905395508,144.0,36.0,
2021-08-20 05:30:00,,,,,43.2599983215332,0.0,72.78800201416016,True,True,100.0,0.0,75.59600067138672,True,True,59.029998779296875,0.0,75.16400146484375,True,True,50.06999969482422,0.0,83.71399688720703,True,True,45.34000015258789,0.0,73.56199645996094,True,True,46.66999816894531,0.0,71.45600128173828,True,True,47.9900016784668,0.0,69.04399871826172,True,True,57.29999923706055,0.0,75.25399780273438,True,True,40.119998931884766,0.0,74.37200164794922,True,True,43.38999938964844,0.0,75.7760009765625,True,True,47.13999938964844,0.0,68.16200256347656,True,True,-25.0,80.8499984741211,,,,47.80400085449219,210.0019989013672,48.236000061035156,144.0,36.0,
2021-08-20 05:45:00,,,,,53.15999984741211,0.0,72.53600311279297,True,True,100.0,0.0,75.63200378417969,True,True,77.25,0.0,75.16400146484375,True,True,64.30999755859375,0.0,83.8759994506836,True,True,53.16999816894531,0.0,73.4000015258789,True,True,59.36000061035156,0.0,71.45600128173828,True,True,44.47999954223633,0.0,69.08000183105469,True,True,55.75,0.0,75.25399780273438,True,True,42.81999969482422,0.0,74.37200164794922,True,True,45.709999084472656,0.0,75.7040023803711,True,True,42.290000915527344,0.0,68.16200256347656,True,True,-24.969999313354492,97.80999755859375,,,,48.91999816894531,210.0019989013672,49.784000396728516,144.0,36.0,
2021-08-20 06:00:00,,,,,44.369998931884766,0.0,72.48200225830078,True,True,99.83000183105469,0.0,75.79399871826172,True,True,60.18000030517578,0.0,75.12799835205078,True,True,49.11000061035156,0.0,83.71399688720703,True,True,47.06999969482422,0.0,73.3280029296875,True,True,50.189998626708984,0.0,71.38400268554688,True,True,48.16999816894531,0.0,69.0979995727539,True,True,56.63999938964844,0.0,75.29000091552734,True,True,40.150001525878906,0.0,74.40799713134766,True,True,50.54999923706055,0.0,75.72200012207031,True,True,46.04999923706055,0.0,68.21600341796875,True,True,-25.0,74.80999755859375,,,,48.00199890136719,210.0019989013672,48.470001220703125,144.0,36.0,
2021-08-20 06:15:00,,,,,43.290000915527344,0.0,73.34600067138672,True,True,100.0,0.0,75.95600128173828,True,True,59.90999984741211,0.0,75.12799835205078,True,True,48.41999816894531,0.0,83.73200225830078,True,True,40.369998931884766,0.0,73.30999755859375,True,True,47.9900016784668,0.0,71.49199676513672,True,True,53.72999954223633,0.0,69.04399871826172,True,True,56.189998626708984,0.0,75.19999694824219,True,True,47.470001220703125,0.0,74.40799713134766,True,True,49.060001373291016,0.0,75.73999786376953,True,True,48.56999969482422,0.0,68.10800170898438,True,True,-25.0,72.80999755859375,,,,44.70800018310547,210.0019989013672,46.09400177001953,144.0,36.0,
2021-08-20 06:30:00,,,,,38.09000015258789,0.0,73.23799896240234,True,True,100.0,0.0,76.1719970703125,True,True,51.310001373291016,0.0,75.09200286865234,True,True,41.70000076293945,0.0,83.8759994506836,True,True,42.08000183105469,0.0,73.41799926757812,True,True,43.06999969482422,0.0,71.52799987792969,True,True,48.08000183105469,0.0,69.00800323486328,True,True,63.310001373291016,0.0,75.30799865722656,True,True,41.439998626708984,0.0,74.4800033569336,True,True,47.220001220703125,0.0,75.81199645996094,True,True,46.9900016784668,0.0,68.1259994506836,True,True,-25.0,68.31999969482422,,,,42.512001037597656,210.0019989013672,42.96200180053711,144.0,36.0,
2021-08-20 06:45:00,,,,,43.099998474121094,0.0,73.54399871826172,True,True,100.0,0.0,75.7760009765625,True,True,57.59000015258789,0.0,74.98400115966797,True,True,42.95000076293945,0.0,84.43399810791016,True,True,41.060001373291016,0.0,73.34600067138672,True,True,47.91999816894531,0.0,71.52799987792969,True,True,44.58000183105469,0.0,68.98999786376953,True,True,56.43000030517578,0.0,75.16400146484375,True,True,42.40999984741211,0.0,74.37200164794922,True,True,49.529998779296875,0.0,75.7040023803711,True,True,47.63999938964844,0.0,68.16200256347656,True,True,-25.0,68.3499984741211,,,,46.25600051879883,210.0019989013672,46.54399871826172,144.0,36.0,
2021-08-20 07:00:00,,,,,44.52000045776367,0.0,73.7239990234375,True,True,99.69999694824219,0.0,75.61399841308594,True,True,65.45999908447266,0.0,75.09200286865234,True,True,51.7400016784668,0.0,83.98400115966797,True,True,46.7400016784668,0.0,73.5260009765625,True,True,46.47999954223633,0.0,71.76200103759766,True,True,41.08000183105469,0.0,69.0979995727539,True,True,59.63999938964844,0.0,75.12799835205078,True,True,37.439998626708984,0.0,74.37200164794922,True,True,44.630001068115234,0.0,75.7040023803711,True,True,42.459999084472656,0.0,68.16200256347656,True,True,-25.0,71.63999938964844,,,,48.433998107910156,210.0019989013672,48.9379997253418,136.0,34.0,
2021-08-20 07:15:00,,,,,49.47999954223633,0.0,74.10199737548828,True,True,97.12999725341797,0.0,75.7760009765625,True,True,64.33000183105469,0.0,75.12799835205078,True,True,57.939998626708984,0.0,84.12799835205078,True,True,45.91999816894531,0.0,73.4540023803711,True,True,49.189998626708984,0.0,71.7979965209961,True,True,43.099998474121094,0.0,69.0979995727539,True,True,46.630001068115234,0.0,75.14600372314453,True,True,38.40999984741211,0.0,74.33599853515625,True,True,42.4900016784668,0.0,75.59600067138672,True,True,40.29999923706055,0.0,68.2699966430664,True,True,-25.0,72.16000366210938,,,,48.30799865722656,210.0019989013672,48.7760009765625,136.0,34.0,
2021-08-20 07:30:00,,,,,45.84000015258789,0.0,73.07599639892578,True,True,100.0,0.0,76.31600189208984,True,True,62.810001373291016,0.0,75.14600372314453,True,True,59.119998931884766,0.0,83.24600219726562,True,True,41.880001068115234,0.0,73.4540023803711,True,True,49.470001220703125,0.0,72.10399627685547,True,True,45.0,0.0,69.27799987792969,True,True,54.220001220703125,0.0,75.36199951171875,True,True,42.56999969482422,0.0,74.37200164794922,True,True,46.43000030517578,0.0,75.5780029296875,True,True,45.560001373291016,0.0,68.30599975585938,True,True,-25.0,71.13999938964844,,,,47.28200149536133,210.0019989013672,47.69599914550781,136.0,34.0,
2021-08-20 07:45:00,,,,,57.20000076293945,0.0,72.89600372314453,True,True,100.0,0.0,76.45999908447266,True,True,74.22000122070312,0.0,75.18199920654297,True,True,66.08000183105469,0.0,82.74199676513672,True,True,47.02000045776367,0.0,73.50800323486328,True,True,53.400001525878906,0.0,72.10399627685547,True,True,46.15999984741211,0.0,69.27799987792969,True,True,57.130001068115234,0.0,75.27200317382812,True,True,41.959999084472656,0.0,74.40799713134766,True,True,40.86000061035156,0.0,75.63200378417969,True,True,47.709999084472656,0.0,68.3239974975586,True,True,59.459999084472656,-24.969999313354492,,,,47.56999969482422,210.0019989013672,47.93000030517578,152.0,38.0,
2021-08-20 08:00:00,,,,,48.86000061035156,0.0,72.89600372314453,True,True,88.0999984741211,0.0,80.5459976196289,True,True,64.61000061035156,0.0,75.16400146484375,True,True,63.16999816894531,0.0,82.88600158691406,True,True,43.619998931884766,0.0,73.63400268554688,True,True,47.220001220703125,0.0,72.64399719238281,True,True,49.630001068115234,0.0,69.31400299072266,True,True,57.83000183105469,0.0,75.34400177001953,True,True,39.56999969482422,0.0,74.37200164794922,True,True,40.90999984741211,0.0,75.63200378417969,True,True,47.970001220703125,0.0,68.52200317382812,True,True,59.5,-25.0,,,,48.03799819946289,210.0019989013672,48.41600036621094,128.0,32.0,
2021-08-20 08:15:00,,,,,49.34000015258789,0.0,73.27400207519531,True,True,88.9000015258789,0.0,80.0780029296875,True,True,64.83999633789062,0.0,75.19999694824219,True,True,65.8499984741211,0.0,83.6240005493164,True,True,47.45000076293945,0.0,73.7239990234375,True,True,51.68000030517578,0.0,73.38200378417969,True,True,47.970001220703125,0.0,69.5479965209961,True,True,60.31999969482422,0.0,75.29000091552734,True,True,44.0,0.0,74.35399627685547,True,True,39.77000045776367,0.0,75.63200378417969,True,True,47.599998474121094,0.0,68.88200378417969,True,True,59.54999923706055,-25.0,,,,47.93000030517578,210.0019989013672,48.30799865722656,136.0,34.0,
2021-08-20 08:30:00,,,,,54.779998779296875,0.0,73.61599731445312,True,True,94.06999969482422,0.0,77.50399780273438,True,True,69.08000183105469,0.0,75.16400146484375,True,True,70.55000305175781,0.0,83.44400024414062,True,True,44.529998779296875,0.0,73.6520004272461,True,True,51.869998931884766,0.0,73.70600128173828,True,True,47.790000915527344,0.0,69.80000305175781,True,True,57.599998474121094,0.0,75.32599639892578,True,True,41.869998931884766,0.0,74.33599853515625,True,True,46.75,0.0,75.63200378417969,True,True,47.290000915527344,0.0,69.2239990234375,True,True,59.54999923706055,-24.969999313354492,,,,48.145999908447266,210.0019989013672,48.45199966430664,144.0,36.0,
2021-08-20 08:45:00,,,,,57.11000061035156,0.0,74.06600189208984,True,True,100.0,0.0,77.03600311279297,True,True,66.95999908447266,0.0,75.14600372314453,True,True,72.5199966430664,0.0,83.64199829101562,True,True,43.709999084472656,0.0,73.81400299072266,True,True,52.95000076293945,0.0,74.10199737548828,True,True,50.9900016784668,0.0,70.03399658203125,True,True,58.27000045776367,0.0,75.27200317382812,True,True,43.2400016784668,0.0,74.37200164794922,True,True,51.2400016784668,0.0,75.68599700927734,True,True,51.84000015258789,0.0,69.5479965209961,True,True,59.560001373291016,-24.969999313354492,,,,48.09199905395508,210.0019989013672,48.45199966430664,136.0,34.0,
2021-08-20 09:00:00,,,,,57.18000030517578,0.0,74.46199798583984,True,True,100.0,0.0,76.62200164794922,True,True,66.68000030517578,0.0,75.18199920654297,True,True,73.6500015258789,0.0,83.8759994506836,True,True,45.22999954223633,0.0,73.8499984741211,True,True,48.869998931884766,0.0,74.40799713134766,True,True,47.45000076293945,0.0,70.23200225830078,True,True,59.400001525878906,0.0,75.36199951171875,True,True,41.38999938964844,0.0,74.40799713134766,True,True,40.84000015258789,0.0,75.68599700927734,True,True,47.439998626708984,0.0,69.76399993896484,True,True,59.56999969482422,-25.0,,,,48.59600067138672,210.0019989013672,48.95600128173828,144.0,36.0,
2021-08-20 09:15:00,,,,,64.66999816894531,0.0,74.8219985961914,True,True,100.0,0.0,76.85600280761719,True,True,71.72000122070312,0.0,75.27200317382812,True,True,76.26000213623047,0.0,83.96600341796875,True,True,47.84000015258789,0.0,73.94000244140625,True,True,49.97999954223633,0.0,74.93000030517578,True,True,47.54999923706055,0.0,70.62799835205078,True,True,60.79999923706055,0.0,75.4520034790039,True,True,41.4900016784668,0.0,74.37200164794922,True,True,45.61000061035156,0.0,75.68599700927734,True,True,51.36000061035156,0.0,70.39399719238281,True,True,59.529998779296875,-25.0,,,,48.86600112915039,210.0019989013672,49.20800018310547,152.0,38.0,
2021-08-20 09:30:00,,,,,58.91999816894531,0.0,75.21800231933594,True,True,100.0,0.0,75.95600128173828,True,True,77.4000015258789,0.0,75.36199951171875,True,True,78.43000030517578,0.0,84.14600372314453,True,True,48.66999816894531,0.0,73.99400329589844,True,True,54.880001068115234,0.0,74.64199829101562,True,True,49.619998931884766,0.0,71.02400207519531,True,True,68.01000213623047,0.0,75.54199981689453,True,True,49.7599983215332,0.0,74.38999938964844,True,True,49.72999954223633,0.0,75.7040023803711,True,True,57.31999969482422,0.0,70.75399780273438,True,True,59.540000915527344,-25.0,,,,49.316001892089844,210.0019989013672,49.694000244140625,152.0,38.0,
2021-08-20 09:45:00,,,,,51.84000015258789,0.0,75.50599670410156,True,True,99.79000091552734,0.0,75.99199676513672,True,True,71.31999969482422,0.0,75.37999725341797,True,True,80.2699966430664,0.0,84.52400207519531,True,True,46.650001525878906,0.0,73.97599792480469,True,True,54.220001220703125,0.0,75.03800201416016,True,True,48.72999954223633,0.0,71.45600128173828,True,True,61.65999984741211,0.0,75.52400207519531,True,True,44.88999938964844,0.0,74.44400024414062,True,True,47.619998931884766,0.0,75.81199645996094,True,True,47.900001525878906,0.0,71.16799926757812,True,True,59.5,-24.969999313354492,,,,41.88199996948242,210.0019989013672,42.422000885009766,152.0,38.0,
2021-08-20 10:00:00,,,,,49.630001068115234,0.0,75.25399780273438,True,True,93.19000244140625,0.0,76.06400299072266,True,True,63.099998474121094,0.0,75.21800231933594,True,True,61.81999969482422,0.0,84.54199981689453,True,True,39.439998626708984,0.0,73.97599792480469,True,True,45.38999938964844,0.0,75.29000091552734,True,True,52.65999984741211,0.0,71.85199737548828,True,True,75.23999786376953,0.0,75.4520034790039,True,True,41.72999954223633,0.0,74.40799713134766,True,True,50.2599983215332,0.0,75.99199676513672,True,True,53.0099983215332,0.0,71.88800048828125,True,True,59.5099983215332,-25.0,,,,41.305999755859375,210.0019989013672,41.75600051879883,160.0,40.0,
2021-08-20 10:15:00,,,,,40.20000076293945,0.0,75.54199981689453,True,True,95.95999908447266,0.0,75.9739990234375,True,True,59.91999816894531,0.0,75.21800231933594,True,True,59.150001525878906,0.0,84.12799835205078,True,True,40.13999938964844,0.0,73.99400329589844,True,True,44.349998474121094,0.0,75.72200012207031,True,True,53.5099983215332,0.0,72.1760025024414,True,True,80.83999633789062,0.0,75.7040023803711,True,True,42.7599983215332,0.0,74.38999938964844,True,True,48.689998626708984,0.0,75.99199676513672,True,True,50.88999938964844,0.0,71.99600219726562,True,True,59.560001373291016,-24.969999313354492,,,,41.0,210.0019989013672,41.395999908447266,152.0,38.0,
2021-08-20 10:30:00,,,,,43.59000015258789,0.0,76.24400329589844,True,True,97.05999755859375,0.0,75.63200378417969,True,True,56.779998779296875,0.0,75.18199920654297,True,True,62.060001373291016,0.0,84.50599670410156,True,True,38.91999816894531,0.0,73.97599792480469,True,True,44.2599983215332,0.0,76.01000213623047,True,True,43.279998779296875,0.0,72.302001953125,True,True,71.19000244140625,0.0,75.63200378417969,True,True,38.0,0.0,74.44400024414062,True,True,45.5099983215332,0.0,75.99199676513672,True,True,43.63999938964844,0.0,72.15799713134766,True,True,59.529998779296875,-0.14999999105930328,,,,41.108001708984375,210.0019989013672,41.540000915527344,160.0,40.0,
2021-08-20 10:45:00,,,,,42.90999984741211,0.0,76.49600219726562,True,True,100.0,0.0,75.47000122070312,True,True,59.959999084472656,0.0,75.25399780273438,True,True,62.380001068115234,0.0,84.86599731445312,True,True,39.060001373291016,0.0,73.99400329589844,True,True,44.65999984741211,0.0,77.88200378417969,True,True,44.95000076293945,0.0,72.46399688720703,True,True,67.19999694824219,0.0,75.63200378417969,True,True,40.29999923706055,0.0,74.4800033569336,True,True,40.869998931884766,0.0,76.01000213623047,True,True,47.72999954223633,0.0,72.35600280761719,True,True,59.529998779296875,-0.1599999964237213,,,,41.05400085449219,210.0019989013672,41.486000061035156,160.0,40.0,
2021-08-20 11:00:00,,,,,42.189998626708984,0.0,76.802001953125,True,True,100.0,0.0,75.37999725341797,True,True,58.279998779296875,0.0,75.29000091552734,True,True,62.119998931884766,0.0,84.34400177001953,True,True,39.400001525878906,0.0,74.10199737548828,True,True,44.70000076293945,0.0,78.36799621582031,True,True,40.41999816894531,0.0,72.66200256347656,True,True,63.93000030517578,0.0,75.59600067138672,True,True,36.849998474121094,0.0,74.44400024414062,True,True,43.47999954223633,0.0,75.9739990234375,True,True,41.11000061035156,0.0,72.5719985961914,True,True,59.4900016784668,-0.1599999964237213,,,,40.981998443603516,210.0019989013672,41.395999908447266,152.0,38.0,
2021-08-20 11:15:00,,,,,42.029998779296875,0.0,76.69400024414062,True,True,100.0,0.0,75.47000122070312,True,True,57.40999984741211,0.0,75.30799865722656,True,True,61.63999938964844,0.0,84.81199645996094,True,True,41.79999923706055,0.0,74.19200134277344,True,True,44.279998779296875,0.0,77.197998046875,True,True,43.5,0.0,73.00399780273438,True,True,69.69000244140625,0.0,75.68599700927734,True,True,40.0099983215332,0.0,74.4800033569336,True,True,48.15999984741211,0.0,75.99199676513672,True,True,35.9900016784668,6.0,73.05799865722656,True,True,59.4900016784668,-0.14999999105930328,,,,41.1619987487793,210.0019989013672,41.52199935913086,152.0,38.0,
2021-08-20 11:30:00,,,,,42.20000076293945,0.0,76.81999969482422,True,True,100.0,0.0,76.58599853515625,True,True,54.41999816894531,0.0,75.27200317382812,True,True,63.619998931884766,0.0,84.32599639892578,True,True,39.7400016784668,0.0,74.19200134277344,True,True,47.36000061035156,0.0,76.56800079345703,True,True,43.20000076293945,0.0,73.81400299072266,True,True,71.0199966430664,0.0,75.73999786376953,True,True,39.900001525878906,0.0,74.53399658203125,True,True,50.81999969482422,0.0,76.01000213623047,True,True,67.3499984741211,0.0,73.94000244140625,True,True,59.61000061035156,-0.14999999105930328,,,,41.215999603271484,210.0019989013672,41.55799865722656,160.0,40.0,
2021-08-20 11:45:00,,,,,41.619998931884766,0.0,76.58599853515625,True,True,96.01000213623047,0.0,76.44200134277344,True,True,54.09000015258789,0.0,75.16400146484375,True,True,70.55000305175781,0.0,85.38800048828125,True,True,39.720001220703125,0.0,74.13800048828125,True,True,43.83000183105469,0.0,76.9280014038086,True,True,43.119998931884766,0.0,73.90399932861328,True,True,71.73999786376953,0.0,75.72200012207031,True,True,42.959999084472656,0.0,74.6240005493164,True,True,43.88999938964844,0.0,76.13600158691406,True,True,43.2400016784668,0.0,73.81400299072266,True,True,59.459999084472656,-0.14000000059604645,,,,41.215999603271484,210.0019989013672,41.57600021362305,152.0,38.0,
2021-08-20 12:00:00,,,,,43.209999084472656,0.0,76.802001953125,True,True,94.55999755859375,0.0,75.7760009765625,True,True,53.0099983215332,0.0,75.32599639892578,True,True,67.51000213623047,0.0,85.42400360107422,True,True,45.36000061035156,0.0,74.10199737548828,True,True,43.2400016784668,0.0,77.30599975585938,True,True,43.150001525878906,0.0,73.86799621582031,True,True,69.19999694824219,0.0,75.4520034790039,True,True,34.619998931884766,0.0,74.552001953125,True,True,46.540000915527344,0.0,76.11799621582031,True,True,45.58000183105469,0.0,73.99400329589844,True,True,59.5,-0.11999999731779099,,,,41.05400085449219,210.0019989013672,41.46799850463867,152.0,38.0,
2021-08-20 12:15:00,,,,,43.459999084472656,0.0,76.78399658203125,True,True,94.87999725341797,0.0,75.21800231933594,True,True,53.33000183105469,0.0,75.27200317382812,True,True,69.4800033569336,0.0,85.65799713134766,True,True,44.0099983215332,0.0,73.99400329589844,True,True,44.29999923706055,0.0,77.72000122070312,True,True,40.86000061035156,0.0,73.94000244140625,True,True,67.86000061035156,0.0,75.39800262451172,True,True,40.5099983215332,0.0,74.66000366210938,True,True,45.20000076293945,0.0,76.08200073242188,True,True,47.70000076293945,0.0,74.10199737548828,True,True,59.61000061035156,-0.1599999964237213,,,,41.1619987487793,210.0019989013672,41.59400177001953,152.0,38.0,
2021-08-20 12:30:00,,,,,47.56999969482422,0.0,77.23400115966797,True,True,100.0,0.0,75.25399780273438,True,True,53.59000015258789,0.0,75.25399780273438,True,True,73.25,0.0,86.03600311279297,True,True,40.43000030517578,0.0,74.06600189208984,True,True,46.0099983215332,0.0,77.86399841308594,True,True,40.38999938964844,0.0,73.7959976196289,True,True,68.55000305175781,0.0,75.36199951171875,True,True,41.52000045776367,0.0,74.66000366210938,True,True,42.4900016784668,0.0,76.11799621582031,True,True,46.970001220703125,0.0,73.99400329589844,True,True,59.560001373291016,-0.14999999105930328,,,,41.18000030517578,210.0019989013672,41.59400177001953,152.0,38.0,
2021-08-20 12:45:00,,,,,42.209999084472656,0.0,76.89199829101562,True,True,100.0,0.0,75.41600036621094,True,True,52.349998474121094,0.0,75.30799865722656,True,True,64.9800033569336,0.0,84.88400268554688,True,True,44.90999984741211,0.0,74.17400360107422,True,True,46.66999816894531,0.0,77.43199920654297,True,True,40.119998931884766,0.0,73.7239990234375,True,True,72.43000030517578,0.0,75.5780029296875,True,True,38.310001373291016,0.0,74.6240005493164,True,True,41.970001220703125,0.0,76.1719970703125,True,True,47.130001068115234,0.0,73.77799987792969,True,True,59.540000915527344,-0.09999999403953552,,,,41.18000030517578,210.0019989013672,41.59400177001953,168.0,42.0,
2021-08-20 13:00:00,,,,,38.650001525878906,0.0,76.802001953125,True,True,100.0,0.0,75.37999725341797,True,True,50.83000183105469,0.0,75.32599639892578,True,True,64.69000244140625,0.0,84.8479995727539,True,True,42.81999969482422,0.0,74.0479965209961,True,True,45.63999938964844,0.0,77.16200256347656,True,True,41.84000015258789,0.0,74.26399993896484,True,True,68.97000122070312,0.0,75.47000122070312,True,True,38.970001220703125,0.0,74.66000366210938,True,True,43.630001068115234,0.0,76.1719970703125,True,True,50.650001525878906,0.0,74.552001953125,True,True,59.560001373291016,-0.14000000059604645,,,,41.1619987487793,210.0019989013672,41.55799865722656,160.0,40.0,
2021-08-20 13:15:00,,,,,47.220001220703125,0.0,77.14399719238281,True,True,100.0,0.0,75.21800231933594,True,True,51.880001068115234,0.0,75.30799865722656,True,True,69.5999984741211,0.0,84.81199645996094,True,True,30.850000381469727,0.3100000023841858,74.12000274658203,True,True,47.68000030517578,0.0,76.74800109863281,True,True,40.029998779296875,0.0,73.97599792480469,True,True,65.55000305175781,0.0,75.52400207519531,True,True,40.5,0.0,74.73200225830078,True,True,42.47999954223633,0.0,76.1719970703125,True,True,44.2599983215332,0.0,73.99400329589844,True,True,59.5,-0.1599999964237213,,,,41.1619987487793,210.0019989013672,41.59400177001953,160.0,40.0,
2021-08-20 13:30:00,,,,,41.09000015258789,0.0,76.94599914550781,True,True,100.0,0.0,75.25399780273438,True,True,50.650001525878906,0.0,75.30799865722656,True,True,66.05999755859375,0.0,85.08200073242188,True,True,43.310001373291016,0.0,74.08399963378906,True,True,44.65999984741211,0.0,76.9280014038086,True,True,40.58000183105469,0.0,73.63400268554688,True,True,63.38999938964844,0.0,75.52400207519531,True,True,39.279998779296875,0.0,74.73200225830078,True,True,45.52000045776367,0.0,76.1719970703125,True,True,43.650001525878906,0.0,73.63400268554688,True,True,59.5,-0.1599999964237213,,,,41.46799850463867,210.0019989013672,41.810001373291016,168.0,42.0,
2021-08-20 13:45:00,,,,,40.349998474121094,0.0,77.0,True,True,100.0,0.0,75.36199951171875,True,True,53.810001373291016,0.0,75.36199951171875,True,True,65.2699966430664,0.0,84.48799896240234,True,True,44.31999969482422,0.0,74.06600189208984,True,True,44.77000045776367,0.0,76.62200164794922,True,True,39.709999084472656,0.0,73.54399871826172,True,True,58.09000015258789,0.0,75.5780029296875,True,True,41.209999084472656,0.0,74.73200225830078,True,True,46.18000030517578,0.0,76.1719970703125,True,True,50.31999969482422,0.0,73.50800323486328,True,True,59.4900016784668,-0.11999999731779099,,,,41.37799835205078,210.0019989013672,41.77399826049805,160.0,40.0,
2021-08-20 14:00:00,,,,,39.40999984741211,0.0,76.802001953125,True,True,100.0,0.0,75.27200317382812,True,True,50.36000061035156,0.0,75.30799865722656,True,True,63.869998931884766,0.0,84.34400177001953,True,True,42.58000183105469,0.0,74.13800048828125,True,True,46.13999938964844,0.0,76.802001953125,True,True,39.58000183105469,0.0,73.81400299072266,True,True,59.630001068115234,0.0,75.50599670410156,True,True,40.20000076293945,0.0,74.6780014038086,True,True,46.689998626708984,0.0,76.19000244140625,True,True,48.279998779296875,0.0,73.81400299072266,True,True,59.54999923706055,-0.1599999964237213,,,,41.215999603271484,210.0019989013672,41.64799880981445,160.0,40.0,
2021-08-20 14:15:00,,,,,60.33000183105469,0.0,76.58599853515625,True,True,100.0,0.0,75.25399780273438,True,True,59.400001525878906,0.0,75.29000091552734,True,True,72.08999633789062,0.0,85.38800048828125,True,True,47.13999938964844,0.0,74.12000274658203,True,True,44.68000030517578,0.0,76.9280014038086,True,True,40.02000045776367,0.0,73.95800018310547,True,True,58.0,0.0,75.48799896240234,True,True,39.56999969482422,0.0,74.80400085449219,True,True,48.9900016784668,0.0,76.22599792480469,True,True,46.470001220703125,0.0,73.95800018310547,True,True,59.529998779296875,-0.1899999976158142,,,,60.38600158691406,210.0019989013672,61.48400115966797,168.0,42.0,
2021-08-20 14:30:00,,,,,50.0,0.0,76.44200134277344,True,True,100.0,0.0,75.32599639892578,True,True,71.73999786376953,0.0,75.43399810791016,True,True,90.04000091552734,0.0,83.947998046875,True,True,45.33000183105469,0.0,74.26399993896484,True,True,52.13999938964844,0.0,76.38800048828125,True,True,39.959999084472656,0.0,73.90399932861328,True,True,61.77000045776367,0.0,75.59600067138672,True,True,37.5099983215332,0.0,74.76799774169922,True,True,45.630001068115234,0.0,76.22599792480469,True,True,45.56999969482422,0.0,73.94000244140625,True,True,59.5099983215332,-0.17000000178813934,,,,46.4900016784668,210.0019989013672,47.04800033569336,160.0,40.0,
2021-08-20 14:45:00,,,,,53.459999084472656,0.0,76.45999908447266,True,True,100.0,0.0,75.32599639892578,True,True,63.040000915527344,0.0,75.36199951171875,True,True,80.18000030517578,0.0,83.20999908447266,True,True,42.58000183105469,0.0,74.22799682617188,True,True,47.91999816894531,0.0,76.24400329589844,True,True,43.2599983215332,0.0,73.54399871826172,True,True,53.02000045776367,0.0,75.50599670410156,True,True,37.619998931884766,0.0,74.76799774169922,True,True,42.310001373291016,0.0,76.22599792480469,True,True,44.869998931884766,0.0,73.4540023803711,True,True,59.560001373291016,-0.11999999731779099,,,,47.49800109863281,210.0019989013672,47.5880012512207,168.0,42.0,
2021-08-20 15:00:00,,,,,51.290000915527344,0.0,76.44200134277344,True,True,100.0,0.0,75.48799896240234,True,True,64.87999725341797,0.0,75.41600036621094,True,True,89.9800033569336,0.0,85.31600189208984,True,True,46.79999923706055,0.0,74.22799682617188,True,True,53.66999816894531,0.0,76.44200134277344,True,True,63.310001373291016,0.0,73.63400268554688,True,True,82.5199966430664,0.0,75.61399841308594,True,True,50.5099983215332,0.0,74.8759994506836,True,True,61.150001525878906,0.0,76.33399963378906,True,True,61.279998779296875,0.0,73.4540023803711,True,True,59.54999923706055,-0.1599999964237213,,,,46.400001525878906,210.0019989013672,46.86800003051758,168.0,42.0,
2021-08-20 15:15:00,,,,,53.59000015258789,0.0,76.42400360107422,True,True,100.0,0.0,75.4520034790039,True,True,64.54000091552734,0.0,75.43399810791016,True,True,87.30999755859375,0.0,83.56999969482422,True,True,47.66999816894531,0.0,74.19200134277344,True,True,50.279998779296875,0.0,76.22599792480469,True,True,45.119998931884766,0.0,73.43599700927734,True,True,72.05999755859375,0.0,75.61399841308594,True,True,43.47999954223633,0.0,74.89399719238281,True,True,48.88999938964844,0.0,76.37000274658203,True,True,49.20000076293945,0.0,73.07599639892578,True,True,59.5099983215332,-0.14000000059604645,,,,47.624000549316406,210.0019989013672,48.07400131225586,160.0,40.0,
2021-08-20 15:30:00,,,,,55.63999938964844,0.0,76.15399932861328,True,True,99.27999877929688,0.0,75.54199981689453,True,True,67.05999755859375,0.0,75.4520034790039,True,True,88.58999633789062,0.0,83.4260025024414,True,True,48.810001373291016,0.0,74.22799682617188,True,True,49.599998474121094,0.0,75.99199676513672,True,True,49.36000061035156,0.0,73.43599700927734,True,True,73.16000366210938,0.0,75.63200378417969,True,True,45.36000061035156,0.0,74.93000030517578,True,True,47.130001068115234,0.0,76.35199737548828,True,True,51.56999969482422,0.0,73.22000122070312,True,True,59.4900016784668,-0.1599999964237213,,,,46.90399932861328,210.0019989013672,47.31800079345703,168.0,42.0,
2021-08-20 15:45:00,,,,,51.59000015258789,0.0,75.86599731445312,True,True,100.0,0.0,79.19599914550781,True,True,67.54000091552734,0.0,75.36199951171875,True,True,87.45999908447266,0.0,84.79399871826172,True,True,45.189998626708984,0.0,74.28199768066406,True,True,50.22999954223633,0.0,76.47799682617188,True,True,47.08000183105469,0.0,73.25599670410156,True,True,74.19000244140625,0.0,75.7760009765625,True,True,42.09000015258789,0.0,74.91200256347656,True,True,45.130001068115234,0.0,76.35199737548828,True,True,50.7400016784668,0.0,72.93199920654297,True,True,59.459999084472656,-0.14999999105930328,,,,46.507999420166016,210.0019989013672,46.922000885009766,168.0,42.0,
2021-08-20 16:00:00,,,,,52.09000015258789,0.0,75.32599639892578,True,True,100.0,0.0,75.95600128173828,True,True,67.8499984741211,0.0,75.41600036621094,True,True,86.86000061035156,0.0,84.34400177001953,True,True,45.15999984741211,0.0,74.13800048828125,True,True,48.720001220703125,0.0,75.86599731445312,True,True,48.36000061035156,0.0,73.22000122070312,True,True,76.02999877929688,0.0,75.73999786376953,True,True,41.400001525878906,0.0,74.91200256347656,True,True,46.11000061035156,0.0,76.35199737548828,True,True,51.939998626708984,0.0,72.84200286865234,True,True,59.4900016784668,-0.1599999964237213,,,,46.327999114990234,210.0019989013672,46.7599983215332,160.0,40.0,
2021-08-20 16:15:00,,,,,48.43000030517578,0.0,74.947998046875,True,True,100.0,0.0,75.93800354003906,True,True,68.27999877929688,0.0,75.4520034790039,True,True,88.51000213623047,0.0,83.4260025024414,True,True,44.45000076293945,0.0,74.10199737548828,True,True,48.220001220703125,0.0,75.79399871826172,True,True,47.45000076293945,0.0,72.89600372314453,True,True,76.70999908447266,0.0,75.75800323486328,True,True,40.939998626708984,0.0,74.89399719238281,True,True,49.66999816894531,0.0,76.35199737548828,True,True,51.599998474121094,0.0,72.3740005493164,True,True,59.560001373291016,-0.14999999105930328,,,,46.00400161743164,210.0019989013672,46.417999267578125,168.0,42.0,
2021-08-20 16:30:00,,,,,51.540000915527344,0.0,75.00199890136719,True,True,100.0,0.0,75.81199645996094,True,True,62.959999084472656,0.0,75.27200317382812,True,True,92.55999755859375,0.0,84.52400207519531,True,True,43.540000915527344,0.0,74.01200103759766,True,True,50.36000061035156,0.0,75.36199951171875,True,True,47.349998474121094,0.0,72.68000030517578,True,True,76.62999725341797,0.0,75.61399841308594,True,True,40.5,0.0,74.89399719238281,True,True,45.029998779296875,0.0,76.31600189208984,True,True,50.54999923706055,0.0,71.99600219726562,True,True,59.54999923706055,-0.1599999964237213,,,,45.194000244140625,210.0019989013672,45.73400115966797,160.0,40.0,
2021-08-20 16:45:00,,,,,54.54999923706055,0.0,75.43399810791016,True,True,95.72000122070312,0.0,75.68599700927734,True,True,63.4900016784668,0.0,75.41600036621094,True,True,88.47000122070312,0.0,84.03800201416016,True,True,44.59000015258789,0.0,74.0479965209961,True,True,47.77000045776367,0.0,75.34400177001953,True,True,43.54999923706055,0.0,72.35600280761719,True,True,76.97000122070312,0.0,75.63200378417969,True,True,39.95000076293945,0.0,74.83999633789062,True,True,40.83000183105469,0.0,76.2979965209961,True,True,48.7599983215332,0.0,71.61799621582031,True,True,59.529998779296875,-0.14000000059604645,,,,50.97200012207031,210.0019989013672,51.54800033569336,160.0,40.0,
2021-08-20 17:00:00,,,,,51.689998626708984,0.0,74.8759994506836,True,True,100.0,0.0,75.61399841308594,True,True,64.94000244140625,0.0,75.4520034790039,True,True,98.18000030517578,0.0,85.13600158691406,True,True,52.599998474121094,0.0,74.0479965209961,True,True,51.720001220703125,0.0,74.93000030517578,True,True,43.16999816894531,0.0,72.24800109863281,True,True,74.31999969482422,0.0,75.61399841308594,True,True,40.209999084472656,0.0,74.78600311279297,True,True,52.849998474121094,0.0,76.2979965209961,True,True,45.119998931884766,0.0,71.5459976196289,True,True,59.5,-0.1899999976158142,,,,44.762001037597656,210.0019989013672,45.24800109863281,160.0,40.0,
2021-08-20 17:15:00,,,,,51.810001373291016,0.0,75.18199920654297,True,True,100.0,0.0,76.47799682617188,True,True,65.4800033569336,0.0,75.30799865722656,True,True,92.5,0.0,82.9219970703125,True,True,47.88999938964844,0.0,74.02999877929688,True,True,46.36000061035156,0.0,74.38999938964844,True,True,42.959999084472656,0.0,72.10399627685547,True,True,76.20999908447266,0.0,75.7040023803711,True,True,39.369998931884766,0.0,74.80400085449219,True,True,45.63999938964844,0.0,76.24400329589844,True,True,44.52000045776367,0.0,71.43800354003906,True,True,59.470001220703125,-0.14999999105930328,,,,48.667999267578125,210.0019989013672,48.992000579833984,152.0,38.0,
2021-08-20 17:30:00,,,,,48.220001220703125,0.0,74.71399688720703,True,True,100.0,0.0,75.95600128173828,True,True,63.689998626708984,0.0,75.36199951171875,True,True,91.23999786376953,0.0,83.46199798583984,True,True,44.0099983215332,0.0,74.01200103759766,True,True,51.11000061035156,0.0,74.49800109863281,True,True,48.11000061035156,0.0,71.94200134277344,True,True,78.52999877929688,0.0,75.61399841308594,True,True,45.02000045776367,0.0,74.80400085449219,True,True,50.16999816894531,0.0,76.24400329589844,True,True,49.310001373291016,0.0,71.22200012207031,True,True,59.45000076293945,-0.11999999731779099,,,,42.29600143432617,210.0019989013672,42.79999923706055,160.0,40.0,
2021-08-20 17:45:00,,,,,45.529998779296875,0.0,74.01200103759766,True,True,91.88999938964844,0.0,79.98799896240234,True,True,56.349998474121094,0.0,75.27200317382812,True,True,80.62999725341797,0.0,83.93000030517578,True,True,42.0,0.0,73.94000244140625,True,True,44.290000915527344,0.0,73.95800018310547,True,True,45.18000030517578,0.0,71.81600189208984,True,True,70.95999908447266,0.0,75.52400207519531,True,True,40.400001525878906,0.0,74.8219985961914,True,True,46.72999954223633,0.0,76.22599792480469,True,True,44.2599983215332,0.0,71.16799926757812,True,True,59.59000015258789,-0.11999999731779099,,,,41.55799865722656,210.0019989013672,42.007999420166016,152.0,38.0,
2021-08-20 18:00:00,,,,,46.13999938964844,0.0,74.53399658203125,True,True,88.30000305175781,0.0,76.15399932861328,True,True,54.68000030517578,0.0,75.27200317382812,True,True,82.93000030517578,0.0,83.8759994506836,True,True,43.41999816894531,0.0,73.95800018310547,True,True,43.86000061035156,0.0,74.01200103759766,True,True,47.84000015258789,0.0,71.81600189208984,True,True,77.22000122070312,0.0,75.47000122070312,True,True,42.2400016784668,0.0,74.8219985961914,True,True,53.189998626708984,0.0,76.11799621582031,True,True,47.439998626708984,0.0,70.91600036621094,True,True,59.5099983215332,-0.14999999105930328,,,,41.395999908447266,210.0019989013672,41.827999114990234,152.0,38.0,
2021-08-20 18:15:00,,,,,45.470001220703125,0.0,74.10199737548828,True,True,92.16000366210938,0.0,77.59400177001953,True,True,52.290000915527344,0.0,75.19999694824219,True,True,72.52999877929688,0.0,83.96600341796875,True,True,39.81999969482422,0.0,73.88600158691406,True,True,43.27000045776367,0.0,73.36399841308594,True,True,40.16999816894531,0.0,71.31199645996094,True,True,66.7300033569336,0.0,75.55999755859375,True,True,38.0,0.0,74.80400085449219,True,True,42.380001068115234,0.0,76.06400299072266,True,True,44.15999984741211,0.0,70.41200256347656,True,True,59.540000915527344,-0.17000000178813934,,,,41.305999755859375,210.0019989013672,41.70199966430664,152.0,38.0,
2021-08-20 18:30:00,,,,,45.0,0.0,74.10199737548828,True,True,95.19999694824219,0.0,76.49600219726562,True,True,53.04999923706055,0.0,75.25399780273438,True,True,68.5199966430664,0.7199999690055847,86.14399719238281,True,True,39.959999084472656,0.0,73.88600158691406,True,True,43.36000061035156,0.0,73.47200012207031,True,True,40.560001373291016,0.0,71.09600067138672,True,True,63.290000915527344,0.0,75.43399810791016,True,True,37.619998931884766,0.0,74.8759994506836,True,True,35.72999954223633,0.0,75.9739990234375,True,True,42.7400016784668,0.0,70.052001953125,True,True,59.45000076293945,-0.14999999105930328,,,,41.50400161743164,210.0019989013672,41.93600082397461,144.0,36.0,
2021-08-20 18:45:00,,,,,40.77000045776367,0.0,74.947998046875,True,True,99.87000274658203,0.0,76.2979965209961,True,True,52.66999816894531,0.0,75.19999694824219,True,True,64.7300033569336,1.5,86.8280029296875,True,True,44.0,0.0,73.90399932861328,True,True,42.650001525878906,0.0,73.30999755859375,True,True,40.11000061035156,0.0,71.11399841308594,True,True,63.0099983215332,0.0,75.27200317382812,True,True,37.04999923706055,0.0,74.73200225830078,True,True,46.869998931884766,0.0,75.99199676513672,True,True,41.33000183105469,0.0,70.19599914550781,True,True,59.5099983215332,-0.1599999964237213,,,,41.683998107910156,210.0019989013672,42.11600112915039,152.0,38.0,
2021-08-20 19:00:00,,,,,45.939998626708984,0.0,74.12000274658203,True,True,100.0,0.0,77.21600341796875,True,True,50.68000030517578,0.0,75.25399780273438,True,True,74.44999694824219,0.0,82.70600128173828,True,True,42.29999923706055,0.0,73.8499984741211,True,True,41.400001525878906,0.0,73.07599639892578,True,True,39.59000015258789,0.0,70.84400177001953,True,True,56.369998931884766,0.0,75.21800231933594,True,True,37.16999816894531,0.0,74.73200225830078,True,True,42.029998779296875,0.0,75.99199676513672,True,True,42.369998931884766,0.0,69.94400024414062,True,True,59.459999084472656,-0.08999999612569809,,,,41.55799865722656,210.0019989013672,41.9900016784668,144.0,36.0,
2021-08-20 19:15:00,,,,,45.709999084472656,0.0,73.63400268554688,True,True,100.0,0.0,75.95600128173828,True,True,52.04999923706055,0.0,75.19999694824219,True,True,61.93000030517578,0.9199999570846558,86.10800170898438,True,True,41.040000915527344,0.0,73.81400299072266,True,True,44.0,0.0,72.93199920654297,True,True,40.20000076293945,0.0,70.73600006103516,True,True,57.83000183105469,0.0,75.23600006103516,True,True,37.650001525878906,0.0,74.69599914550781,True,True,46.380001068115234,0.0,75.95600128173828,True,True,43.650001525878906,0.0,69.83599853515625,True,True,59.540000915527344,-0.14000000059604645,,,,41.64799880981445,210.0019989013672,42.0260009765625,152.0,38.0,
2021-08-20 19:30:00,,,,,46.13999938964844,0.0,73.66999816894531,True,True,100.0,0.0,76.2979965209961,True,True,50.16999816894531,0.0,75.19999694824219,True,True,61.2400016784668,0.0,85.71199798583984,True,True,39.02000045776367,0.0,73.81400299072266,True,True,42.5,0.0,72.71600341796875,True,True,38.790000915527344,0.0,70.73600006103516,True,True,63.0,0.0,75.27200317382812,True,True,39.689998626708984,0.0,74.73200225830078,True,True,40.70000076293945,0.0,75.88400268554688,True,True,44.16999816894531,0.0,69.69200134277344,True,True,59.529998779296875,-0.10999999940395355,,,,41.64799880981445,210.0019989013672,42.0620002746582,152.0,38.0,
2021-08-20 19:45:00,,,,,45.650001525878906,0.0,73.02200317382812,True,True,100.0,0.0,76.802001953125,True,True,49.66999816894531,0.0,75.21800231933594,True,True,60.02000045776367,0.0,84.7760009765625,True,True,39.20000076293945,0.0,73.95800018310547,True,True,41.54999923706055,0.0,72.60800170898438,True,True,38.349998474121094,0.0,70.5739974975586,True,True,56.470001220703125,0.0,75.37999725341797,True,True,37.939998626708984,0.0,74.64199829101562,True,True,40.79999923706055,0.0,75.88400268554688,True,True,44.130001068115234,0.0,69.65599822998047,True,True,59.54999923706055,-0.11999999731779099,,,,41.55799865722656,210.0019989013672,42.0620002746582,144.0,36.0,
2021-08-20 20:00:00,,,,,43.689998626708984,0.0,73.2020034790039,True,True,100.0,0.0,76.71199798583984,True,True,48.790000915527344,0.0,75.23600006103516,True,True,53.959999084472656,2.7200000286102295,85.13600158691406,True,True,39.150001525878906,0.0,73.7959976196289,True,True,41.34000015258789,0.0,72.5719985961914,True,True,37.81999969482422,0.0,70.48400115966797,True,True,52.130001068115234,1.2000000476837158,75.4520034790039,True,True,37.029998779296875,0.0,74.6240005493164,True,True,43.380001068115234,0.0,75.8479995727539,True,True,43.400001525878906,0.0,69.51200103759766,True,True,59.540000915527344,-0.14999999105930328,,,,41.57600021362305,210.0019989013672,41.93600082397461,152.0,38.0,
2021-08-20 20:15:00,,,,,45.40999984741211,0.0,73.43599700927734,True,True,100.0,0.0,75.91999816894531,True,True,47.86000061035156,0.0,75.25399780273438,True,True,51.369998931884766,3.25,84.12799835205078,True,True,40.43000030517578,0.0,73.7959976196289,True,True,42.31999969482422,0.0,72.5,True,True,38.7400016784668,0.0,70.41200256347656,True,True,52.119998931884766,0.0,75.43399810791016,True,True,39.88999938964844,0.0,74.60600280761719,True,True,37.060001373291016,0.0,75.86599731445312,True,True,43.630001068115234,0.0,69.47599792480469,True,True,59.43000030517578,-0.1599999964237213,,,,41.683998107910156,210.0019989013672,42.097999572753906,144.0,36.0,
2021-08-20 20:30:00,,,,,48.790000915527344,0.0,73.61599731445312,True,True,100.0,0.0,75.09200286865234,True,True,48.4900016784668,0.0,75.18199920654297,True,True,49.810001373291016,2.759999990463257,83.89399719238281,True,True,37.310001373291016,0.0,73.74199676513672,True,True,39.36000061035156,0.0,72.46399688720703,True,True,38.40999984741211,0.0,70.3759994506836,True,True,57.189998626708984,0.0,75.39800262451172,True,True,36.470001220703125,0.0,74.60600280761719,True,True,43.11000061035156,0.0,75.8479995727539,True,True,43.220001220703125,0.0,69.3499984741211,True,True,59.4900016784668,-0.14000000059604645,,,,41.61199951171875,210.0019989013672,42.04399871826172,144.0,36.0,
2021-08-20 20:45:00,,,,,40.86000061035156,0.0,73.36399841308594,True,True,100.0,0.0,75.0739974975586,True,True,47.90999984741211,0.0,75.43399810791016,True,True,47.68000030517578,2.8399999141693115,84.50599670410156,True,True,40.61000061035156,0.0,73.76000213623047,True,True,38.7599983215332,0.0,72.64399719238281,True,True,38.439998626708984,0.0,70.30400085449219,True,True,58.93000030517578,0.0,75.30799865722656,True,True,37.349998474121094,0.0,74.552001953125,True,True,39.58000183105469,0.0,75.81199645996094,True,True,51.61000061035156,0.0,69.31400299072266,True,True,59.5099983215332,-0.11999999731779099,,,,41.630001068115234,210.0019989013672,42.0260009765625,152.0,38.0,
2021-08-20 21:00:00,,,,,44.619998931884766,0.0,73.86799621582031,True,True,100.0,0.0,75.09200286865234,True,True,46.619998931884766,0.0,75.27200317382812,True,True,43.529998779296875,4.960000038146973,84.95600128173828,True,True,41.54999923706055,0.0,73.76000213623047,True,True,38.84000015258789,0.0,72.48200225830078,True,True,37.939998626708984,0.0,70.33999633789062,True,True,55.849998474121094,0.0,75.4520034790039,True,True,36.65999984741211,0.0,74.552001953125,True,True,38.79999923706055,0.0,75.75800323486328,True,True,40.279998779296875,0.0,69.2959976196289,True,True,59.45000076293945,-0.14999999105930328,,,,41.683998107910156,210.0019989013672,42.0620002746582,144.0,36.0,
2021-08-20 21:15:00,,,,,40.040000915527344,0.0,73.70600128173828,True,True,100.0,0.0,75.0739974975586,True,True,46.72999954223633,0.0,75.25399780273438,True,True,47.630001068115234,0.0,85.2979965209961,True,True,36.16999816894531,0.0,73.77799987792969,True,True,44.619998931884766,0.0,72.64399719238281,True,True,37.41999816894531,0.0,70.26799774169922,True,True,48.58000183105469,0.0,75.21800231933594,True,True,39.540000915527344,0.0,74.53399658203125,True,True,42.36000061035156,0.0,75.7040023803711,True,True,43.349998474121094,0.0,69.3499984741211,True,True,59.5099983215332,-0.1599999964237213,,,,41.64799880981445,210.0019989013672,42.0620002746582,144.0,36.0,
2021-08-20 21:30:00,,,,,40.4900016784668,0.0,73.50800323486328,True,True,100.0,0.0,75.05599975585938,True,True,46.97999954223633,0.0,75.27200317382812,True,True,45.869998931884766,0.0,85.35199737548828,True,True,39.5,0.0,73.76000213623047,True,True,45.060001373291016,0.0,72.64399719238281,True,True,37.0099983215332,0.0,70.23200225830078,True,True,50.4900016784668,0.0,75.43399810791016,True,True,38.86000061035156,0.0,74.56999969482422,True,True,37.369998931884766,0.0,75.72200012207031,True,True,40.11000061035156,0.0,69.2959976196289,True,True,59.4900016784668,-0.14000000059604645,,,,41.61199951171875,210.0019989013672,42.007999420166016,144.0,36.0,
2021-08-20 21:45:00,,,,,41.720001220703125,0.0,73.61599731445312,True,True,100.0,0.0,75.03800201416016,True,True,46.91999816894531,0.0,75.27200317382812,True,True,44.18000030517578,0.0,85.60399627685547,True,True,36.529998779296875,0.0,73.63400268554688,True,True,46.77000045776367,0.0,72.44599914550781,True,True,36.709999084472656,0.0,70.14199829101562,True,True,53.849998474121094,0.0,75.25399780273438,True,True,38.130001068115234,0.0,74.58799743652344,True,True,36.95000076293945,0.0,75.7040023803711,True,True,39.970001220703125,0.0,69.2239990234375,True,True,59.529998779296875,-0.11999999731779099,,,,41.55799865722656,210.0019989013672,42.0620002746582,144.0,36.0,
2021-08-20 22:00:00,,,,,45.630001068115234,0.0,73.07599639892578,True,True,95.93000030517578,0.0,74.85800170898438,True,True,46.209999084472656,0.0,75.27200317382812,True,True,43.15999984741211,0.0,85.42400360107422,True,True,35.43000030517578,0.0,73.61599731445312,True,True,42.56999969482422,0.0,72.35600280761719,True,True,37.59000015258789,0.0,70.052001953125,True,True,50.369998931884766,0.0,75.39800262451172,True,True,32.970001220703125,0.0,74.552001953125,True,True,37.58000183105469,0.0,75.7040023803711,True,True,39.400001525878906,0.0,69.26000213623047,True,True,59.5,-0.14999999105930328,,,,41.55799865722656,210.0019989013672,42.0260009765625,144.0,36.0,
2021-08-20 22:15:00,,,,,46.619998931884766,0.0,73.00399780273438,True,True,96.93000030517578,0.0,74.8219985961914,True,True,44.93000030517578,0.0,75.19999694824219,True,True,41.810001373291016,0.0,85.60399627685547,True,True,40.599998474121094,0.0,73.61599731445312,True,True,44.95000076293945,0.0,72.28399658203125,True,True,38.130001068115234,0.0,69.99800109863281,True,True,44.369998931884766,0.0,75.21800231933594,True,True,38.720001220703125,0.0,74.51599884033203,True,True,39.279998779296875,0.0,75.66799926757812,True,True,48.77000045776367,0.0,69.2239990234375,True,True,59.4900016784668,-0.17000000178813934,,,,41.70199966430664,210.0019989013672,42.0620002746582,144.0,36.0,
2021-08-20 22:30:00,,,,,39.310001373291016,0.0,72.89600372314453,True,True,100.0,0.0,74.73200225830078,True,True,45.7400016784668,0.0,75.23600006103516,True,True,40.900001525878906,0.0,85.91000366210938,True,True,36.619998931884766,0.0,73.58000183105469,True,True,41.290000915527344,0.0,72.28399658203125,True,True,38.25,0.0,70.052001953125,True,True,56.93000030517578,0.0,75.34400177001953,True,True,38.52000045776367,0.0,74.552001953125,True,True,42.810001373291016,0.0,75.66799926757812,True,True,40.33000183105469,0.0,69.18800354003906,True,True,59.439998626708984,-0.14999999105930328,,,,41.64799880981445,210.0019989013672,42.08000183105469,144.0,36.0,
2021-08-20 22:45:00,,,,,43.36000061035156,0.0,73.18399810791016,True,True,100.0,0.0,74.75,True,True,51.11000061035156,0.0,75.23600006103516,True,True,44.15999984741211,0.0,85.96399688720703,True,True,40.599998474121094,0.0,73.7959976196289,True,True,46.95000076293945,0.0,72.4280014038086,True,True,38.029998779296875,0.0,69.94400024414062,True,True,46.959999084472656,0.0,75.25399780273438,True,True,38.08000183105469,0.0,74.51599884033203,True,True,37.5099983215332,0.0,75.61399841308594,True,True,39.619998931884766,0.0,69.13400268554688,True,True,59.56999969482422,-0.14999999105930328,,,,41.61199951171875,210.0019989013672,42.04399871826172,136.0,34.0,
2021-08-20 23:00:00,,,,,48.27000045776367,0.0,73.25599670410156,True,True,100.0,0.0,74.89399719238281,True,True,51.22999954223633,0.0,75.30799865722656,True,True,44.34000015258789,0.0,85.96399688720703,True,True,40.16999816894531,0.0,73.5979995727539,True,True,43.31999969482422,0.0,72.26599884033203,True,True,38.20000076293945,0.0,69.9260025024414,True,True,46.970001220703125,0.0,75.23600006103516,True,True,39.31999969482422,0.0,74.37200164794922,True,True,36.630001068115234,0.0,75.5780029296875,True,True,39.11000061035156,0.0,69.06199645996094,True,True,59.56999969482422,-0.14000000059604645,,,,42.40399932861328,210.0019989013672,42.63800048828125,144.0,36.0,
2021-08-20 23:15:00,,,,,50.93000030517578,0.0,73.3280029296875,True,True,98.2300033569336,0.0,74.85800170898438,True,True,53.2400016784668,0.0,75.27200317382812,True,True,43.459999084472656,0.0,86.03600311279297,True,True,38.130001068115234,0.0,73.5260009765625,True,True,41.650001525878906,0.0,72.03199768066406,True,True,40.060001373291016,0.0,69.94400024414062,True,True,55.689998626708984,0.0,75.25399780273438,True,True,40.029998779296875,0.0,74.53399658203125,True,True,43.86000061035156,0.0,75.63200378417969,True,True,41.27000045776367,0.0,69.0979995727539,True,True,59.5,-0.1599999964237213,,,,46.742000579833984,210.0019989013672,46.99399948120117,144.0,36.0,
2021-08-20 23:30:00,,,,,52.97999954223633,0.0,72.78800201416016,True,True,100.0,0.0,74.8759994506836,True,True,59.93000030517578,0.0,75.29000091552734,True,True,51.20000076293945,0.0,86.10800170898438,True,True,43.86000061035156,0.0,73.58000183105469,True,True,48.7599983215332,0.0,72.10399627685547,True,True,41.560001373291016,0.0,69.9260025024414,True,True,49.220001220703125,0.0,75.09200286865234,True,True,39.52000045776367,0.0,74.51599884033203,True,True,37.380001068115234,0.0,75.68599700927734,True,True,41.970001220703125,0.0,69.13400268554688,True,True,59.540000915527344,-0.11999999731779099,,,,46.327999114990234,210.0019989013672,46.6879997253418,144.0,36.0,
2021-08-20 23:45:00,,,,,52.209999084472656,0.0,72.98600006103516,True,True,100.0,0.0,75.03800201416016,True,True,62.66999816894531,0.0,75.37999725341797,True,True,54.380001068115234,0.0,86.03600311279297,True,True,44.880001068115234,0.0,73.63400268554688,True,True,49.040000915527344,0.0,72.10399627685547,True,True,42.06999969482422,0.0,69.85399627685547,True,True,51.15999984741211,0.0,75.18199920654297,True,True,39.04999923706055,0.0,74.49800109863281,True,True,39.5099983215332,0.0,75.68599700927734,True,True,41.9900016784668,0.0,68.9540023803711,True,True,59.459999084472656,-0.17000000178813934,,,,46.832000732421875,210.0019989013672,47.22800064086914,144.0,36.0,
2021-08-21 00:00:00,,,,,57.91999816894531,0.0,73.16600036621094,True,True,96.37000274658203,0.0,75.27200317382812,True,True,64.80999755859375,0.0,75.19999694824219,True,True,53.400001525878906,0.0,86.0,True,True,45.439998626708984,0.0,73.56199645996094,True,True,48.880001068115234,0.0,72.03199768066406,True,True,45.86000061035156,0.0,69.74600219726562,True,True,60.29999923706055,0.0,75.23600006103516,True,True,43.619998931884766,0.0,74.4800033569336,True,True,44.83000183105469,0.0,75.66799926757812,True,True,45.779998779296875,0.0,68.9540023803711,True,True,59.56999969482422,-0.10999999940395355,,,,49.02799987792969,210.0019989013672,49.9640007019043,144.0,36.0,
2021-08-21 00:15:00,,,,,57.93000030517578,0.0,72.89600372314453,True,True,100.0,0.0,75.36199951171875,True,True,65.55000305175781,0.0,75.41600036621094,True,True,54.869998931884766,0.0,85.78399658203125,True,True,42.93000030517578,0.0,73.68800354003906,True,True,50.54999923706055,0.0,71.99600219726562,True,True,46.15999984741211,0.0,69.74600219726562,True,True,57.84000015258789,0.0,75.30799865722656,True,True,44.540000915527344,0.0,74.44400024414062,True,True,40.900001525878906,0.0,75.66799926757812,True,True,47.540000915527344,0.0,68.93599700927734,True,True,59.5,-0.14000000059604645,,,,46.77799987792969,210.0019989013672,47.19200134277344,144.0,36.0,
2021-08-21 00:30:00,,,,,53.09000015258789,0.0,72.80599975585938,True,True,99.20999908447266,0.0,75.4520034790039,True,True,64.29000091552734,0.0,75.32599639892578,True,True,53.349998474121094,0.0,85.60399627685547,True,True,47.38999938964844,0.0,73.5260009765625,True,True,51.9900016784668,0.0,71.85199737548828,True,True,46.84000015258789,0.0,69.69200134277344,True,True,65.66000366210938,0.0,75.36199951171875,True,True,41.060001373291016,0.0,74.4800033569336,True,True,41.97999954223633,0.0,75.68599700927734,True,True,46.0099983215332,0.0,68.88200378417969,True,True,59.5,-0.14999999105930328,,,,47.13800048828125,210.0019989013672,47.5880012512207,144.0,36.0,
2021-08-21 00:45:00,,,,,53.65999984741211,0.0,72.60800170898438,True,True,100.0,0.0,75.54199981689453,True,True,62.93000030517578,0.0,75.37999725341797,True,True,52.95000076293945,0.0,85.60399627685547,True,True,41.939998626708984,0.0,73.54399871826172,True,True,47.880001068115234,0.0,71.85199737548828,True,True,48.66999816894531,0.0,69.76399993896484,True,True,68.55000305175781,0.0,75.29000091552734,True,True,45.709999084472656,0.0,74.4800033569336,True,True,49.08000183105469,0.0,75.59600067138672,True,True,46.83000183105469,0.0,68.88200378417969,True,True,59.5099983215332,-0.1599999964237213,,,,48.61399841308594,210.0019989013672,48.50600051879883,144.0,36.0,
2021-08-21 01:00:00,,,,,58.29999923706055,0.0,72.64399719238281,True,True,100.0,0.0,75.61399841308594,True,True,65.87000274658203,0.0,75.37999725341797,True,True,54.709999084472656,0.0,85.47799682617188,True,True,42.66999816894531,0.0,73.5260009765625,True,True,51.29999923706055,0.0,71.76200103759766,True,True,44.790000915527344,0.0,69.70999908447266,True,True,69.8499984741211,0.0,75.27200317382812,True,True,44.95000076293945,0.0,74.40799713134766,True,True,46.880001068115234,0.0,75.61399841308594,True,True,48.58000183105469,0.0,68.88200378417969,True,True,59.529998779296875,-0.10999999940395355,,,,46.597999572753906,210.0019989013672,47.04800033569336,144.0,36.0,
2021-08-21 01:15:00,,,,,54.560001373291016,0.0,72.60800170898438,True,True,100.0,0.0,75.63200378417969,True,True,64.6500015258789,0.0,75.36199951171875,True,True,53.04999923706055,0.0,85.2979965209961,True,True,42.790000915527344,0.0,73.54399871826172,True,True,49.720001220703125,0.0,71.90599822998047,True,True,45.52000045776367,0.0,69.65599822998047,True,True,69.5999984741211,0.0,75.21800231933594,True,True,42.439998626708984,0.0,74.46199798583984,True,True,51.54999923706055,0.0,75.52400207519531,True,True,47.65999984741211,0.0,68.79199981689453,True,True,59.5,-0.1599999964237213,,,,46.36399841308594,210.0019989013672,46.79600143432617,144.0,36.0,
2021-08-21 01:30:00,,,,,54.959999084472656,0.0,72.71600341796875,True,True,100.0,0.0,75.63200378417969,True,True,64.33999633789062,0.0,75.30799865722656,True,True,52.470001220703125,0.0,85.42400360107422,True,True,46.619998931884766,0.0,73.56199645996094,True,True,49.54999923706055,0.0,71.6719970703125,True,True,47.380001068115234,0.0,69.56600189208984,True,True,66.47000122070312,0.0,75.21800231933594,True,True,44.54999923706055,0.0,74.40799713134766,True,True,45.459999084472656,0.0,75.52400207519531,True,True,48.459999084472656,0.0,68.73799896240234,True,True,59.4900016784668,-0.1599999964237213,,,,46.43600082397461,210.0019989013672,46.86800003051758,144.0,36.0,
2021-08-21 01:45:00,,,,,55.47999954223633,0.0,72.53600311279297,True,True,96.11000061035156,0.0,75.25399780273438,True,True,64.66999816894531,0.0,75.27200317382812,True,True,52.459999084472656,0.0,85.42400360107422,True,True,43.72999954223633,0.0,73.4000015258789,True,True,49.459999084472656,0.0,71.6719970703125,True,True,45.7400016784668,0.0,69.58399963378906,True,True,70.87999725341797,0.0,75.21800231933594,True,True,41.54999923706055,0.0,74.4260025024414,True,True,45.25,0.0,75.50599670410156,True,True,51.4900016784668,0.0,68.84600067138672,True,True,59.54999923706055,-0.1599999964237213,,,,46.43600082397461,210.0019989013672,46.79600143432617,136.0,34.0,
2021-08-21 02:00:00,,,,,59.2599983215332,0.0,72.51799774169922,True,True,100.0,0.0,75.4520034790039,True,True,63.310001373291016,0.0,75.25399780273438,True,True,51.779998779296875,0.0,84.8479995727539,True,True,41.810001373291016,0.0,73.38200378417969,True,True,52.959999084472656,0.0,71.63600158691406,True,True,45.130001068115234,0.0,69.69200134277344,True,True,70.29000091552734,0.0,75.25399780273438,True,True,43.72999954223633,0.0,74.37200164794922,True,True,50.04999923706055,0.0,75.37999725341797,True,True,48.2400016784668,0.0,68.88200378417969,True,True,59.5,-0.17000000178813934,,,,46.237998962402344,210.0019989013672,46.63399887084961,144.0,36.0,
2021-08-21 02:15:00,,,,,55.5099983215332,0.0,72.46399688720703,True,True,100.0,0.0,75.59600067138672,True,True,63.400001525878906,0.0,75.21800231933594,True,True,51.61000061035156,0.0,84.7040023803711,True,True,42.5099983215332,0.0,73.4000015258789,True,True,49.380001068115234,0.0,71.52799987792969,True,True,45.220001220703125,0.0,69.51200103759766,True,True,70.55000305175781,0.0,75.32599639892578,True,True,44.41999816894531,0.0,74.37200164794922,True,True,46.40999984741211,0.0,75.34400177001953,True,True,47.90999984741211,0.0,68.7020034790039,True,True,59.43000030517578,-0.14000000059604645,,,,46.14799880981445,210.0019989013672,46.58000183105469,144.0,36.0,
2021-08-21 02:30:00,,,,,56.119998931884766,0.0,72.51799774169922,True,True,100.0,0.0,75.66799926757812,True,True,65.66000366210938,0.0,75.19999694824219,True,True,50.9900016784668,0.0,84.55999755859375,True,True,42.709999084472656,0.0,73.27400207519531,True,True,50.130001068115234,0.0,71.4739990234375,True,True,45.220001220703125,0.0,69.4219970703125,True,True,68.62999725341797,0.0,74.98400115966797,True,True,44.56999969482422,0.0,74.37200164794922,True,True,47.380001068115234,0.0,75.32599639892578,True,True,46.119998931884766,0.0,68.59400177001953,True,True,59.5,-0.14000000059604645,,,,46.29199981689453,210.0019989013672,46.6879997253418,152.0,38.0,
2021-08-21 02:45:00,,,,,60.79999923706055,0.0,72.697998046875,True,True,100.0,0.0,75.81199645996094,True,True,67.8499984741211,0.0,75.19999694824219,True,True,51.43000030517578,0.0,84.48799896240234,True,True,47.869998931884766,0.0,73.23799896240234,True,True,54.150001525878906,0.0,71.31199645996094,True,True,45.59000015258789,0.0,69.36799621582031,True,True,71.45999908447266,0.0,75.23600006103516,True,True,42.650001525878906,0.0,74.24600219726562,True,True,49.4900016784668,0.0,75.34400177001953,True,True,48.79999923706055,0.0,68.41400146484375,True,True,59.4900016784668,-0.1599999964237213,,,,47.60599899291992,210.0019989013672,47.42599868774414,144.0,36.0,
2021-08-21 03:00:00,,,,,57.29999923706055,0.0,72.28399658203125,True,True,98.26000213623047,0.0,75.9739990234375,True,True,69.79000091552734,0.0,75.30799865722656,True,True,54.310001373291016,0.0,84.41600036621094,True,True,44.959999084472656,0.0,73.34600067138672,True,True,49.81999969482422,0.0,71.31199645996094,True,True,45.7599983215332,0.0,69.27799987792969,True,True,71.73999786376953,0.0,75.16400146484375,True,True,41.08000183105469,0.0,74.33599853515625,True,True,49.7599983215332,0.0,75.34400177001953,True,True,48.599998474121094,0.0,68.3239974975586,True,True,59.459999084472656,-0.1599999964237213,,,,46.5260009765625,210.0019989013672,46.95800018310547,136.0,34.0,
2021-08-21 03:15:00,,,,,57.70000076293945,0.0,72.302001953125,True,True,100.0,0.0,76.13600158691406,True,True,67.76000213623047,0.0,75.29000091552734,True,True,52.7599983215332,0.0,84.21800231933594,True,True,44.36000061035156,0.0,73.36399841308594,True,True,51.81999969482422,0.0,71.16799926757812,True,True,46.08000183105469,0.0,69.27799987792969,True,True,75.56999969482422,0.0,74.98400115966797,True,True,44.380001068115234,0.0,74.26399993896484,True,True,45.619998931884766,0.0,75.32599639892578,True,True,48.900001525878906,0.0,68.2699966430664,True,True,59.45000076293945,-0.1599999964237213,,,,46.45399856567383,210.0019989013672,46.86800003051758,144.0,36.0,
2021-08-21 03:30:00,,,,,57.5099983215332,0.0,72.28399658203125,True,True,100.0,0.0,76.02799987792969,True,True,68.66000366210938,0.0,75.25399780273438,True,True,52.939998626708984,0.0,84.18199920654297,True,True,44.56999969482422,0.0,73.38200378417969,True,True,48.2599983215332,0.0,70.86199951171875,True,True,49.31999969482422,0.0,69.13400268554688,True,True,72.05000305175781,0.0,75.14600372314453,True,True,44.439998626708984,0.0,74.37200164794922,True,True,46.11000061035156,0.0,75.41600036621094,True,True,49.400001525878906,0.0,68.08999633789062,True,True,59.56999969482422,-0.1599999964237213,,,,46.4900016784668,210.0019989013672,46.86800003051758,144.0,36.0,
2021-08-21 03:45:00,,,,,59.779998779296875,0.0,72.35600280761719,True,True,97.80000305175781,0.0,75.7760009765625,True,True,66.75,0.0,75.12799835205078,True,True,52.849998474121094,0.0,84.11000061035156,True,True,47.630001068115234,0.0,73.29199981689453,True,True,47.689998626708984,0.0,70.77200317382812,True,True,47.0099983215332,0.0,69.0979995727539,True,True,74.18000030517578,0.0,75.16400146484375,True,True,44.369998931884766,0.0,74.4260025024414,True,True,47.84000015258789,0.0,75.47000122070312,True,True,41.72999954223633,0.0,67.98200225830078,True,True,59.540000915527344,-0.1599999964237213,,,,45.84199905395508,210.0019989013672,46.183998107910156,144.0,36.0,
2021-08-21 04:00:00,,,,,60.97999954223633,0.0,72.10399627685547,True,True,100.0,0.0,75.55999755859375,True,True,66.88999938964844,0.0,75.19999694824219,True,True,51.939998626708984,0.0,84.05599975585938,True,True,45.400001525878906,0.0,73.25599670410156,True,True,47.150001525878906,0.0,70.71800231933594,True,True,46.599998474121094,0.0,68.9540023803711,True,True,70.63999938964844,0.0,75.0199966430664,True,True,44.349998474121094,0.0,74.35399627685547,True,True,44.20000076293945,0.0,75.37999725341797,True,True,49.09000015258789,0.0,67.98200225830078,True,True,59.4900016784668,-0.11999999731779099,,,,46.25600051879883,210.0019989013672,46.6879997253418,144.0,36.0,
2021-08-21 04:15:00,,,,,62.689998626708984,0.0,72.24800109863281,True,True,95.58999633789062,0.0,75.4520034790039,True,True,66.68000030517578,0.0,75.19999694824219,True,True,51.880001068115234,0.0,83.64199829101562,True,True,48.06999969482422,0.0,73.25599670410156,True,True,47.27000045776367,0.0,70.66400146484375,True,True,46.43000030517578,0.0,68.9540023803711,True,True,72.05000305175781,0.0,75.12799835205078,True,True,44.060001373291016,0.0,74.30000305175781,True,True,47.11000061035156,0.0,75.32599639892578,True,True,49.380001068115234,0.0,67.9280014038086,True,True,59.560001373291016,-0.10999999940395355,,,,46.417999267578125,210.0019989013672,46.832000732421875,144.0,36.0,
2021-08-21 04:30:00,,,,,58.58000183105469,0.0,71.6719970703125,True,True,100.0,0.0,75.7760009765625,True,True,66.12999725341797,0.0,75.19999694824219,True,True,51.849998474121094,0.0,83.46199798583984,True,True,42.68000030517578,0.0,73.12999725341797,True,True,49.7400016784668,0.0,70.59200286865234,True,True,45.7400016784668,0.0,68.77400207519531,True,True,76.48999786376953,0.0,75.03800201416016,True,True,43.459999084472656,0.0,74.24600219726562,True,True,45.18000030517578,0.0,75.27200317382812,True,True,46.29999923706055,0.0,67.74800109863281,True,True,59.560001373291016,-0.1599999964237213,,,,46.25600051879883,210.0019989013672,46.70600128173828,144.0,36.0,
2021-08-21 04:45:00,,,,,62.13999938964844,0.0,71.58200073242188,True,True,96.69999694824219,0.0,75.79399871826172,True,True,70.5199966430664,0.0,75.16400146484375,True,True,51.77000045776367,0.0,83.53399658203125,True,True,43.709999084472656,0.0,73.12999725341797,True,True,49.04999923706055,0.0,70.35800170898438,True,True,46.720001220703125,0.0,68.73799896240234,True,True,72.04000091552734,0.0,75.00199890136719,True,True,44.02000045776367,0.0,74.24600219726562,True,True,44.22999954223633,0.0,75.14600372314453,True,True,46.619998931884766,0.0,67.74800109863281,True,True,59.4900016784668,-0.17000000178813934,,,,46.327999114990234,210.0019989013672,46.77799987792969,144.0,36.0,
2021-08-21 05:00:00,,,,,58.650001525878906,0.0,71.23999786376953,True,True,95.33000183105469,0.0,75.86599731445312,True,True,71.91000366210938,0.0,75.18199920654297,True,True,52.34000015258789,0.0,83.4260025024414,True,True,47.869998931884766,0.0,73.2020034790039,True,True,55.38999938964844,0.0,70.35800170898438,True,True,47.20000076293945,0.0,68.62999725341797,True,True,71.91000366210938,0.0,75.09200286865234,True,True,44.130001068115234,0.0,74.22799682617188,True,True,47.470001220703125,0.0,75.14600372314453,True,True,48.16999816894531,0.0,67.62200164794922,True,True,59.4900016784668,-0.1599999964237213,,,,46.507999420166016,210.0019989013672,46.86800003051758,144.0,36.0,
2021-08-21 05:15:00,,,,,58.79999923706055,0.0,71.38400268554688,True,True,100.0,0.0,75.95600128173828,True,True,71.48999786376953,0.0,75.18199920654297,True,True,52.790000915527344,0.0,82.74199676513672,True,True,47.150001525878906,0.0,73.2020034790039,True,True,52.880001068115234,0.0,70.1240005493164,True,True,46.97999954223633,0.0,68.43199920654297,True,True,76.62000274658203,0.0,74.98400115966797,True,True,43.20000076293945,0.0,74.17400360107422,True,True,44.08000183105469,0.0,75.03800201416016,True,True,45.52000045776367,0.0,67.38800048828125,True,True,59.560001373291016,-0.14000000059604645,,,,46.45399856567383,210.0019989013672,46.90399932861328,136.0,34.0,
2021-08-21 05:30:00,,,,,59.599998474121094,0.0,71.88800048828125,True,True,100.0,0.0,75.99199676513672,True,True,73.30999755859375,0.0,75.19999694824219,True,True,53.0099983215332,0.0,82.70600128173828,True,True,48.47999954223633,0.0,72.98600006103516,True,True,57.119998931884766,0.0,68.50399780273438,True,True,47.150001525878906,0.0,68.28800201416016,True,True,70.33999633789062,0.0,74.96600341796875,True,True,47.0,0.0,74.26399993896484,True,True,44.560001373291016,0.0,75.09200286865234,True,True,46.54999923706055,0.0,67.20800018310547,True,True,59.540000915527344,-0.10999999940395355,,,,46.507999420166016,210.0019989013672,46.95800018310547,144.0,36.0,
2021-08-21 05:45:00,,,,,59.220001220703125,0.0,71.45600128173828,True,True,100.0,0.0,75.95600128173828,True,True,73.88999938964844,0.0,75.19999694824219,True,True,53.08000183105469,0.0,82.86799621582031,True,True,48.060001373291016,0.0,72.98600006103516,True,True,52.86000061035156,0.0,68.25199890136719,True,True,47.13999938964844,0.0,68.05400085449219,True,True,73.4000015258789,0.0,75.00199890136719,True,True,45.709999084472656,0.0,74.26399993896484,True,True,49.66999816894531,0.0,75.19999694824219,True,True,46.470001220703125,0.0,66.8479995727539,True,True,59.5099983215332,-0.14000000059604645,,,,46.27399826049805,210.0019989013672,46.6879997253418,144.0,36.0,
2021-08-21 06:00:00,,,,,58.790000915527344,0.0,70.55599975585938,True,True,100.0,0.0,75.9739990234375,True,True,73.41000366210938,0.0,75.25399780273438,True,True,53.13999938964844,0.0,82.9219970703125,True,True,47.84000015258789,0.0,72.93199920654297,True,True,54.38999938964844,0.0,67.40599822998047,True,True,47.43000030517578,0.0,67.69400024414062,True,True,81.20999908447266,0.0,74.98400115966797,True,True,41.36000061035156,0.0,74.24600219726562,True,True,45.119998931884766,0.0,75.14600372314453,True,True,46.459999084472656,0.0,66.52400207519531,True,True,59.45000076293945,-0.14999999105930328,,,,46.20199966430664,210.0019989013672,46.61600112915039,144.0,36.0,
2021-08-21 06:15:00,,,,,62.18000030517578,0.0,70.93399810791016,True,True,100.0,0.0,75.93800354003906,True,True,72.37999725341797,0.0,75.16400146484375,True,True,52.560001373291016,0.0,82.61599731445312,True,True,47.810001373291016,0.0,72.87799835205078,True,True,49.939998626708984,0.0,67.13600158691406,True,True,47.790000915527344,0.0,67.47799682617188,True,True,74.87999725341797,0.0,74.89399719238281,True,True,41.310001373291016,0.0,74.19200134277344,True,True,45.4900016784668,0.0,75.14600372314453,True,True,46.369998931884766,0.0,66.29000091552734,True,True,59.40999984741211,-0.14999999105930328,,,,45.625999450683594,210.0019989013672,46.09400177001953,136.0,34.0,
2021-08-21 06:30:00,,,,,57.869998931884766,0.0,70.89800262451172,True,True,100.0,0.0,75.9739990234375,True,True,72.6500015258789,0.0,75.16400146484375,True,True,51.79999923706055,0.0,82.07599639892578,True,True,41.970001220703125,0.0,72.84200286865234,True,True,49.77000045776367,0.0,66.7760009765625,True,True,47.15999984741211,0.0,67.31600189208984,True,True,80.91999816894531,0.0,74.73200225830078,True,True,44.400001525878906,0.0,74.20999908447266,True,True,48.47999954223633,0.0,75.14600372314453,True,True,46.060001373291016,0.0,66.14600372314453,True,True,59.470001220703125,-0.11999999731779099,,,,45.805999755859375,210.0019989013672,46.27399826049805,144.0,36.0,
2021-08-21 06:45:00,,,,,59.119998931884766,0.0,70.93399810791016,True,True,100.0,0.0,75.99199676513672,True,True,69.81999969482422,0.0,75.16400146484375,True,True,49.27000045776367,0.0,82.66999816894531,True,True,46.470001220703125,0.0,72.78800201416016,True,True,49.25,0.0,66.79399871826172,True,True,46.7400016784668,0.0,67.31600189208984,True,True,76.06999969482422,0.0,74.80400085449219,True,True,42.93000030517578,0.0,74.19200134277344,True,True,45.36000061035156,0.0,75.11000061035156,True,True,45.060001373291016,0.0,65.96600341796875,True,True,59.4900016784668,-0.11999999731779099,,,,45.481998443603516,210.0019989013672,45.91400146484375,144.0,36.0,
2021-08-21 07:00:00,,,,,52.47999954223633,0.0,71.2040023803711,True,True,100.0,0.0,76.02799987792969,True,True,67.0999984741211,0.0,75.11000061035156,True,True,46.630001068115234,0.0,81.98600006103516,True,True,42.54999923706055,0.0,72.53600311279297,True,True,47.0,0.0,66.00199890136719,True,True,45.15999984741211,0.0,66.95600128173828,True,True,75.58000183105469,0.0,74.89399719238281,True,True,41.5099983215332,0.0,74.15599822998047,True,True,51.150001525878906,0.0,75.0739974975586,True,True,58.09000015258789,0.0,65.66000366210938,True,True,59.470001220703125,-0.1599999964237213,,,,43.80799865722656,210.0019989013672,44.4739990234375,144.0,36.0,
2021-08-21 07:15:00,,,,,46.220001220703125,0.0,71.7979965209961,True,True,100.0,0.0,76.06400299072266,True,True,59.41999816894531,0.0,75.09200286865234,True,True,42.59000015258789,0.0,81.5719985961914,True,True,36.93000030517578,0.0,72.51799774169922,True,True,42.869998931884766,0.0,66.25399780273438,True,True,43.97999954223633,0.0,66.72200012207031,True,True,74.5,0.0,74.947998046875,True,True,42.9900016784668,0.0,74.15599822998047,True,True,42.310001373291016,0.0,74.98400115966797,True,True,43.54999923706055,0.0,65.4260025024414,True,True,59.470001220703125,-0.11999999731779099,,,,40.981998443603516,210.0019989013672,41.41400146484375,144.0,36.0,
2021-08-21 07:30:00,,,,,60.9900016784668,0.0,72.08599853515625,True,True,100.0,0.0,75.81199645996094,True,True,74.81999969482422,0.0,75.05599975585938,True,True,46.869998931884766,0.0,81.3740005493164,True,True,57.599998474121094,0.0,72.60800170898438,True,True,48.27000045776367,0.0,66.16400146484375,True,True,42.779998779296875,0.0,66.43399810791016,True,True,70.27999877929688,0.0,74.78600311279297,True,True,39.72999954223633,0.0,74.10199737548828,True,True,42.959999084472656,0.0,74.98400115966797,True,True,45.16999816894531,0.0,65.26399993896484,True,True,59.4900016784668,-0.09999999403953552,,,,44.2760009765625,210.0019989013672,45.26599884033203,144.0,36.0,
2021-08-21 07:45:00,,,,,55.439998626708984,0.0,71.56400299072266,True,True,100.0,0.0,75.8479995727539,True,True,60.869998931884766,0.0,75.03800201416016,True,True,43.7599983215332,0.0,81.73400115966797,True,True,36.939998626708984,0.0,72.48200225830078,True,True,43.2400016784668,0.0,66.03800201416016,True,True,40.630001068115234,0.0,66.36199951171875,True,True,72.19000244140625,0.0,74.83999633789062,True,True,36.95000076293945,0.0,74.12000274658203,True,True,44.75,0.0,74.98400115966797,True,True,41.47999954223633,0.0,64.90399932861328,True,True,59.540000915527344,-0.17000000178813934,,,,42.74599838256836,210.0019989013672,43.231998443603516,144.0,36.0,
2021-08-21 08:00:00,,,,,49.439998626708984,0.0,71.52799987792969,True,True,94.48999786376953,0.0,75.95600128173828,True,True,56.470001220703125,0.0,75.00199890136719,True,True,41.369998931884766,0.0,81.44599914550781,True,True,37.08000183105469,0.0,72.4280014038086,True,True,42.04999923706055,0.0,66.0739974975586,True,True,39.34000015258789,0.0,66.27200317382812,True,True,59.66999816894531,0.0,74.66000366210938,True,True,36.9900016784668,0.0,74.08399963378906,True,True,37.58000183105469,0.0,74.98400115966797,True,True,41.189998626708984,0.0,64.94000244140625,True,True,59.5,-0.11999999731779099,,,,41.70199966430664,210.0019989013672,42.08000183105469,144.0,36.0,
2021-08-21 08:15:00,,,,,45.540000915527344,0.0,71.52799987792969,True,True,97.75,0.0,75.95600128173828,True,True,56.58000183105469,0.0,74.98400115966797,True,True,41.060001373291016,0.0,82.04000091552734,True,True,62.150001525878906,0.0,72.53600311279297,True,True,42.47999954223633,0.0,66.75800323486328,True,True,41.22999954223633,0.0,66.25399780273438,True,True,67.4800033569336,0.0,74.53399658203125,True,True,40.43000030517578,0.0,74.12000274658203,True,True,45.66999816894531,0.0,74.96600341796875,True,True,41.9900016784668,0.0,64.95800018310547,True,True,59.54999923706055,-0.1599999964237213,,,,41.827999114990234,210.0019989013672,42.349998474121094,136.0,34.0,
2021-08-21 08:30:00,,,,,45.880001068115234,0.0,71.99600219726562,True,True,100.0,0.0,76.01000213623047,True,True,54.779998779296875,0.0,75.00199890136719,True,True,40.290000915527344,0.0,81.80599975585938,True,True,36.540000915527344,0.0,72.60800170898438,True,True,40.68000030517578,0.0,66.21800231933594,True,True,38.9900016784668,0.0,66.50599670410156,True,True,61.5099983215332,0.0,74.6240005493164,True,True,39.5099983215332,0.0,74.0479965209961,True,True,38.560001373291016,0.0,74.85800170898438,True,True,46.81999969482422,0.0,65.0479965209961,True,True,59.5,-0.14000000059604645,,,,41.630001068115234,210.0019989013672,42.04399871826172,144.0,36.0,
2021-08-21 08:45:00,,,,,50.08000183105469,0.0,71.09600067138672,True,True,100.0,0.0,75.9739990234375,True,True,50.869998931884766,0.0,74.93000030517578,True,True,38.38999938964844,0.0,82.00399780273438,True,True,36.13999938964844,0.0,72.64399719238281,True,True,38.06999969482422,0.0,67.20800018310547,True,True,39.810001373291016,0.0,66.5780029296875,True,True,57.130001068115234,0.0,74.71399688720703,True,True,36.11000061035156,0.0,74.01200103759766,True,True,40.29999923706055,0.0,74.91200256347656,True,True,39.45000076293945,0.0,65.24600219726562,True,True,59.43000030517578,-0.20999999344348907,,,,41.395999908447266,210.0019989013672,41.827999114990234,144.0,36.0,
2021-08-21 09:00:00,,,,,45.599998474121094,0.0,71.69000244140625,True,True,100.0,0.0,75.79399871826172,True,True,55.79999923706055,0.0,75.00199890136719,True,True,42.130001068115234,0.0,82.22000122070312,True,True,40.0099983215332,0.0,72.73400115966797,True,True,42.34000015258789,0.0,67.94599914550781,True,True,40.15999984741211,0.0,66.61399841308594,True,True,53.97999954223633,0.0,74.6780014038086,True,True,35.810001373291016,0.0,74.0479965209961,True,True,41.83000183105469,0.0,74.80400085449219,True,True,43.4900016784668,0.0,65.49800109863281,True,True,59.470001220703125,-0.11999999731779099,,,,44.20399856567383,210.0019989013672,44.4379997253418,144.0,36.0,
2021-08-21 09:15:00,,,,,52.93000030517578,0.0,71.6719970703125,True,True,100.0,0.0,75.61399841308594,True,True,61.5099983215332,0.0,75.05599975585938,True,True,47.369998931884766,0.0,83.10199737548828,True,True,38.72999954223633,0.0,72.96800231933594,True,True,48.65999984741211,0.0,68.39600372314453,True,True,37.939998626708984,0.0,66.73999786376953,True,True,52.91999816894531,0.0,74.8759994506836,True,True,34.61000061035156,0.0,74.02999877929688,True,True,36.29999923706055,0.0,74.78600311279297,True,True,40.150001525878906,0.0,65.6240005493164,True,True,59.54999923706055,-0.14000000059604645,,,,44.02399826049805,210.0019989013672,44.2400016784668,144.0,36.0,
2021-08-21 09:30:00,,,,,47.25,0.0,71.88800048828125,True,True,100.0,0.0,75.7760009765625,True,True,59.709999084472656,0.0,75.12799835205078,True,True,46.79999923706055,0.0,83.28199768066406,True,True,40.88999938964844,0.0,72.80599975585938,True,True,46.59000015258789,0.0,69.16999816894531,True,True,38.88999938964844,0.0,66.66799926757812,True,True,53.11000061035156,0.0,74.83999633789062,True,True,37.709999084472656,0.0,74.01200103759766,True,True,39.20000076293945,0.0,74.73200225830078,True,True,39.060001373291016,0.0,65.46199798583984,True,True,59.470001220703125,-0.11999999731779099,,,,44.45600128173828,210.0019989013672,44.94200134277344,136.0,34.0,
2021-08-21 09:45:00,,,,,44.150001525878906,0.0,72.6259994506836,True,True,100.0,0.0,75.79399871826172,True,True,57.619998931884766,0.0,75.16400146484375,True,True,47.36000061035156,0.0,83.8219985961914,True,True,38.11000061035156,0.0,73.00399780273438,True,True,44.959999084472656,0.0,69.0979995727539,True,True,45.2599983215332,0.0,66.99199676513672,True,True,53.75,0.0,74.76799774169922,True,True,41.91999816894531,0.0,74.0479965209961,True,True,35.810001373291016,0.0,74.73200225830078,True,True,45.02000045776367,0.0,66.21800231933594,True,True,59.560001373291016,-0.11999999731779099,,,,46.61600112915039,210.0019989013672,46.86800003051758,144.0,36.0,
2021-08-21 10:00:00,,,,,47.900001525878906,0.0,72.6259994506836,True,True,100.0,0.0,75.81199645996094,True,True,60.400001525878906,0.0,75.09200286865234,True,True,49.72999954223633,0.0,84.23600006103516,True,True,39.849998474121094,0.0,73.04000091552734,True,True,45.16999816894531,0.0,69.90799713134766,True,True,40.95000076293945,0.0,67.13600158691406,True,True,58.59000015258789,0.0,74.947998046875,True,True,42.88999938964844,0.0,74.12000274658203,True,True,42.689998626708984,0.0,74.8219985961914,True,True,43.61000061035156,0.0,66.55999755859375,True,True,59.4900016784668,-0.14999999105930328,,,,45.805999755859375,210.0019989013672,46.05799865722656,144.0,36.0,
2021-08-21 10:15:00,,,,,54.9900016784668,0.0,73.70600128173828,True,True,100.0,0.0,75.81199645996094,True,True,60.11000061035156,0.0,75.12799835205078,True,True,49.880001068115234,0.0,84.54199981689453,True,True,41.459999084472656,0.0,73.38200378417969,True,True,46.470001220703125,0.0,71.38400268554688,True,True,40.88999938964844,0.0,67.62200164794922,True,True,54.75,0.0,74.8219985961914,True,True,38.959999084472656,0.0,74.10199737548828,True,True,42.09000015258789,0.0,74.80400085449219,True,True,43.65999984741211,0.0,66.91999816894531,True,True,59.54999923706055,-0.10999999940395355,,,,45.03200149536133,210.0019989013672,45.5359992980957,144.0,36.0,
2021-08-21 10:30:00,,,,,46.65999984741211,0.0,73.4000015258789,True,True,100.0,0.0,75.81199645996094,True,True,59.25,0.0,75.0739974975586,True,True,49.290000915527344,0.0,84.7040023803711,True,True,44.849998474121094,0.0,73.43599700927734,True,True,49.08000183105469,0.0,71.56400299072266,True,True,43.77000045776367,0.0,68.28800201416016,True,True,52.04999923706055,0.0,74.947998046875,True,True,40.61000061035156,0.0,74.19200134277344,True,True,37.119998931884766,0.0,74.91200256347656,True,True,44.59000015258789,0.0,67.74800109863281,True,True,59.529998779296875,-0.14999999105930328,,,,44.92399978637695,210.0019989013672,45.374000549316406,144.0,36.0,
2021-08-21 10:45:00,,,,,50.869998931884766,0.0,74.0479965209961,True,True,100.0,0.0,75.7760009765625,True,True,59.939998626708984,0.0,75.18199920654297,True,True,49.34000015258789,0.0,85.35199737548828,True,True,43.15999984741211,0.0,73.43599700927734,True,True,49.560001373291016,0.0,72.13999938964844,True,True,45.06999969482422,0.0,68.77400207519531,True,True,55.65999984741211,0.0,75.0739974975586,True,True,41.84000015258789,0.0,74.19200134277344,True,True,46.95000076293945,0.0,74.91200256347656,True,True,46.29999923706055,0.0,68.73799896240234,True,True,59.5,-0.14999999105930328,,,,44.72600173950195,210.0019989013672,45.194000244140625,144.0,36.0,
2021-08-21 11:00:00,,,,,45.4900016784668,0.0,74.49800109863281,True,True,100.0,0.0,75.75800323486328,True,True,60.209999084472656,0.0,75.18199920654297,True,True,48.79999923706055,0.0,85.38800048828125,True,True,42.95000076293945,0.0,73.43599700927734,True,True,48.54999923706055,0.0,72.64399719238281,True,True,44.689998626708984,0.0,69.27799987792969,True,True,65.3499984741211,0.0,75.0739974975586,True,True,41.84000015258789,0.0,74.19200134277344,True,True,49.970001220703125,0.0,74.98400115966797,True,True,44.25,0.0,69.2239990234375,True,True,59.459999084472656,-0.1599999964237213,,,,44.672000885009766,210.0019989013672,45.08599853515625,136.0,34.0,
2021-08-21 11:15:00,,,,,50.4900016784668,0.0,74.56999969482422,True,True,100.0,0.0,75.81199645996094,True,True,58.369998931884766,0.0,75.12799835205078,True,True,49.04999923706055,0.0,85.38800048828125,True,True,43.7599983215332,0.0,73.68800354003906,True,True,44.380001068115234,0.0,72.697998046875,True,True,43.290000915527344,0.0,69.99800109863281,True,True,53.47999954223633,0.0,75.0739974975586,True,True,42.630001068115234,0.0,74.19200134277344,True,True,41.400001525878906,0.0,75.0199966430664,True,True,44.61000061035156,0.0,70.26799774169922,True,True,59.54999923706055,-0.14000000059604645,,,,44.779998779296875,210.0019989013672,45.15800094604492,152.0,38.0,
2021-08-21 11:30:00,,,,,47.689998626708984,0.0,74.35399627685547,True,True,100.0,0.0,75.81199645996094,True,True,58.400001525878906,0.0,75.21800231933594,True,True,48.88999938964844,0.0,85.51399993896484,True,True,38.58000183105469,0.0,73.63400268554688,True,True,44.70000076293945,0.0,72.8239974975586,True,True,41.880001068115234,0.0,70.3219985961914,True,True,53.900001525878906,0.0,75.09200286865234,True,True,35.529998779296875,0.0,74.19200134277344,True,True,43.34000015258789,0.0,74.98400115966797,True,True,44.060001373291016,0.0,70.447998046875,True,True,59.470001220703125,-0.1599999964237213,,,,44.70800018310547,210.0019989013672,45.08599853515625,144.0,36.0,
2021-08-21 11:45:00,,,,,45.13999938964844,0.0,74.4260025024414,True,True,100.0,0.0,75.50599670410156,True,True,57.08000183105469,0.0,75.18199920654297,True,True,51.11000061035156,0.0,85.60399627685547,True,True,42.119998931884766,0.0,73.63400268554688,True,True,43.599998474121094,0.0,72.93199920654297,True,True,43.27000045776367,0.0,70.46600341796875,True,True,58.65999984741211,0.0,75.14600372314453,True,True,42.52000045776367,0.0,74.20999908447266,True,True,43.33000183105469,0.0,75.0199966430664,True,True,43.61000061035156,0.0,70.5739974975586,True,True,59.5099983215332,-0.17000000178813934,,,,44.599998474121094,210.0019989013672,44.94200134277344,144.0,36.0,
2021-08-21 12:00:00,,,,,49.43000030517578,0.0,75.00199890136719,True,True,98.5,0.0,75.9020004272461,True,True,57.650001525878906,0.0,75.18199920654297,True,True,47.689998626708984,0.0,85.44200134277344,True,True,39.27000045776367,0.0,73.66999816894531,True,True,43.2400016784668,0.0,73.50800323486328,True,True,41.9900016784668,0.0,70.84400177001953,True,True,63.40999984741211,0.0,75.27200317382812,True,True,37.619998931884766,0.0,74.19200134277344,True,True,38.61000061035156,0.0,74.96600341796875,True,True,44.04999923706055,0.0,70.98799896240234,True,True,59.4900016784668,-0.1599999964237213,,,,44.52799987792969,210.0019989013672,44.94200134277344,136.0,34.0,
2021-08-21 12:15:00,,,,,44.959999084472656,0.0,75.54199981689453,True,True,97.7699966430664,0.0,75.81199645996094,True,True,56.65999984741211,0.0,75.18199920654297,True,True,47.380001068115234,0.0,85.24400329589844,True,True,42.0099983215332,0.0,73.74199676513672,True,True,42.560001373291016,0.0,73.25599670410156,True,True,40.70000076293945,0.0,70.71800231933594,True,True,57.70000076293945,0.0,75.16400146484375,True,True,38.22999954223633,0.0,74.19200134277344,True,True,38.52000045776367,0.0,74.96600341796875,True,True,43.290000915527344,0.0,70.62799835205078,True,True,59.470001220703125,-0.14000000059604645,,,,43.987998962402344,210.0019989013672,44.4739990234375,144.0,36.0,
2021-08-21 12:30:00,,,,,46.529998779296875,0.0,75.37999725341797,True,True,94.73999786376953,0.0,75.7760009765625,True,True,53.060001373291016,0.0,75.12799835205078,True,True,45.63999938964844,0.0,85.20800018310547,True,True,41.58000183105469,0.0,73.74199676513672,True,True,41.560001373291016,0.0,74.37200164794922,True,True,39.900001525878906,0.0,71.25800323486328,True,True,54.45000076293945,0.0,75.14600372314453,True,True,38.79999923706055,0.0,74.22799682617188,True,True,43.540000915527344,0.0,74.98400115966797,True,True,42.54999923706055,0.0,71.29399871826172,True,True,59.45000076293945,-0.1899999976158142,,,,41.86399841308594,210.0019989013672,42.49399948120117,144.0,36.0,
2021-08-21 12:45:00,,,,,47.16999816894531,0.0,75.63200378417969,True,True,95.5199966430664,0.0,75.95600128173828,True,True,54.95000076293945,0.0,75.19999694824219,True,True,42.310001373291016,0.0,85.42400360107422,True,True,40.380001068115234,0.0,73.76000213623047,True,True,47.88999938964844,0.0,76.01000213623047,True,True,40.349998474121094,0.0,71.4020004272461,True,True,53.20000076293945,0.0,75.30799865722656,True,True,39.13999938964844,0.0,74.22799682617188,True,True,46.150001525878906,0.0,75.05599975585938,True,True,42.18000030517578,0.0,71.52799987792969,True,True,59.5,-0.1899999976158142,,,,43.358001708984375,210.0019989013672,43.82600021362305,144.0,36.0,
2021-08-21 13:00:00,,,,,39.40999984741211,0.0,75.9020004272461,True,True,100.0,0.0,75.88400268554688,True,True,54.72999954223633,0.0,75.14600372314453,True,True,43.72999954223633,0.0,86.1259994506836,True,True,44.34000015258789,0.0,73.83200073242188,True,True,47.5099983215332,0.0,76.08200073242188,True,True,40.09000015258789,0.0,71.74400329589844,True,True,56.15999984741211,0.0,75.19999694824219,True,True,38.7599983215332,0.0,74.22799682617188,True,True,44.54999923706055,0.0,75.03800201416016,True,True,41.369998931884766,0.0,72.24800109863281,True,True,59.5099983215332,-0.14999999105930328,,,,42.332000732421875,210.0019989013672,42.83599853515625,144.0,36.0,
2021-08-21 13:15:00,,,,,38.5099983215332,0.0,76.65799713134766,True,True,100.0,0.0,75.95600128173828,True,True,52.130001068115234,0.0,75.23600006103516,True,True,42.5,0.0,86.64800262451172,True,True,39.81999969482422,0.0,73.88600158691406,True,True,47.58000183105469,0.0,77.2699966430664,True,True,38.20000076293945,0.0,72.03199768066406,True,True,55.630001068115234,0.0,75.27200317382812,True,True,33.15999984741211,0.0,74.19200134277344,True,True,38.02000045776367,0.0,75.09200286865234,True,True,39.59000015258789,0.0,72.24800109863281,True,True,59.5,-0.09999999403953552,,,,40.891998291015625,210.0019989013672,41.46799850463867,136.0,34.0,
2021-08-21 13:30:00,,,,,41.439998626708984,0.0,76.802001953125,True,True,100.0,0.0,75.7760009765625,True,True,52.06999969482422,0.0,75.21800231933594,True,True,39.08000183105469,0.0,85.98200225830078,True,True,41.84000015258789,0.0,73.86799621582031,True,True,43.27000045776367,0.0,77.93599700927734,True,True,41.02000045776367,0.0,72.64399719238281,True,True,52.25,0.0,75.12799835205078,True,True,39.34000015258789,0.0,74.31800079345703,True,True,46.2400016784668,0.0,75.27200317382812,True,True,45.599998474121094,0.0,72.80599975585938,True,True,59.540000915527344,-0.10999999940395355,,,,43.0880012512207,210.0019989013672,43.736000061035156,152.0,38.0,
2021-08-21 13:45:00,,,,,46.5,0.0,76.94599914550781,True,True,100.0,0.0,76.13600158691406,True,True,50.88999938964844,0.0,75.27200317382812,True,True,41.77000045776367,0.0,86.1259994506836,True,True,40.58000183105469,0.0,73.86799621582031,True,True,69.41000366210938,0.0,78.11599731445312,True,True,40.349998474121094,0.0,72.87799835205078,True,True,54.119998931884766,0.0,75.32599639892578,True,True,39.34000015258789,0.0,74.33599853515625,True,True,40.560001373291016,0.0,75.27200317382812,True,True,40.7599983215332,0.0,73.04000091552734,True,True,59.4900016784668,-0.1599999964237213,,,,42.60200119018555,210.0019989013672,42.99800109863281,144.0,36.0,
2021-08-21 14:00:00,,,,,43.29999923706055,0.0,76.802001953125,True,True,96.5199966430664,0.0,76.15399932861328,True,True,53.2400016784668,0.0,75.25399780273438,True,True,42.380001068115234,0.0,86.88200378417969,True,True,41.290000915527344,0.0,73.86799621582031,True,True,48.27000045776367,0.0,77.59400177001953,True,True,37.79999923706055,0.0,73.83200073242188,True,True,53.040000915527344,0.0,75.41600036621094,True,True,39.84000015258789,0.0,74.40799713134766,True,True,39.369998931884766,0.0,75.41600036621094,True,True,44.040000915527344,0.0,74.12000274658203,True,True,59.5099983215332,-0.11999999731779099,,,,43.2859992980957,210.0019989013672,43.62799835205078,136.0,34.0,
2021-08-21 14:15:00,,,,,43.34000015258789,0.0,76.60399627685547,True,True,100.0,0.0,76.0459976196289,True,True,53.15999984741211,0.0,75.29000091552734,True,True,42.08000183105469,0.0,86.14399719238281,True,True,40.95000076293945,0.0,73.95800018310547,True,True,43.290000915527344,0.0,78.0260009765625,True,True,41.7400016784668,0.0,73.63400268554688,True,True,53.4900016784668,0.0,75.4520034790039,True,True,40.4900016784668,0.0,74.4260025024414,True,True,42.38999938964844,0.0,75.41600036621094,True,True,45.779998779296875,0.0,73.99400329589844,True,True,59.470001220703125,-0.14000000059604645,,,,43.465999603271484,210.0019989013672,43.970001220703125,144.0,36.0,
2021-08-21 14:30:00,,,,,37.5099983215332,0.0,76.98200225830078,True,True,100.0,0.0,75.9739990234375,True,True,50.130001068115234,0.0,75.19999694824219,True,True,41.31999969482422,0.0,87.0979995727539,True,True,43.9900016784668,0.0,73.99400329589844,True,True,42.90999984741211,0.0,78.38600158691406,True,True,40.529998779296875,0.0,73.54399871826172,True,True,52.91999816894531,0.0,75.43399810791016,True,True,42.77000045776367,0.0,74.40799713134766,True,True,43.79999923706055,0.0,75.4520034790039,True,True,40.029998779296875,0.0,73.43599700927734,True,True,59.529998779296875,-0.10999999940395355,,,,41.125999450683594,210.0019989013672,41.66600036621094,144.0,36.0,
2021-08-21 14:45:00,,,,,42.0,0.0,77.30599975585938,True,True,100.0,0.0,78.0979995727539,True,True,47.65999984741211,0.0,75.27200317382812,True,True,37.83000183105469,0.0,84.95600128173828,True,True,41.790000915527344,0.0,74.0479965209961,True,True,40.7400016784668,0.0,77.8280029296875,True,True,41.279998779296875,0.0,73.54399871826172,True,True,57.279998779296875,0.0,75.47000122070312,True,True,40.400001525878906,0.0,74.40799713134766,True,True,37.59000015258789,0.0,75.52400207519531,True,True,40.84000015258789,0.0,73.4540023803711,True,True,59.5,-0.19999998807907104,,,,42.2239990234375,210.0019989013672,42.512001037597656,144.0,36.0,
2021-08-21 15:00:00,,,,,44.27000045776367,0.0,77.14399719238281,True,True,100.0,0.0,77.61199951171875,True,True,49.41999816894531,0.0,75.27200317382812,True,True,38.849998474121094,0.0,85.06400299072266,True,True,41.52000045776367,0.0,74.02999877929688,True,True,46.150001525878906,0.0,78.31400299072266,True,True,41.68000030517578,0.0,73.95800018310547,True,True,52.529998779296875,0.0,75.52400207519531,True,True,40.88999938964844,0.0,74.46199798583984,True,True,36.13999938964844,0.0,75.52400207519531,True,True,43.0,0.0,74.19200134277344,True,True,59.459999084472656,-0.11999999731779099,,,,40.981998443603516,210.0019989013672,41.55799865722656,144.0,36.0,
2021-08-21 15:15:00,,,,,46.7400016784668,0.0,77.55799865722656,True,True,100.0,0.0,77.9540023803711,True,True,52.470001220703125,0.0,75.29000091552734,True,True,39.83000183105469,0.0,85.20800018310547,True,True,43.02000045776367,0.0,74.0479965209961,True,True,46.380001068115234,0.0,77.77400207519531,True,True,38.290000915527344,0.0,74.44400024414062,True,True,52.439998626708984,0.0,75.39800262451172,True,True,44.63999938964844,0.0,74.4800033569336,True,True,34.689998626708984,0.0,75.59600067138672,True,True,49.5099983215332,0.0,74.4800033569336,True,True,59.470001220703125,-0.14999999105930328,,,,43.68199920654297,210.0019989013672,44.13199996948242,144.0,36.0,
2021-08-21 15:30:00,,,,,42.88999938964844,0.0,78.08000183105469,True,True,100.0,0.0,79.59200286865234,True,True,51.650001525878906,0.0,75.37999725341797,True,True,40.72999954223633,0.0,85.11799621582031,True,True,40.54999923706055,0.0,74.10199737548828,True,True,47.25,0.0,78.38600158691406,True,True,38.599998474121094,0.0,74.58799743652344,True,True,53.47999954223633,0.0,75.4520034790039,True,True,38.34000015258789,0.0,74.4800033569336,True,True,41.869998931884766,0.0,75.5780029296875,True,True,43.720001220703125,0.0,74.552001953125,True,True,59.529998779296875,-0.10999999940395355,,,,42.944000244140625,210.0019989013672,43.59199905395508,144.0,36.0,
2021-08-21 15:45:00,,,,,44.470001220703125,0.0,77.9000015258789,True,True,87.31999969482422,0.0,79.3759994506836,True,True,47.81999969482422,0.0,75.30799865722656,True,True,39.45000076293945,0.0,85.42400360107422,True,True,39.08000183105469,0.0,74.12000274658203,True,True,43.380001068115234,0.0,78.38600158691406,True,True,37.83000183105469,0.0,74.60600280761719,True,True,50.16999816894531,0.0,75.52400207519531,True,True,43.689998626708984,0.0,74.56999969482422,True,True,40.20000076293945,0.0,75.63200378417969,True,True,47.15999984741211,0.0,74.37200164794922,True,True,59.459999084472656,-0.14000000059604645,,,,41.34199905395508,210.0019989013672,41.25199890136719,144.0,36.0,
2021-08-21 16:00:00,,,,,41.540000915527344,0.0,77.54000091552734,True,True,87.43000030517578,0.0,78.83599853515625,True,True,51.560001373291016,0.0,75.34400177001953,True,True,40.029998779296875,0.0,86.03600311279297,True,True,40.970001220703125,0.0,74.06600189208984,True,True,44.560001373291016,0.0,78.2959976196289,True,True,39.06999969482422,0.0,74.33599853515625,True,True,57.15999984741211,0.0,75.6500015258789,True,True,42.83000183105469,0.0,74.6240005493164,True,True,40.27000045776367,0.0,75.75800323486328,True,True,49.689998626708984,0.0,74.12000274658203,True,True,59.5099983215332,-0.1599999964237213,,,,42.0620002746582,210.0019989013672,42.58399963378906,144.0,36.0,
2021-08-21 16:15:00,,,,,38.90999984741211,0.0,77.88200378417969,True,True,84.2699966430664,0.0,77.88200378417969,True,True,50.150001525878906,0.0,75.34400177001953,True,True,38.939998626708984,0.0,86.36000061035156,True,True,41.11000061035156,0.0,74.17400360107422,True,True,42.540000915527344,0.0,78.47599792480469,True,True,37.869998931884766,0.0,74.56999969482422,True,True,57.470001220703125,0.0,75.63200378417969,True,True,47.060001373291016,0.0,74.6240005493164,True,True,40.88999938964844,0.0,75.81199645996094,True,True,49.59000015258789,0.0,74.83999633789062,True,True,59.470001220703125,-0.1599999964237213,,,,43.2140007019043,210.0019989013672,43.53799819946289,144.0,36.0,
2021-08-21 16:30:00,,,,,44.20000076293945,0.0,77.10800170898438,True,True,93.91000366210938,0.0,76.38800048828125,True,True,52.599998474121094,0.0,75.29000091552734,True,True,40.369998931884766,0.0,85.24400329589844,True,True,45.709999084472656,0.0,74.12000274658203,True,True,43.66999816894531,0.0,77.46800231933594,True,True,40.91999816894531,0.0,74.20999908447266,True,True,52.47999954223633,0.0,75.5780029296875,True,True,41.959999084472656,0.0,74.51599884033203,True,True,36.93000030517578,0.0,75.81199645996094,True,True,43.66999816894531,0.0,73.99400329589844,True,True,59.529998779296875,-0.1599999964237213,,,,44.94200134277344,210.0019989013672,45.301998138427734,144.0,36.0,
2021-08-21 16:45:00,,,,,42.68000030517578,0.0,76.74800109863281,True,True,97.98999786376953,0.0,75.86599731445312,True,True,51.13999938964844,0.0,75.30799865722656,True,True,40.95000076293945,0.0,86.3239974975586,True,True,41.0,0.0,74.17400360107422,True,True,48.630001068115234,0.0,77.88200378417969,True,True,40.939998626708984,0.0,74.17400360107422,True,True,50.040000915527344,0.0,75.68599700927734,True,True,36.08000183105469,0.0,74.71399688720703,True,True,45.189998626708984,0.0,75.81199645996094,True,True,46.279998779296875,0.0,74.30000305175781,True,True,59.45000076293945,-0.17000000178813934,,,,43.77199935913086,210.0019989013672,44.3120002746582,144.0,36.0,
2021-08-21 17:00:00,,,,,41.77000045776367,0.0,76.47799682617188,True,True,100.0,0.0,75.30799865722656,True,True,48.36000061035156,0.0,75.25399780273438,True,True,39.06999969482422,0.0,86.52200317382812,True,True,40.59000015258789,0.0,74.12000274658203,True,True,45.790000915527344,0.0,77.30599975585938,True,True,41.58000183105469,0.0,73.83200073242188,True,True,51.560001373291016,0.0,75.66799926757812,True,True,45.02000045776367,0.0,74.51599884033203,True,True,59.13999938964844,0.0,75.88400268554688,True,True,46.36000061035156,0.0,73.63400268554688,True,True,59.529998779296875,-0.1599999964237213,,,,40.801998138427734,210.0019989013672,41.37799835205078,144.0,36.0,
2021-08-21 17:15:00,,,,,45.5,0.0,76.08200073242188,True,True,95.83000183105469,0.0,75.5780029296875,True,True,52.54999923706055,0.0,75.30799865722656,True,True,39.43000030517578,0.0,86.2699966430664,True,True,58.15999984741211,0.0,74.06600189208984,True,True,45.349998474121094,0.0,76.76599884033203,True,True,42.650001525878906,0.0,73.5979995727539,True,True,56.38999938964844,0.0,75.68599700927734,True,True,40.2599983215332,0.0,74.6240005493164,True,True,41.220001220703125,0.0,75.88400268554688,True,True,45.650001525878906,0.0,73.23799896240234,True,True,59.4900016784668,-0.17000000178813934,,,,43.48400115966797,210.0019989013672,43.95199966430664,144.0,36.0,
2021-08-21 17:30:00,,,,,39.9900016784668,0.0,75.12799835205078,True,True,95.87000274658203,0.0,75.59600067138672,True,True,50.66999816894531,0.0,75.30799865722656,True,True,41.2400016784668,0.0,86.10800170898438,True,True,41.54999923706055,0.0,73.99400329589844,True,True,46.52000045776367,0.0,76.33399963378906,True,True,41.02000045776367,0.0,73.50800323486328,True,True,52.29999923706055,0.0,75.68599700927734,True,True,42.650001525878906,0.0,74.552001953125,True,True,45.20000076293945,0.0,75.88400268554688,True,True,47.630001068115234,0.0,73.22000122070312,True,True,59.45000076293945,-0.17000000178813934,,,,43.034000396728516,210.0019989013672,43.43000030517578,144.0,36.0,
2021-08-21 17:45:00,,,,,45.86000061035156,0.0,75.0199966430664,True,True,98.7699966430664,0.0,75.68599700927734,True,True,48.380001068115234,0.0,75.30799865722656,True,True,40.36000061035156,0.0,85.94599914550781,True,True,38.369998931884766,0.0,73.99400329589844,True,True,47.630001068115234,0.0,76.13600158691406,True,True,37.540000915527344,0.0,73.25599670410156,True,True,49.90999984741211,0.0,75.48799896240234,True,True,38.59000015258789,0.0,74.4260025024414,True,True,43.880001068115234,0.0,75.81199645996094,True,True,41.689998626708984,0.0,72.84200286865234,True,True,59.599998474121094,-0.17000000178813934,,,,42.04399871826172,210.0019989013672,42.54800033569336,144.0,36.0,
2021-08-21 18:00:00,,,,,38.83000183105469,0.0,74.38999938964844,True,True,94.33000183105469,0.0,75.5780029296875,True,True,45.869998931884766,0.0,75.18199920654297,True,True,38.43000030517578,0.0,85.802001953125,True,True,37.209999084472656,0.0,73.94000244140625,True,True,41.150001525878906,0.0,75.59600067138672,True,True,42.41999816894531,0.0,72.75199890136719,True,True,55.11000061035156,0.0,75.52400207519531,True,True,42.150001525878906,0.0,74.49800109863281,True,True,36.099998474121094,0.0,75.72200012207031,True,True,41.13999938964844,0.0,72.12200164794922,True,True,59.5,-0.1599999964237213,,,,40.928001403808594,210.0019989013672,41.32400131225586,144.0,36.0,
2021-08-21 18:15:00,,,,,52.540000915527344,0.0,74.53399658203125,True,True,100.0,0.0,75.21800231933594,True,True,64.1500015258789,0.0,75.30799865722656,True,True,43.91999816894531,0.0,85.7300033569336,True,True,49.15999984741211,0.0,73.95800018310547,True,True,48.0,0.0,75.0199966430664,True,True,41.65999984741211,0.0,72.35600280761719,True,True,49.7599983215332,0.0,75.68599700927734,True,True,40.75,0.0,74.53399658203125,True,True,35.619998931884766,0.0,75.72200012207031,True,True,41.290000915527344,0.0,71.63600158691406,True,True,59.439998626708984,-0.14999999105930328,,,,45.391998291015625,210.0019989013672,45.95000076293945,144.0,36.0,
2021-08-21 18:30:00,,,,,41.790000915527344,0.0,74.64199829101562,True,True,100.0,0.0,75.27200317382812,True,True,47.02000045776367,0.0,75.30799865722656,True,True,38.25,0.0,85.38800048828125,True,True,40.56999969482422,0.0,73.7959976196289,True,True,42.810001373291016,0.0,74.53399658203125,True,True,40.060001373291016,0.0,72.19400024414062,True,True,50.29999923706055,0.0,75.43399810791016,True,True,39.310001373291016,0.0,74.46199798583984,True,True,35.65999984741211,0.0,75.59600067138672,True,True,39.38999938964844,0.0,71.43800354003906,True,True,59.459999084472656,-0.14999999105930328,,,,41.86399841308594,210.0019989013672,42.40399932861328,144.0,36.0,
2021-08-21 18:45:00,,,,,41.060001373291016,0.0,74.83999633789062,True,True,94.38999938964844,0.0,75.30799865722656,True,True,45.36000061035156,0.0,75.27200317382812,True,True,36.34000015258789,0.0,85.22599792480469,True,True,35.97999954223633,0.0,73.97599792480469,True,True,41.22999954223633,0.0,74.0479965209961,True,True,35.150001525878906,0.0,71.74400329589844,True,True,53.43000030517578,0.0,75.41600036621094,True,True,36.77000045776367,0.0,74.44400024414062,True,True,39.13999938964844,0.0,75.63200378417969,True,True,41.0099983215332,0.0,70.87999725341797,True,True,59.439998626708984,-0.09999999403953552,,,,41.93600082397461,210.0019989013672,42.40399932861328,136.0,34.0,
2021-08-21 19:00:00,,,,,43.939998626708984,0.0,73.81400299072266,True,True,96.66000366210938,0.0,75.12799835205078,True,True,44.66999816894531,0.0,75.23600006103516,True,True,36.150001525878906,0.0,85.24400329589844,True,True,38.290000915527344,0.0,73.7959976196289,True,True,39.86000061035156,0.0,73.66999816894531,True,True,40.689998626708984,0.0,71.38400268554688,True,True,57.56999969482422,0.0,75.50599670410156,True,True,38.529998779296875,0.0,74.4800033569336,True,True,43.7400016784668,0.0,75.5780029296875,True,True,41.95000076293945,0.0,70.46600341796875,True,True,59.45000076293945,-0.1599999964237213,,,,41.57600021362305,210.0019989013672,42.0260009765625,144.0,36.0,
2021-08-21 19:15:00,,,,,38.689998626708984,0.0,73.76000213623047,True,True,98.44000244140625,0.0,74.91200256347656,True,True,44.84000015258789,0.0,75.19999694824219,True,True,36.400001525878906,0.0,85.08200073242188,True,True,38.439998626708984,0.0,73.77799987792969,True,True,39.5099983215332,0.0,73.50800323486328,True,True,37.0099983215332,0.0,71.04199981689453,True,True,48.869998931884766,0.0,75.41600036621094,True,True,36.08000183105469,0.0,74.40799713134766,True,True,42.45000076293945,0.0,75.52400207519531,True,True,38.72999954223633,0.0,70.1240005493164,True,True,59.4900016784668,-0.19999998807907104,,,,41.540000915527344,210.0019989013672,41.900001525878906,144.0,36.0,
2021-08-21 19:30:00,,,,,38.97999954223633,0.0,73.77799987792969,True,True,100.0,0.0,75.09200286865234,True,True,45.84000015258789,0.0,75.21800231933594,True,True,35.97999954223633,0.0,84.39800262451172,True,True,38.70000076293945,0.0,73.7239990234375,True,True,38.689998626708984,0.0,73.48999786376953,True,True,36.38999938964844,0.0,70.89800262451172,True,True,53.68000030517578,0.0,75.27200317382812,True,True,36.02000045776367,0.0,74.40799713134766,True,True,39.97999954223633,0.0,75.48799896240234,True,True,40.7400016784668,0.0,69.87200164794922,True,True,59.4900016784668,-0.14000000059604645,,,,41.630001068115234,210.0019989013672,42.0620002746582,144.0,36.0,
2021-08-21 19:45:00,,,,,41.189998626708984,0.0,74.0479965209961,True,True,100.0,0.0,74.91200256347656,True,True,44.040000915527344,0.0,75.21800231933594,True,True,35.619998931884766,0.0,84.68599700927734,True,True,38.97999954223633,0.0,73.76000213623047,True,True,38.209999084472656,0.0,73.12999725341797,True,True,36.77000045776367,0.0,70.59200286865234,True,True,51.52000045776367,0.0,75.4520034790039,True,True,35.369998931884766,0.0,74.44400024414062,True,True,41.439998626708984,0.0,75.34400177001953,True,True,39.54999923706055,0.0,69.65599822998047,True,True,59.45000076293945,-0.17000000178813934,,,,41.52199935913086,210.0019989013672,41.95399856567383,136.0,34.0,
2021-08-21 20:00:00,,,,,41.290000915527344,0.0,72.86000061035156,True,True,100.0,0.0,75.03800201416016,True,True,44.02000045776367,0.0,75.23600006103516,True,True,34.93000030517578,0.0,84.18199920654297,True,True,37.66999816894531,0.0,73.68800354003906,True,True,45.220001220703125,0.0,73.11199951171875,True,True,36.849998474121094,0.0,70.64600372314453,True,True,44.189998626708984,0.0,75.23600006103516,True,True,37.310001373291016,0.0,74.37200164794922,True,True,42.380001068115234,0.0,75.27200317382812,True,True,40.709999084472656,0.0,69.69200134277344,True,True,59.459999084472656,-0.11999999731779099,,,,41.61199951171875,210.0019989013672,42.007999420166016,144.0,36.0,
2021-08-21 20:15:00,,,,,36.279998779296875,0.0,73.3280029296875,True,True,96.76000213623047,0.0,75.09200286865234,True,True,44.099998474121094,0.0,75.18199920654297,True,True,34.38999938964844,0.0,84.88400268554688,True,True,38.0,0.0,73.6520004272461,True,True,41.18000030517578,0.0,73.00399780273438,True,True,36.189998626708984,0.0,70.48400115966797,True,True,52.25,0.0,75.39800262451172,True,True,38.81999969482422,0.0,74.4260025024414,True,True,34.83000183105469,0.0,75.27200317382812,True,True,37.959999084472656,0.0,69.52999877929688,True,True,59.529998779296875,-0.1899999976158142,,,,41.59400177001953,210.0019989013672,42.04399871826172,144.0,36.0,
2021-08-21 20:30:00,,,,,39.209999084472656,0.0,73.70600128173828,True,True,98.6500015258789,0.0,75.09200286865234,True,True,44.08000183105469,0.0,75.32599639892578,True,True,33.97999954223633,0.0,84.52400207519531,True,True,36.58000183105469,0.0,73.68800354003906,True,True,44.7400016784668,0.0,72.84200286865234,True,True,35.22999954223633,0.0,70.39399719238281,True,True,43.93000030517578,0.0,75.23600006103516,True,True,38.720001220703125,0.0,74.40799713134766,True,True,35.34000015258789,0.0,75.21800231933594,True,True,39.77000045776367,0.0,69.47599792480469,True,True,59.470001220703125,-0.1599999964237213,,,,41.59400177001953,210.0019989013672,41.97200012207031,144.0,36.0,
2021-08-21 20:45:00,,,,,34.779998779296875,0.0,73.68800354003906,True,True,100.0,0.0,75.09200286865234,True,True,43.130001068115234,0.0,75.27200317382812,True,True,34.02000045776367,0.0,84.68599700927734,True,True,40.11000061035156,0.0,73.70600128173828,True,True,40.70000076293945,0.0,72.89600372314453,True,True,34.77000045776367,0.0,70.3219985961914,True,True,46.7599983215332,0.0,75.27200317382812,True,True,39.16999816894531,0.0,74.37200164794922,True,True,34.90999984741211,0.0,75.19999694824219,True,True,39.63999938964844,0.0,69.45800018310547,True,True,59.40999984741211,-0.14000000059604645,,,,41.50400161743164,210.0019989013672,41.93600082397461,144.0,36.0,
2021-08-21 21:00:00,,,,,35.93000030517578,0.0,73.54399871826172,True,True,98.19999694824219,0.0,75.05599975585938,True,True,42.36000061035156,0.0,75.30799865722656,True,True,34.66999816894531,0.0,84.36199951171875,True,True,37.9900016784668,0.0,73.66999816894531,True,True,55.33000183105469,0.0,72.697998046875,True,True,36.7599983215332,0.0,70.26799774169922,True,True,51.540000915527344,0.0,75.29000091552734,True,True,38.849998474121094,0.0,74.44400024414062,True,True,37.439998626708984,0.0,75.21800231933594,True,True,41.459999084472656,0.0,69.40399932861328,True,True,59.4900016784668,-0.1599999964237213,,,,41.52199935913086,210.0019989013672,41.93600082397461,136.0,34.0,
2021-08-21 21:15:00,,,,,42.11000061035156,0.0,73.7239990234375,True,True,100.0,0.0,74.8759994506836,True,True,43.08000183105469,0.0,75.25399780273438,True,True,34.31999969482422,0.0,84.30799865722656,True,True,37.40999984741211,0.0,73.5979995727539,True,True,42.900001525878906,0.0,72.60800170898438,True,True,36.619998931884766,0.0,70.28600311279297,True,True,46.29999923706055,0.0,75.23600006103516,True,True,39.5,0.0,74.37200164794922,True,True,39.38999938964844,0.0,75.27200317382812,True,True,41.63999938964844,0.0,69.49400329589844,True,True,59.40999984741211,-0.1599999964237213,,,,41.55799865722656,210.0019989013672,42.0260009765625,144.0,36.0,
2021-08-21 21:30:00,,,,,33.86000061035156,0.0,73.99400329589844,True,True,100.0,0.0,74.91200256347656,True,True,42.970001220703125,0.0,75.27200317382812,True,True,38.02000045776367,0.0,84.50599670410156,True,True,38.619998931884766,0.0,73.58000183105469,True,True,44.2599983215332,0.0,72.66200256347656,True,True,37.2400016784668,0.0,70.23200225830078,True,True,45.529998779296875,0.0,75.27200317382812,True,True,40.459999084472656,0.0,74.40799713134766,True,True,41.40999984741211,0.0,75.27200317382812,True,True,52.849998474121094,0.0,69.44000244140625,True,True,59.459999084472656,-0.19999998807907104,,,,41.61199951171875,210.0019989013672,42.04399871826172,144.0,36.0,
2021-08-21 21:45:00,,,,,42.11000061035156,0.0,73.43599700927734,True,True,100.0,0.0,75.05599975585938,True,True,43.34000015258789,0.0,75.19999694824219,True,True,35.9900016784668,0.0,85.0459976196289,True,True,36.63999938964844,0.0,73.58000183105469,True,True,40.189998626708984,0.0,72.64399719238281,True,True,37.36000061035156,0.0,70.26799774169922,True,True,50.81999969482422,0.0,75.18199920654297,True,True,37.77000045776367,0.0,74.35399627685547,True,True,41.52000045776367,0.0,75.16400146484375,True,True,38.47999954223633,0.0,69.38600158691406,True,True,59.470001220703125,-0.1899999976158142,,,,41.52199935913086,210.0019989013672,42.007999420166016,136.0,34.0,
2021-08-21 22:00:00,,,,,37.099998474121094,0.0,73.38200378417969,True,True,100.0,0.0,75.09200286865234,True,True,41.93000030517578,0.0,75.16400146484375,True,True,35.08000183105469,0.0,84.7040023803711,True,True,40.2599983215332,0.0,73.5979995727539,True,True,45.400001525878906,0.0,72.5719985961914,True,True,37.29999923706055,0.0,70.26799774169922,True,True,42.900001525878906,0.0,74.947998046875,True,True,36.41999816894531,0.0,74.30000305175781,True,True,36.959999084472656,0.0,75.16400146484375,True,True,43.279998779296875,0.0,69.40399932861328,True,True,59.4900016784668,-0.1599999964237213,,,,41.50400161743164,210.0019989013672,41.917999267578125,144.0,36.0,
2021-08-21 22:15:00,,,,,36.439998626708984,0.0,73.16600036621094,True,True,97.62000274658203,0.0,75.09200286865234,True,True,42.529998779296875,0.0,75.19999694824219,True,True,33.939998626708984,0.0,84.55999755859375,True,True,38.4900016784668,0.0,73.63400268554688,True,True,39.869998931884766,0.0,72.21199798583984,True,True,37.09000015258789,0.0,70.1780014038086,True,True,42.099998474121094,0.0,75.12799835205078,True,True,35.849998474121094,0.0,74.30000305175781,True,True,40.4900016784668,0.0,75.16400146484375,True,True,42.310001373291016,0.0,69.36799621582031,True,True,59.4900016784668,-0.1899999976158142,,,,41.61199951171875,210.0019989013672,41.97200012207031,144.0,36.0,
2021-08-21 22:30:00,,,,,41.52000045776367,0.0,73.22000122070312,True,True,98.45999908447266,0.0,75.03800201416016,True,True,44.22999954223633,0.0,75.19999694824219,True,True,34.380001068115234,0.0,84.34400177001953,True,True,40.81999969482422,0.0,73.5979995727539,True,True,38.689998626708984,0.0,72.28399658203125,True,True,37.099998474121094,0.0,70.19599914550781,True,True,47.15999984741211,0.0,75.27200317382812,True,True,40.34000015258789,0.0,74.31800079345703,True,True,37.27000045776367,0.0,75.19999694824219,True,True,54.7599983215332,0.0,69.33200073242188,True,True,59.470001220703125,-0.11999999731779099,,,,43.2859992980957,210.0019989013672,44.00600051879883,136.0,34.0,
2021-08-21 22:45:00,,,,,36.310001373291016,0.0,73.3280029296875,True,True,99.94999694824219,0.0,75.05599975585938,True,True,41.25,0.0,75.18199920654297,True,True,33.70000076293945,0.0,84.12799835205078,True,True,35.810001373291016,0.0,73.50800323486328,True,True,37.22999954223633,0.0,72.26599884033203,True,True,36.310001373291016,0.0,70.1240005493164,True,True,48.90999984741211,0.0,75.14600372314453,True,True,35.45000076293945,0.0,74.30000305175781,True,True,32.349998474121094,0.0,75.19999694824219,True,True,39.0099983215332,0.0,69.2959976196289,True,True,59.43000030517578,-0.14999999105930328,,,,41.683998107910156,210.0019989013672,42.1879997253418,144.0,36.0,
2021-08-21 23:00:00,,,,,42.650001525878906,0.0,73.54399871826172,True,True,96.66000366210938,0.0,75.05599975585938,True,True,46.88999938964844,0.0,75.19999694824219,True,True,40.70000076293945,0.0,84.18199920654297,True,True,42.22999954223633,0.0,73.54399871826172,True,True,45.18000030517578,0.0,72.1760025024414,True,True,35.70000076293945,0.0,70.08799743652344,True,True,45.70000076293945,0.0,75.16400146484375,True,True,36.709999084472656,0.0,74.26399993896484,True,True,35.310001373291016,0.0,75.23600006103516,True,True,38.959999084472656,0.0,69.24199676513672,True,True,59.459999084472656,-0.1599999964237213,,,,41.57600021362305,210.0019989013672,41.93600082397461,144.0,36.0,
2021-08-21 23:15:00,,,,,43.09000015258789,0.0,72.60800170898438,True,True,98.68000030517578,0.0,75.0739974975586,True,True,47.91999816894531,0.0,75.27200317382812,True,True,43.7599983215332,0.0,83.64199829101562,True,True,40.25,0.0,73.5260009765625,True,True,47.66999816894531,0.0,72.03199768066406,True,True,36.20000076293945,0.0,69.99800109863281,True,True,44.150001525878906,0.0,75.18199920654297,True,True,36.18000030517578,0.0,74.24600219726562,True,True,37.709999084472656,0.0,75.16400146484375,True,True,38.47999954223633,0.0,69.13400268554688,True,True,59.529998779296875,-0.17000000178813934,,,,41.395999908447266,210.0019989013672,41.86399841308594,144.0,36.0,
2021-08-21 23:30:00,,,,,59.400001525878906,0.0,72.697998046875,True,True,99.91000366210938,0.0,75.09200286865234,True,True,56.0,0.0,75.30799865722656,True,True,46.970001220703125,0.0,83.78600311279297,True,True,48.15999984741211,0.0,73.56199645996094,True,True,42.209999084472656,0.0,72.03199768066406,True,True,35.93000030517578,0.0,70.01599884033203,True,True,51.58000183105469,0.0,75.12799835205078,True,True,38.40999984741211,0.0,74.26399993896484,True,True,36.959999084472656,0.0,75.14600372314453,True,True,37.68000030517578,0.0,69.13400268554688,True,True,59.4900016784668,-0.11999999731779099,,,,51.38600158691406,210.0019989013672,52.84400177001953,136.0,34.0,
2021-08-21 23:45:00,,,,,47.400001525878906,0.0,72.96800231933594,True,True,100.0,0.0,75.03800201416016,True,True,58.439998626708984,0.0,75.34400177001953,True,True,46.58000183105469,0.0,83.80400085449219,True,True,41.15999984741211,0.0,73.61599731445312,True,True,49.86000061035156,0.0,71.99600219726562,True,True,40.61000061035156,0.0,69.99800109863281,True,True,50.40999984741211,0.0,75.16400146484375,True,True,41.38999938964844,0.0,74.30000305175781,True,True,40.56999969482422,0.0,75.18199920654297,True,True,41.869998931884766,0.0,69.13400268554688,True,True,59.5099983215332,-0.14000000059604645,,,,48.32600021362305,210.0019989013672,48.91999816894531,144.0,36.0,
2021-08-22 00:00:00,,,,,43.25,0.0,72.46399688720703,True,True,100.0,0.0,75.27200317382812,True,True,54.15999984741211,0.0,75.27200317382812,True,True,42.97999954223633,0.0,83.98400115966797,True,True,38.90999984741211,0.0,73.4540023803711,True,True,45.70000076293945,0.0,72.03199768066406,True,True,38.83000183105469,0.0,69.99800109863281,True,True,46.459999084472656,0.0,75.18199920654297,True,True,40.459999084472656,0.0,74.33599853515625,True,True,41.060001373291016,0.0,75.19999694824219,True,True,42.939998626708984,0.0,69.16999816894531,True,True,59.470001220703125,-0.14000000059604645,,,,45.26599884033203,210.0019989013672,45.73400115966797,144.0,36.0,
2021-08-22 00:15:00,,,,,50.13999938964844,0.0,72.96800231933594,True,True,100.0,0.0,75.41600036621094,True,True,54.33000183105469,0.0,75.30799865722656,True,True,45.709999084472656,0.0,83.98400115966797,True,True,45.95000076293945,0.0,73.56199645996094,True,True,44.13999938964844,0.0,71.94200134277344,True,True,45.130001068115234,0.0,69.94400024414062,True,True,62.900001525878906,0.0,75.19999694824219,True,True,45.439998626708984,0.0,74.31800079345703,True,True,44.36000061035156,0.0,75.16400146484375,True,True,41.29999923706055,0.0,69.13400268554688,True,True,59.4900016784668,-0.09999999403953552,,,,46.14799880981445,210.0019989013672,46.45399856567383,136.0,34.0,
2021-08-22 00:30:00,,,,,49.86000061035156,0.0,72.66200256347656,True,True,100.0,0.0,75.4520034790039,True,True,54.88999938964844,0.0,75.29000091552734,True,True,44.58000183105469,0.0,84.32599639892578,True,True,43.599998474121094,0.0,73.48999786376953,True,True,50.2400016784668,0.0,71.99600219726562,True,True,40.79999923706055,0.0,69.87200164794922,True,True,64.87000274658203,0.0,75.16400146484375,True,True,40.790000915527344,0.0,74.24600219726562,True,True,46.77000045776367,0.0,75.23600006103516,True,True,45.02000045776367,0.0,69.13400268554688,True,True,59.540000915527344,-0.14999999105930328,,,,44.88800048828125,210.0019989013672,45.284000396728516,144.0,36.0,
2021-08-22 00:45:00,,,,,48.0,0.0,72.48200225830078,True,True,100.0,0.0,75.21800231933594,True,True,54.119998931884766,0.0,75.27200317382812,True,True,45.22999954223633,0.0,84.43399810791016,True,True,45.709999084472656,0.0,73.5260009765625,True,True,44.939998626708984,0.0,71.92400360107422,True,True,38.93000030517578,0.0,69.87200164794922,True,True,56.02000045776367,0.0,75.16400146484375,True,True,39.810001373291016,0.0,74.30000305175781,True,True,43.29999923706055,0.0,75.16400146484375,True,True,45.52000045776367,0.0,69.13400268554688,True,True,59.56999969482422,-0.14000000059604645,,,,44.779998779296875,210.0019989013672,45.08599853515625,144.0,36.0,
2021-08-22 01:00:00,,,,,48.47999954223633,0.0,72.8239974975586,True,True,100.0,0.0,75.09200286865234,True,True,54.59000015258789,0.0,75.30799865722656,True,True,42.36000061035156,0.0,84.16400146484375,True,True,45.54999923706055,0.0,73.50800323486328,True,True,48.84000015258789,0.0,71.76200103759766,True,True,40.7400016784668,0.0,69.90799713134766,True,True,62.56999969482422,0.0,75.05599975585938,True,True,41.93000030517578,0.0,74.22799682617188,True,True,47.29999923706055,0.0,75.16400146484375,True,True,46.0,0.0,69.13400268554688,True,True,59.5,-0.11999999731779099,,,,45.26599884033203,210.0019989013672,45.6619987487793,144.0,36.0,
2021-08-22 01:15:00,,,,,49.290000915527344,0.0,72.64399719238281,True,True,100.0,0.0,75.4520034790039,True,True,58.119998931884766,0.0,75.29000091552734,True,True,43.790000915527344,0.0,84.32599639892578,True,True,45.31999969482422,0.0,73.54399871826172,True,True,49.2599983215332,0.0,71.88800048828125,True,True,40.040000915527344,0.0,69.83599853515625,True,True,59.88999938964844,0.0,75.16400146484375,True,True,40.20000076293945,0.0,74.40799713134766,True,True,40.91999816894531,0.0,75.05599975585938,True,True,45.5,0.0,68.97200012207031,True,True,59.560001373291016,-0.14000000059604645,,,,47.28200149536133,210.0019989013672,48.055999755859375,144.0,36.0,
2021-08-22 01:30:00,,,,,54.38999938964844,0.0,73.04000091552734,True,True,100.0,0.0,75.5780029296875,True,True,57.060001373291016,0.0,75.29000091552734,True,True,50.84000015258789,0.0,84.0739974975586,True,True,42.099998474121094,0.0,73.50800323486328,True,True,48.34000015258789,0.0,71.81600189208984,True,True,39.400001525878906,0.0,69.83599853515625,True,True,64.31999969482422,0.0,74.98400115966797,True,True,40.279998779296875,0.0,74.19200134277344,True,True,45.02000045776367,0.0,75.09200286865234,True,True,44.79999923706055,0.0,68.9540023803711,True,True,59.5,-0.11999999731779099,,,,45.374000549316406,210.0019989013672,45.805999755859375,136.0,34.0,
2021-08-22 01:45:00,,,,,44.90999984741211,0.0,72.44599914550781,True,True,98.4000015258789,0.0,75.5780029296875,True,True,57.25,0.0,75.30799865722656,True,True,48.95000076293945,0.0,84.16400146484375,True,True,43.310001373291016,0.0,73.43599700927734,True,True,47.779998779296875,0.0,71.83399963378906,True,True,43.119998931884766,0.0,69.67400360107422,True,True,54.650001525878906,0.0,75.05599975585938,True,True,41.689998626708984,0.0,74.22799682617188,True,True,39.040000915527344,0.0,75.11000061035156,True,True,38.720001220703125,0.0,68.88200378417969,True,True,59.5,-0.11999999731779099,,,,45.24800109863281,210.0019989013672,45.625999450683594,152.0,38.0,
2021-08-22 02:00:00,,,,,44.83000183105469,0.0,72.4280014038086,True,True,97.26000213623047,0.0,75.75800323486328,True,True,58.599998474121094,0.0,75.30799865722656,True,True,46.36000061035156,0.0,84.34400177001953,True,True,41.45000076293945,0.0,73.41799926757812,True,True,46.369998931884766,0.0,71.6719970703125,True,True,43.5,0.0,69.74600219726562,True,True,68.5999984741211,0.0,75.03800201416016,True,True,42.59000015258789,0.0,74.22799682617188,True,True,43.540000915527344,0.0,75.11000061035156,True,True,46.38999938964844,0.0,68.9540023803711,True,True,59.470001220703125,-0.1599999964237213,,,,45.17599868774414,210.0019989013672,45.55400085449219,136.0,34.0,
2021-08-22 02:15:00,,,,,49.61000061035156,0.0,72.84200286865234,True,True,100.0,0.0,75.93800354003906,True,True,58.66999816894531,0.0,75.30799865722656,True,True,46.369998931884766,0.0,84.66799926757812,True,True,41.65999984741211,0.0,73.34600067138672,True,True,46.189998626708984,0.0,71.6719970703125,True,True,40.91999816894531,0.0,69.69200134277344,True,True,61.58000183105469,0.0,74.96600341796875,True,True,40.310001373291016,0.0,74.15599822998047,True,True,39.939998626708984,0.0,75.11000061035156,True,True,42.79999923706055,0.0,68.93599700927734,True,True,59.459999084472656,-0.1599999964237213,,,,45.428001403808594,210.0019989013672,45.84199905395508,144.0,36.0,
2021-08-22 02:30:00,,,,,46.189998626708984,0.0,72.51799774169922,True,True,97.30999755859375,0.0,75.7040023803711,True,True,58.900001525878906,0.0,75.27200317382812,True,True,50.209999084472656,0.0,84.11000061035156,True,True,43.43000030517578,0.0,73.23799896240234,True,True,50.5099983215332,0.0,71.49199676513672,True,True,41.41999816894531,0.0,69.5479965209961,True,True,56.06999969482422,0.0,74.93000030517578,True,True,40.25,0.0,74.17400360107422,True,True,49.060001373291016,0.0,75.09200286865234,True,True,42.20000076293945,0.0,68.77400207519531,True,True,59.4900016784668,-0.14999999105930328,,,,45.608001708984375,210.0019989013672,46.02199935913086,144.0,36.0,
2021-08-22 02:45:00,,,,,46.380001068115234,0.0,72.33799743652344,True,True,100.0,0.0,75.9020004272461,True,True,60.41999816894531,0.0,75.27200317382812,True,True,47.86000061035156,0.0,84.72200012207031,True,True,42.84000015258789,0.0,73.27400207519531,True,True,46.529998779296875,0.0,71.4020004272461,True,True,41.52000045776367,0.0,69.45800018310547,True,True,64.33999633789062,0.0,75.00199890136719,True,True,41.54999923706055,0.0,74.19200134277344,True,True,44.09000015258789,0.0,75.09200286865234,True,True,37.720001220703125,0.0,68.68399810791016,True,True,59.5,-0.14000000059604645,,,,45.481998443603516,210.0019989013672,45.91400146484375,144.0,36.0,
2021-08-22 03:00:00,,,,,47.369998931884766,0.0,72.6259994506836,True,True,100.0,0.0,75.9739990234375,True,True,61.52000045776367,0.0,75.30799865722656,True,True,51.459999084472656,0.0,84.0199966430664,True,True,44.43000030517578,0.0,73.23799896240234,True,True,46.970001220703125,0.0,71.38400268554688,True,True,42.5,0.0,69.56600189208984,True,True,55.47999954223633,0.0,74.93000030517578,True,True,42.93000030517578,0.0,74.19200134277344,True,True,44.59000015258789,0.0,75.11000061035156,True,True,46.439998626708984,0.0,68.59400177001953,True,True,59.470001220703125,-0.11999999731779099,,,,45.608001708984375,210.0019989013672,46.02199935913086,144.0,36.0,
2021-08-22 03:15:00,,,,,51.09000015258789,0.0,72.302001953125,True,True,100.0,0.0,75.93800354003906,True,True,62.470001220703125,0.0,75.27200317382812,True,True,52.9900016784668,0.0,84.66799926757812,True,True,41.040000915527344,0.0,73.3280029296875,True,True,47.869998931884766,0.0,71.38400268554688,True,True,42.880001068115234,0.0,69.63800048828125,True,True,56.75,0.0,74.78600311279297,True,True,42.959999084472656,0.0,74.15599822998047,True,True,42.45000076293945,0.0,74.98400115966797,True,True,47.15999984741211,0.0,68.59400177001953,True,True,59.459999084472656,-0.14999999105930328,,,,45.6619987487793,210.0019989013672,46.040000915527344,144.0,36.0,
2021-08-22 03:30:00,,,,,51.56999969482422,0.0,72.1760025024414,True,True,100.0,0.0,75.9739990234375,True,True,65.41000366210938,0.0,75.27200317382812,True,True,48.720001220703125,0.0,84.41600036621094,True,True,46.02000045776367,0.0,73.27400207519531,True,True,48.540000915527344,0.0,71.38400268554688,True,True,43.58000183105469,0.0,69.60199737548828,True,True,64.12999725341797,0.0,74.947998046875,True,True,43.59000015258789,0.0,74.17400360107422,True,True,43.43000030517578,0.0,75.03800201416016,True,True,44.540000915527344,0.0,68.7020034790039,True,True,59.5099983215332,-0.11999999731779099,,,,46.5260009765625,210.0019989013672,47.37200164794922,144.0,36.0,
2021-08-22 03:45:00,,,,,49.150001525878906,0.0,71.92400360107422,True,True,100.0,0.0,75.9739990234375,True,True,63.5,0.0,75.32599639892578,True,True,52.189998626708984,0.0,84.30799865722656,True,True,45.650001525878906,0.0,73.23799896240234,True,True,53.13999938964844,0.0,71.31199645996094,True,True,44.90999984741211,0.0,69.51200103759766,True,True,57.38999938964844,0.0,74.947998046875,True,True,44.27000045776367,0.0,74.19200134277344,True,True,48.459999084472656,0.0,75.03800201416016,True,True,56.20000076293945,0.0,68.48600006103516,True,True,59.439998626708984,-0.11999999731779099,,,,45.986000061035156,210.0019989013672,46.45399856567383,144.0,36.0,
2021-08-22 04:00:00,,,,,49.290000915527344,0.0,72.28399658203125,True,True,100.0,0.0,76.0999984741211,True,True,64.52999877929688,0.0,75.30799865722656,True,True,48.709999084472656,0.0,84.18199920654297,True,True,41.720001220703125,0.0,73.27400207519531,True,True,51.83000183105469,0.0,71.25800323486328,True,True,45.7400016784668,0.0,69.2239990234375,True,True,62.93000030517578,0.0,74.76799774169922,True,True,44.599998474121094,0.0,74.19200134277344,True,True,43.189998626708984,0.0,75.0739974975586,True,True,47.439998626708984,0.0,68.25199890136719,True,True,59.540000915527344,-0.14000000059604645,,,,46.417999267578125,210.0019989013672,46.81399917602539,144.0,36.0,
2021-08-22 04:15:00,,,,,50.40999984741211,0.0,71.76200103759766,True,True,100.0,0.0,75.66799926757812,True,True,65.95999908447266,0.0,75.30799865722656,True,True,52.9900016784668,0.0,84.48799896240234,True,True,42.560001373291016,0.0,73.18399810791016,True,True,48.470001220703125,0.0,71.00599670410156,True,True,44.91999816894531,0.0,69.13400268554688,True,True,68.69000244140625,0.0,74.89399719238281,True,True,42.97999954223633,0.0,74.19200134277344,True,True,43.470001220703125,0.0,75.09200286865234,True,True,48.290000915527344,0.0,68.10800170898438,True,True,59.5,-0.11999999731779099,,,,46.36399841308594,210.0019989013672,46.81399917602539,144.0,36.0,
2021-08-22 04:30:00,,,,,54.130001068115234,0.0,72.2300033569336,True,True,99.16999816894531,0.0,75.99199676513672,True,True,65.31999969482422,0.0,75.39800262451172,True,True,50.16999816894531,0.0,83.8759994506836,True,True,44.959999084472656,0.0,73.07599639892578,True,True,49.15999984741211,0.0,71.2040023803711,True,True,43.779998779296875,0.0,69.06199645996094,True,True,59.900001525878906,0.0,75.05599975585938,True,True,40.7400016784668,0.0,74.12000274658203,True,True,42.09000015258789,0.0,74.98400115966797,True,True,45.209999084472656,0.0,68.0719985961914,True,True,59.560001373291016,-0.14999999105930328,,,,46.237998962402344,210.0019989013672,46.66999816894531,136.0,34.0,
2021-08-22 04:45:00,,,,,51.220001220703125,0.0,71.85199737548828,True,True,100.0,0.0,75.9739990234375,True,True,66.23999786376953,0.0,75.25399780273438,True,True,53.0099983215332,0.0,83.78600311279297,True,True,46.34000015258789,0.0,73.11199951171875,True,True,48.54999923706055,0.0,70.46600341796875,True,True,44.209999084472656,0.0,68.98999786376953,True,True,70.20999908447266,0.0,75.0739974975586,True,True,44.43000030517578,0.0,74.12000274658203,True,True,40.349998474121094,0.0,75.0199966430664,True,True,45.29999923706055,0.0,68.05400085449219,True,True,59.459999084472656,-0.11999999731779099,,,,46.29199981689453,210.0019989013672,46.66999816894531,144.0,36.0,
2021-08-22 05:00:00,,,,,51.630001068115234,0.0,71.7979965209961,True,True,100.0,0.0,76.08200073242188,True,True,67.47000122070312,0.0,75.30799865722656,True,True,53.31999969482422,0.0,83.78600311279297,True,True,43.869998931884766,0.0,73.07599639892578,True,True,52.83000183105469,0.0,70.46600341796875,True,True,44.779998779296875,0.0,68.9540023803711,True,True,64.91999816894531,0.0,74.947998046875,True,True,44.619998931884766,0.0,74.19200134277344,True,True,44.040000915527344,0.0,75.03800201416016,True,True,48.04999923706055,0.0,67.96399688720703,True,True,59.5099983215332,-0.14999999105930328,,,,46.16600036621094,210.0019989013672,46.61600112915039,144.0,36.0,
2021-08-22 05:15:00,,,,,53.59000015258789,0.0,71.99600219726562,True,True,100.0,0.0,75.79399871826172,True,True,68.0199966430664,0.0,75.29000091552734,True,True,50.97999954223633,0.0,83.85800170898438,True,True,47.41999816894531,0.0,73.18399810791016,True,True,50.31999969482422,0.0,70.62799835205078,True,True,44.599998474121094,0.0,68.80999755859375,True,True,66.73999786376953,0.0,74.71399688720703,True,True,44.77000045776367,0.0,74.12000274658203,True,True,43.31999969482422,0.0,74.98400115966797,True,True,48.08000183105469,0.0,67.74800109863281,True,True,59.459999084472656,-0.14000000059604645,,,,46.05799865722656,210.0019989013672,46.4900016784668,144.0,36.0,
2021-08-22 05:30:00,,,,,51.529998779296875,0.0,71.52799987792969,True,True,100.0,0.0,75.95600128173828,True,True,67.04000091552734,0.0,75.27200317382812,True,True,51.58000183105469,0.0,84.03800201416016,True,True,45.459999084472656,0.0,73.14800262451172,True,True,47.5099983215332,0.0,70.77200317382812,True,True,44.90999984741211,0.0,68.86399841308594,True,True,61.56999969482422,0.0,74.6240005493164,True,True,44.560001373291016,0.0,74.10199737548828,True,True,48.779998779296875,0.0,74.98400115966797,True,True,48.720001220703125,0.0,67.56800079345703,True,True,59.4900016784668,-0.1599999964237213,,,,45.986000061035156,210.0019989013672,46.36399841308594,144.0,36.0,
2021-08-22 05:45:00,,,,,50.709999084472656,0.0,71.2040023803711,True,True,97.4800033569336,0.0,75.93800354003906,True,True,67.27999877929688,0.0,75.23600006103516,True,True,51.33000183105469,0.0,83.40799713134766,True,True,49.20000076293945,0.0,73.11199951171875,True,True,47.540000915527344,0.0,70.64600372314453,True,True,48.099998474121094,0.0,68.9540023803711,True,True,67.04000091552734,0.0,74.8759994506836,True,True,45.08000183105469,0.0,74.10199737548828,True,True,46.27000045776367,0.0,74.85800170898438,True,True,45.959999084472656,0.0,67.62200164794922,True,True,59.5099983215332,-0.1899999976158142,,,,45.84199905395508,210.0019989013672,46.310001373291016,144.0,36.0,
2021-08-22 06:00:00,,,,,55.4900016784668,0.0,71.16799926757812,True,True,100.0,0.0,75.95600128173828,True,True,68.20999908447266,0.0,75.27200317382812,True,True,51.369998931884766,0.0,83.8219985961914,True,True,43.75,0.0,72.91400146484375,True,True,47.529998779296875,0.0,70.28600311279297,True,True,44.72999954223633,0.0,68.73799896240234,True,True,63.18000030517578,0.0,74.89399719238281,True,True,45.369998931884766,0.0,74.10199737548828,True,True,44.41999816894531,0.0,74.91200256347656,True,True,45.81999969482422,0.0,67.802001953125,True,True,59.4900016784668,-0.1599999964237213,,,,45.91400146484375,210.0019989013672,46.327999114990234,144.0,36.0,
2021-08-22 06:15:00,,,,,50.459999084472656,0.0,70.82599639892578,True,True,100.0,0.0,76.0999984741211,True,True,68.12000274658203,0.0,75.27200317382812,True,True,58.0,0.0,83.64199829101562,True,True,44.02000045776367,0.0,72.89600372314453,True,True,58.099998474121094,0.0,69.99800109863281,True,True,45.029998779296875,0.0,68.73799896240234,True,True,70.87999725341797,0.0,74.89399719238281,True,True,45.279998779296875,0.0,74.06600189208984,True,True,42.150001525878906,0.0,74.83999633789062,True,True,45.529998779296875,0.0,67.62200164794922,True,True,59.439998626708984,-0.11999999731779099,,,,45.6619987487793,210.0019989013672,46.09400177001953,144.0,36.0,
2021-08-22 06:30:00,,,,,47.68000030517578,0.0,70.71800231933594,True,True,100.0,0.0,76.0459976196289,True,True,67.08000183105469,0.0,75.19999694824219,True,True,50.939998626708984,0.0,83.4260025024414,True,True,45.900001525878906,0.0,72.91400146484375,True,True,50.599998474121094,0.0,69.9800033569336,True,True,45.40999984741211,0.0,68.01799774169922,True,True,67.5,0.0,74.78600311279297,True,True,44.0,0.0,73.99400329589844,True,True,45.130001068115234,0.0,74.91200256347656,True,True,44.33000183105469,0.0,66.86599731445312,True,True,59.400001525878906,-0.14000000059604645,,,,45.78799819946289,210.0019989013672,46.183998107910156,144.0,36.0,
2021-08-22 06:45:00,,,,,50.75,0.0,71.02400207519531,True,True,100.0,0.0,75.95600128173828,True,True,66.0199966430664,0.0,75.12799835205078,True,True,46.61000061035156,0.0,83.44400024414062,True,True,44.810001373291016,0.0,72.78800201416016,True,True,52.880001068115234,0.0,69.20600128173828,True,True,45.65999984741211,0.0,67.65799713134766,True,True,62.2400016784668,0.0,74.73200225830078,True,True,44.36000061035156,0.0,73.99400329589844,True,True,46.33000183105469,0.0,74.91200256347656,True,True,43.68000030517578,0.0,66.32599639892578,True,True,59.459999084472656,-0.09999999403953552,,,,45.55400085449219,210.0019989013672,45.96799850463867,144.0,36.0,
2021-08-22 07:00:00,,,,,56.220001220703125,0.0,70.91600036621094,True,True,100.0,0.0,75.93800354003906,True,True,73.11000061035156,0.0,75.18199920654297,True,True,51.849998474121094,0.0,84.12799835205078,True,True,44.619998931884766,0.0,72.94999694824219,True,True,54.27000045776367,0.0,68.73799896240234,True,True,45.4900016784668,0.0,67.45999908447266,True,True,71.41999816894531,0.0,74.89399719238281,True,True,44.130001068115234,0.0,74.08399963378906,True,True,65.51000213623047,0.0,74.91200256347656,True,True,44.599998474121094,0.0,66.14600372314453,True,True,59.5,-0.1599999964237213,,,,45.608001708984375,210.0019989013672,46.02199935913086,136.0,34.0,
2021-08-22 07:15:00,,,,,57.5099983215332,0.0,70.68199920654297,True,True,100.0,0.0,75.95600128173828,True,True,75.80999755859375,0.0,75.27200317382812,True,True,52.650001525878906,0.0,84.00199890136719,True,True,40.310001373291016,0.0,72.78800201416016,True,True,54.709999084472656,0.0,68.86399841308594,True,True,45.08000183105469,0.0,67.24400329589844,True,True,69.66000366210938,0.0,74.51599884033203,True,True,43.33000183105469,0.0,74.06600189208984,True,True,40.58000183105469,0.0,74.89399719238281,True,True,46.90999984741211,0.0,66.03800201416016,True,True,59.4900016784668,-0.1899999976158142,,,,45.6619987487793,210.0019989013672,46.09400177001953,144.0,36.0,
2021-08-22 07:30:00,,,,,61.970001220703125,0.0,70.71800231933594,True,True,100.0,0.0,75.9739990234375,True,True,75.11000061035156,0.0,75.27200317382812,True,True,53.689998626708984,0.0,83.947998046875,True,True,48.06999969482422,0.0,72.93199920654297,True,True,51.61000061035156,0.0,69.2239990234375,True,True,48.34000015258789,0.0,67.1719970703125,True,True,69.27999877929688,0.0,74.96600341796875,True,True,45.5,0.0,73.99400329589844,True,True,48.33000183105469,0.0,74.80400085449219,True,True,44.630001068115234,0.0,65.96600341796875,True,True,59.5,-0.14999999105930328,,,,50.071998596191406,210.0019989013672,48.95600128173828,144.0,36.0,
2021-08-22 07:45:00,,,,,70.36000061035156,0.0,70.98799896240234,True,True,100.0,0.0,75.93800354003906,True,True,92.04000091552734,0.0,75.34400177001953,True,True,66.69999694824219,0.0,84.18199920654297,True,True,53.52000045776367,0.0,73.00399780273438,True,True,62.38999938964844,0.0,69.38600158691406,True,True,48.95000076293945,0.0,67.13600158691406,True,True,73.93000030517578,0.0,74.73200225830078,True,True,44.52000045776367,0.0,74.0479965209961,True,True,45.84000015258789,0.0,74.8219985961914,True,True,45.939998626708984,0.0,65.89399719238281,True,True,59.459999084472656,-0.1599999964237213,,,,46.5620002746582,210.0019989013672,47.19200134277344,144.0,36.0,
2021-08-22 08:00:00,,,,,85.61000061035156,0.0,71.02400207519531,True,True,100.0,0.0,76.0459976196289,True,True,100.0,0.0,75.36199951171875,True,True,62.630001068115234,0.0,84.29000091552734,True,True,65.9800033569336,0.0,73.00399780273438,True,True,59.52000045776367,0.0,69.20600128173828,True,True,48.65999984741211,0.0,67.13600158691406,True,True,78.45999908447266,0.0,74.89399719238281,True,True,46.06999969482422,0.0,74.10199737548828,True,True,38.150001525878906,0.0,74.8219985961914,True,True,56.13999938964844,0.0,66.03800201416016,True,True,59.4900016784668,-0.1899999976158142,,,,59.917999267578125,210.0019989013672,60.27799987792969,144.0,36.0,
2021-08-22 08:15:00,,,,,78.5199966430664,0.0,71.16799926757812,True,True,100.0,0.0,76.13600158691406,True,True,97.1500015258789,0.0,75.50599670410156,True,True,71.79000091552734,0.0,84.12799835205078,True,True,50.52000045776367,0.0,73.16600036621094,True,True,66.79000091552734,0.0,69.60199737548828,True,True,53.310001373291016,0.0,67.22599792480469,True,True,73.7300033569336,0.0,74.80400085449219,True,True,48.70000076293945,0.0,74.0479965209961,True,True,47.720001220703125,0.0,74.80400085449219,True,True,45.97999954223633,0.0,66.18199920654297,True,True,59.470001220703125,-0.14999999105930328,,,,47.31800079345703,210.0019989013672,48.18199920654297,144.0,36.0,
2021-08-22 08:30:00,,,,,73.72000122070312,0.0,70.98799896240234,True,True,84.02999877929688,0.0,77.93599700927734,True,True,89.68000030517578,0.0,75.43399810791016,True,True,59.310001373291016,0.0,84.59600067138672,True,True,48.58000183105469,0.0,73.04000091552734,True,True,59.45000076293945,0.0,70.1780014038086,True,True,49.27000045776367,0.0,67.44200134277344,True,True,94.25,0.0,75.12799835205078,True,True,47.220001220703125,0.0,74.02999877929688,True,True,44.40999984741211,0.0,74.83999633789062,True,True,48.040000915527344,0.0,66.39800262451172,True,True,59.5099983215332,-0.11999999731779099,,,,47.37200164794922,210.0019989013672,47.875999450683594,136.0,34.0,
2021-08-22 08:45:00,,,,,75.73999786376953,0.0,71.22200012207031,True,True,91.69999694824219,0.0,77.25199890136719,True,True,91.43000030517578,0.0,75.41600036621094,True,True,58.619998931884766,0.0,84.54199981689453,True,True,51.38999938964844,0.0,73.11199951171875,True,True,57.11000061035156,0.0,70.10600280761719,True,True,66.66000366210938,0.0,67.51399993896484,True,True,100.0,0.0,75.03800201416016,True,True,58.61000061035156,0.0,74.12000274658203,True,True,62.45000076293945,0.0,74.91200256347656,True,True,64.12999725341797,0.0,66.6500015258789,True,True,59.459999084472656,-0.10999999940395355,,,,48.36199951171875,210.0019989013672,48.7760009765625,144.0,36.0,
2021-08-22 09:00:00,,,,,74.22000122070312,0.0,71.81600189208984,True,True,94.3499984741211,0.0,79.5739974975586,True,True,96.36000061035156,0.0,75.39800262451172,True,True,60.59000015258789,0.0,84.37999725341797,True,True,55.970001220703125,0.0,73.09400177001953,True,True,59.41999816894531,0.0,70.41200256347656,True,True,49.689998626708984,0.0,67.74800109863281,True,True,93.9000015258789,0.0,75.0739974975586,True,True,44.90999984741211,0.0,74.12000274658203,True,True,50.040000915527344,0.0,74.91200256347656,True,True,50.0,0.0,66.8479995727539,True,True,59.470001220703125,-0.14000000059604645,,,,48.9379997253418,210.0019989013672,49.42399978637695,144.0,36.0,
2021-08-22 09:15:00,,,,,80.69999694824219,0.0,71.88800048828125,True,True,100.0,0.0,78.56600189208984,True,True,99.5199966430664,0.0,75.41600036621094,True,True,62.7599983215332,0.0,84.75800323486328,True,True,51.2599983215332,0.0,73.2020034790039,True,True,60.88999938964844,0.0,70.68199920654297,True,True,49.90999984741211,0.0,68.03600311279297,True,True,90.08000183105469,0.0,75.03800201416016,True,True,44.720001220703125,0.0,74.0479965209961,True,True,55.33000183105469,0.0,74.80400085449219,True,True,49.380001068115234,0.0,67.20800018310547,True,True,59.5,-0.14000000059604645,,,,48.59600067138672,210.0019989013672,48.8120002746582,144.0,36.0,
2021-08-22 09:30:00,,,,,93.16000366210938,0.0,72.71600341796875,True,True,100.0,0.0,76.85600280761719,True,True,100.0,0.0,75.52400207519531,True,True,74.81999969482422,0.0,85.0459976196289,True,True,61.630001068115234,0.0,73.4000015258789,True,True,73.04000091552734,0.0,71.02400207519531,True,True,53.400001525878906,0.0,68.21600341796875,True,True,94.94000244140625,0.0,75.11000061035156,True,True,48.52000045776367,0.0,74.02999877929688,True,True,48.9900016784668,0.0,74.80400085449219,True,True,53.189998626708984,0.0,67.44200134277344,True,True,59.5,-0.14000000059604645,,,,56.7859992980957,210.0019989013672,55.183998107910156,144.0,36.0,
2021-08-22 09:45:00,,,,,100.0,0.0,73.16600036621094,True,True,100.0,0.0,85.6760025024414,True,True,100.0,0.0,75.61399841308594,True,True,90.58000183105469,0.0,84.6500015258789,True,True,77.33999633789062,0.0,73.56199645996094,True,True,77.52999877929688,0.0,71.70800018310547,True,True,55.90999984741211,0.0,68.64800262451172,True,True,100.0,0.0,75.0739974975586,True,True,50.68000030517578,0.0,74.06600189208984,True,True,53.0,0.0,74.85800170898438,True,True,54.79999923706055,0.0,67.98200225830078,True,True,59.5,-0.17000000178813934,,,,57.52399826049805,210.0019989013672,58.29800033569336,144.0,36.0,
2021-08-22 10:00:00,,,,,100.0,0.0,73.43599700927734,True,True,100.0,0.0,86.7020034790039,True,True,96.6500015258789,0.0,75.61399841308594,True,True,87.66999816894531,0.0,83.96600341796875,True,True,59.869998931884766,0.0,73.5979995727539,True,True,76.97000122070312,0.0,72.35600280761719,True,True,58.529998779296875,0.0,68.91799926757812,True,True,100.0,0.0,75.09200286865234,True,True,49.36000061035156,0.0,74.13800048828125,True,True,52.52000045776367,0.0,74.8759994506836,True,True,53.630001068115234,0.0,68.34200286865234,True,True,59.470001220703125,-0.14999999105930328,,,,51.11600112915039,210.0019989013672,51.512001037597656,136.0,34.0,
2021-08-22 10:15:00,,,,,100.0,0.0,73.7959976196289,True,True,100.0,0.0,87.08000183105469,True,True,98.61000061035156,0.0,75.5780029296875,True,True,77.55000305175781,0.0,84.54199981689453,True,True,57.20000076293945,0.0,73.4540023803711,True,True,68.55999755859375,0.0,72.08599853515625,True,True,72.95999908447266,0.0,69.38600158691406,True,True,100.0,0.0,75.30799865722656,True,True,61.4900016784668,0.0,74.12000274658203,True,True,56.279998779296875,0.0,74.91200256347656,True,True,65.79000091552734,0.0,68.88200378417969,True,True,59.470001220703125,-0.14000000059604645,,,,50.737998962402344,210.0019989013672,51.097999572753906,152.0,38.0,
2021-08-22 10:30:00,,,,,100.0,0.0,73.90399932861328,True,True,100.0,0.0,87.04399871826172,True,True,99.29000091552734,0.0,75.52400207519531,True,True,79.2699966430664,0.0,84.7040023803711,True,True,59.33000183105469,0.0,73.61599731445312,True,True,70.41999816894531,0.0,72.80599975585938,True,True,73.81999969482422,0.0,69.47599792480469,True,True,100.0,0.0,75.30799865722656,True,True,58.439998626708984,0.0,74.26399993896484,True,True,73.43000030517578,0.0,75.03800201416016,True,True,88.94000244140625,0.0,69.04399871826172,True,True,59.459999084472656,-0.1599999964237213,,,,50.18000030517578,210.0019989013672,50.70199966430664,144.0,36.0,
2021-08-22 10:45:00,,,,,91.0,0.0,73.88600158691406,True,True,96.12000274658203,0.0,86.88200378417969,True,True,100.0,0.0,75.55999755859375,True,True,75.12000274658203,0.0,84.34400177001953,True,True,54.66999816894531,0.0,73.58000183105469,True,True,74.06999969482422,0.0,73.3280029296875,True,True,63.36000061035156,0.0,69.99800109863281,True,True,100.0,0.0,75.47000122070312,True,True,50.970001220703125,0.0,74.15599822998047,True,True,61.43000030517578,0.0,75.00199890136719,True,True,62.77000045776367,0.0,69.76399993896484,True,True,59.470001220703125,-0.14999999105930328,,,,49.784000396728516,210.0019989013672,50.14400100708008,152.0,38.0,
2021-08-22 11:00:00,,,,,92.48999786376953,0.0,74.44400024414062,True,True,100.0,0.0,86.88200378417969,True,True,100.0,0.0,75.50599670410156,True,True,75.79000091552734,0.0,84.52400207519531,True,True,61.25,0.0,73.70600128173828,True,True,71.31999969482422,0.0,73.77799987792969,True,True,62.97999954223633,0.0,70.26799774169922,True,True,100.0,0.0,75.36199951171875,True,True,50.529998779296875,0.0,74.15599822998047,True,True,53.380001068115234,0.0,74.98400115966797,True,True,59.119998931884766,0.0,70.1240005493164,True,True,59.4900016784668,-0.1599999964237213,,,,49.9640007019043,210.0019989013672,50.28799819946289,144.0,36.0,
2021-08-22 11:15:00,,,,,93.29000091552734,0.0,74.6240005493164,True,True,100.0,0.0,87.60199737548828,True,True,100.0,0.0,75.30799865722656,True,True,74.58999633789062,0.0,85.26200103759766,True,True,55.79999923706055,0.0,73.76000213623047,True,True,72.19000244140625,0.0,76.08200073242188,True,True,61.63999938964844,0.0,70.41200256347656,True,True,100.0,0.0,75.48799896240234,True,True,49.959999084472656,0.0,74.12000274658203,True,True,58.27000045776367,0.0,75.00199890136719,True,True,58.84000015258789,0.0,70.052001953125,True,True,59.470001220703125,-0.14999999105930328,,,,49.8380012512207,210.0019989013672,50.305999755859375,144.0,36.0,
2021-08-22 11:30:00,,,,,93.7699966430664,0.0,75.36199951171875,True,True,100.0,0.0,88.23200225830078,True,True,97.62000274658203,0.0,75.54199981689453,True,True,72.93000030517578,0.0,85.53199768066406,True,True,49.439998626708984,0.0,73.76000213623047,True,True,73.7699966430664,0.0,77.05400085449219,True,True,58.4900016784668,0.0,70.53800201416016,True,True,100.0,0.0,75.21800231933594,True,True,49.18000030517578,0.0,74.10199737548828,True,True,58.25,0.0,75.0199966430664,True,True,60.15999984741211,0.0,70.39399719238281,True,True,59.40999984741211,-0.1599999964237213,,,,47.875999450683594,210.0019989013672,48.236000061035156,152.0,38.0,
2021-08-22 11:45:00,,,,,100.0,0.0,75.72200012207031,True,True,94.75,0.0,87.60199737548828,True,True,100.0,0.0,75.52400207519531,True,True,76.62999725341797,0.0,85.9280014038086,True,True,66.56999969482422,0.0,73.76000213623047,True,True,79.44000244140625,0.0,76.20800018310547,True,True,59.869998931884766,0.0,71.13200378417969,True,True,100.0,0.0,75.37999725341797,True,True,50.65999984741211,0.0,74.22799682617188,True,True,56.459999084472656,0.0,75.09200286865234,True,True,60.06999969482422,0.0,71.13200378417969,True,True,59.5,-0.14999999105930328,,,,53.869998931884766,210.0019989013672,55.70600128173828,144.0,36.0,
2021-08-22 12:00:00,,,,,70.23999786376953,0.0,75.54199981689453,True,True,97.62999725341797,0.0,87.63800048828125,True,True,84.31999969482422,0.0,75.4520034790039,True,True,70.44000244140625,0.0,85.85600280761719,True,True,45.310001373291016,0.0,73.7239990234375,True,True,63.7599983215332,0.0,76.26200103759766,True,True,57.0,0.0,72.03199768066406,True,True,100.0,0.0,75.43399810791016,True,True,47.810001373291016,0.0,74.17400360107422,True,True,56.540000915527344,0.0,75.16400146484375,True,True,59.349998474121094,0.0,72.1760025024414,True,True,59.540000915527344,-0.11999999731779099,,,,48.290000915527344,210.0019989013672,48.650001525878906,152.0,38.0,
2021-08-22 12:15:00,,,,,70.29000091552734,0.0,76.33399963378906,True,True,100.0,0.0,86.75599670410156,True,True,81.63999938964844,0.0,75.43399810791016,True,True,65.79000091552734,0.0,86.0719985961914,True,True,50.869998931884766,0.0,73.74199676513672,True,True,67.76000213623047,0.0,77.79199981689453,True,True,57.45000076293945,0.0,72.60800170898438,True,True,89.43000030517578,0.0,75.30799865722656,True,True,46.060001373291016,0.0,74.26399993896484,True,True,52.689998626708984,0.0,75.18199920654297,True,True,55.939998626708984,0.0,72.3740005493164,True,True,59.4900016784668,-0.14999999105930328,,,,45.91400146484375,210.0019989013672,46.66999816894531,144.0,36.0,
2021-08-22 12:30:00,,,,,61.560001373291016,0.0,76.31600189208984,True,True,100.0,0.0,87.1520004272461,True,True,75.30999755859375,0.0,75.41600036621094,True,True,59.25,0.0,86.8280029296875,True,True,49.81999969482422,0.0,73.68800354003906,True,True,56.16999816894531,0.0,78.06199645996094,True,True,54.33000183105469,0.0,72.55400085449219,True,True,100.0,0.0,75.47000122070312,True,True,46.540000915527344,0.0,74.26399993896484,True,True,55.5,0.0,75.21800231933594,True,True,51.56999969482422,0.0,72.3740005493164,True,True,59.459999084472656,-0.09999999403953552,,,,44.762001037597656,210.0019989013672,45.12200164794922,144.0,36.0,
2021-08-22 12:45:00,,,,,63.77000045776367,0.0,76.44200134277344,True,True,100.0,0.0,79.03399658203125,True,True,72.83999633789062,0.0,75.39800262451172,True,True,56.81999969482422,0.0,86.3239974975586,True,True,50.08000183105469,0.0,73.7959976196289,True,True,54.2400016784668,0.0,77.73799896240234,True,True,52.5099983215332,0.0,73.02200317382812,True,True,89.68000030517578,0.0,75.21800231933594,True,True,42.459999084472656,0.0,74.22799682617188,True,True,55.599998474121094,0.0,75.19999694824219,True,True,54.47999954223633,0.0,73.09400177001953,True,True,59.459999084472656,-0.17000000178813934,,,,44.52799987792969,210.0019989013672,44.94200134277344,152.0,38.0,
2021-08-22 13:00:00,,,,,58.84000015258789,0.0,76.44200134277344,True,True,100.0,0.0,76.8740005493164,True,True,70.66999816894531,0.0,75.27200317382812,True,True,57.599998474121094,0.0,86.66600036621094,True,True,48.86000061035156,0.0,73.88600158691406,True,True,48.93000030517578,0.0,77.59400177001953,True,True,47.97999954223633,0.0,73.7239990234375,True,True,83.12999725341797,0.0,75.18199920654297,True,True,42.4900016784668,0.0,74.15599822998047,True,True,48.97999954223633,0.0,75.21800231933594,True,True,51.68000030517578,0.0,73.94000244140625,True,True,59.43000030517578,-0.14000000059604645,,,,43.933998107910156,210.0019989013672,44.3120002746582,144.0,36.0,
2021-08-22 13:15:00,,,,,52.849998474121094,0.0,76.71199798583984,True,True,100.0,0.0,76.26200103759766,True,True,68.94000244140625,0.0,75.29000091552734,True,True,52.33000183105469,0.0,86.66600036621094,True,True,46.40999984741211,0.0,73.88600158691406,True,True,47.4900016784668,0.0,77.54000091552734,True,True,46.45000076293945,0.0,73.58000183105469,True,True,81.6500015258789,0.0,75.34400177001953,True,True,40.66999816894531,0.0,74.26399993896484,True,True,42.4900016784668,0.0,75.27200317382812,True,True,47.290000915527344,0.0,73.4000015258789,True,True,59.5099983215332,-0.1599999964237213,,,,43.61000061035156,210.0019989013672,44.077999114990234,144.0,36.0,
2021-08-22 13:30:00,,,,,55.689998626708984,0.0,76.47799682617188,True,True,97.8499984741211,0.0,76.08200073242188,True,True,68.19000244140625,0.0,75.27200317382812,True,True,51.34000015258789,0.0,86.66600036621094,True,True,46.040000915527344,0.0,73.83200073242188,True,True,73.48999786376953,0.0,77.77400207519531,True,True,46.279998779296875,0.0,73.54399871826172,True,True,78.13999938964844,0.0,75.19999694824219,True,True,39.47999954223633,0.0,74.28199768066406,True,True,43.86000061035156,0.0,75.30799865722656,True,True,46.959999084472656,0.0,73.5979995727539,True,True,59.45000076293945,-0.17000000178813934,,,,43.555999755859375,210.0019989013672,43.95199966430664,144.0,36.0,
2021-08-22 13:45:00,,,,,46.81999969482422,0.0,76.78399658203125,True,True,100.0,0.0,75.99199676513672,True,True,65.83000183105469,0.0,75.30799865722656,True,True,49.47999954223633,0.0,86.43199920654297,True,True,46.130001068115234,0.0,73.94000244140625,True,True,46.61000061035156,0.0,77.9540023803711,True,True,44.290000915527344,0.0,73.61599731445312,True,True,78.5,0.0,75.29000091552734,True,True,39.16999816894531,0.0,74.26399993896484,True,True,43.599998474121094,0.0,75.29000091552734,True,True,45.040000915527344,0.0,73.63400268554688,True,True,59.470001220703125,-0.11999999731779099,,,,43.30400085449219,210.0019989013672,43.736000061035156,144.0,36.0,
2021-08-22 14:00:00,,,,,54.650001525878906,0.0,76.802001953125,True,True,100.0,0.0,75.95600128173828,True,True,64.0999984741211,0.0,75.25399780273438,True,True,48.68000030517578,0.0,86.86399841308594,True,True,43.810001373291016,0.0,73.95800018310547,True,True,46.529998779296875,0.0,78.67400360107422,True,True,45.0099983215332,0.0,73.56199645996094,True,True,75.05999755859375,0.0,75.34400177001953,True,True,38.220001220703125,0.0,74.26399993896484,True,True,41.220001220703125,0.0,75.30799865722656,True,True,45.04999923706055,0.0,73.7959976196289,True,True,59.45000076293945,-0.17000000178813934,,,,43.30400085449219,210.0019989013672,43.66400146484375,144.0,36.0,
2021-08-22 14:15:00,,,,,48.16999816894531,0.0,76.98200225830078,True,True,100.0,0.0,75.95600128173828,True,True,62.849998474121094,0.0,75.30799865722656,True,True,51.099998474121094,0.0,86.43199920654297,True,True,43.25,0.0,73.94000244140625,True,True,45.630001068115234,0.0,79.39399719238281,True,True,44.31999969482422,0.0,73.95800018310547,True,True,72.33999633789062,0.0,75.30799865722656,True,True,39.470001220703125,0.0,74.33599853515625,True,True,46.29999923706055,0.0,75.36199951171875,True,True,49.34000015258789,0.0,73.94000244140625,True,True,59.5,-0.17000000178813934,,,,42.31399917602539,210.0019989013672,42.72800064086914,144.0,36.0,
2021-08-22 14:30:00,,,,,45.77000045776367,0.0,76.65799713134766,True,True,100.0,0.0,75.95600128173828,True,True,60.18000030517578,0.0,75.25399780273438,True,True,48.18000030517578,0.0,87.52999877929688,True,True,42.02000045776367,0.0,73.99400329589844,True,True,48.849998474121094,0.0,79.5199966430664,True,True,43.560001373291016,0.0,73.90399932861328,True,True,71.16999816894531,0.0,75.29000091552734,True,True,41.77000045776367,0.0,74.37200164794922,True,True,40.15999984741211,0.0,75.4520034790039,True,True,45.790000915527344,0.0,73.63400268554688,True,True,59.5099983215332,-0.10999999940395355,,,,42.566001892089844,210.0019989013672,42.854000091552734,144.0,36.0,
2021-08-22 14:45:00,,,,,50.7400016784668,0.0,76.65799713134766,True,True,100.0,0.0,75.95600128173828,True,True,59.79999923706055,0.0,75.39800262451172,True,True,50.349998474121094,0.0,87.16999816894531,True,True,44.54999923706055,0.0,73.97599792480469,True,True,49.0,0.0,79.28600311279297,True,True,42.86000061035156,0.0,73.95800018310547,True,True,70.37999725341797,0.0,75.37999725341797,True,True,41.83000183105469,0.0,74.4260025024414,True,True,44.20000076293945,0.0,75.4520034790039,True,True,51.7400016784668,0.0,73.68800354003906,True,True,59.470001220703125,-0.1599999964237213,,,,43.124000549316406,210.0019989013672,43.59199905395508,152.0,38.0,
2021-08-22 15:00:00,,,,,51.779998779296875,0.0,76.65799713134766,True,True,100.0,0.0,75.7760009765625,True,True,58.880001068115234,0.0,75.30799865722656,True,True,47.310001373291016,0.0,87.69200134277344,True,True,44.72999954223633,0.0,73.97599792480469,True,True,51.7599983215332,0.0,78.62000274658203,True,True,41.790000915527344,0.0,74.13800048828125,True,True,69.62999725341797,0.0,75.43399810791016,True,True,44.88999938964844,0.0,74.44400024414062,True,True,42.86000061035156,0.0,75.5780029296875,True,True,51.09000015258789,0.0,74.01200103759766,True,True,59.4900016784668,-0.14000000059604645,,,,42.65599822998047,210.0019989013672,43.19599914550781,144.0,36.0,
2021-08-22 15:15:00,,,,,45.099998474121094,0.0,75.93800354003906,True,True,100.0,0.0,75.79399871826172,True,True,55.86000061035156,0.0,75.23600006103516,True,True,45.77000045776367,0.0,87.18800354003906,True,True,42.459999084472656,0.0,73.94000244140625,True,True,45.25,0.0,77.75599670410156,True,True,43.599998474121094,0.0,73.97599792480469,True,True,64.68000030517578,0.0,75.59600067138672,True,True,37.41999816894531,0.0,74.4800033569336,True,True,44.15999984741211,0.0,75.63200378417969,True,True,44.41999816894531,0.0,73.4000015258789,True,True,59.4900016784668,-0.11999999731779099,,,,42.763999938964844,210.0019989013672,43.0880012512207,144.0,36.0,
2021-08-22 15:30:00,,,,,45.68000030517578,0.0,75.55999755859375,True,True,99.9000015258789,0.0,75.9020004272461,True,True,56.86000061035156,0.0,75.19999694824219,True,True,48.75,0.0,85.26200103759766,True,True,43.720001220703125,0.0,73.94000244140625,True,True,45.77000045776367,0.0,77.28800201416016,True,True,44.099998474121094,0.0,74.24600219726562,True,True,58.22999954223633,1.2200000286102295,75.39800262451172,True,True,40.43000030517578,0.0,74.44400024414062,True,True,40.40999984741211,0.0,75.66799926757812,True,True,49.65999984741211,0.0,73.5979995727539,True,True,59.599998474121094,-0.11999999731779099,,,,43.19599914550781,210.0019989013672,43.645999908447266,152.0,38.0,
2021-08-22 15:45:00,,,,,47.93000030517578,0.0,75.23600006103516,True,True,95.44999694824219,0.0,75.88400268554688,True,True,53.31999969482422,0.0,75.18199920654297,True,True,44.459999084472656,0.0,86.8280029296875,True,True,45.38999938964844,0.0,73.94000244140625,True,True,44.599998474121094,0.0,77.05400085449219,True,True,46.369998931884766,0.0,73.66999816894531,True,True,69.87999725341797,0.0,75.4520034790039,True,True,38.75,0.0,74.38999938964844,True,True,38.5,0.0,75.66799926757812,True,True,44.439998626708984,0.0,72.87799835205078,True,True,59.470001220703125,-0.1599999964237213,,,,40.604000091552734,210.0019989013672,41.108001708984375,144.0,36.0,
2021-08-22 16:00:00,,,,,45.439998626708984,0.0,75.12799835205078,True,True,99.19000244140625,0.0,75.95600128173828,True,True,55.02000045776367,0.0,75.12799835205078,True,True,43.5099983215332,0.0,86.1259994506836,True,True,40.599998474121094,0.0,73.86799621582031,True,True,46.16999816894531,0.0,76.85600280761719,True,True,42.9900016784668,0.0,73.07599639892578,True,True,66.01000213623047,0.0,75.47000122070312,True,True,41.11000061035156,0.0,74.40799713134766,True,True,45.70000076293945,0.0,75.66799926757812,True,True,43.790000915527344,0.0,72.35600280761719,True,True,59.439998626708984,-0.17000000178813934,,,,43.39400100708008,210.0019989013672,43.80799865722656,144.0,36.0,
2021-08-22 16:15:00,,,,,46.540000915527344,0.0,75.50599670410156,True,True,100.0,0.0,75.95600128173828,True,True,58.06999969482422,0.0,75.23600006103516,True,True,43.959999084472656,0.0,86.0719985961914,True,True,45.5099983215332,0.0,73.95800018310547,True,True,46.689998626708984,0.0,77.01799774169922,True,True,41.959999084472656,0.0,72.53600311279297,True,True,63.400001525878906,0.0,75.4520034790039,True,True,37.59000015258789,0.0,74.40799713134766,True,True,43.56999969482422,0.0,75.5780029296875,True,True,43.86000061035156,0.0,71.76200103759766,True,True,59.5099983215332,-0.14000000059604645,,,,43.465999603271484,210.0019989013672,43.970001220703125,144.0,36.0,
2021-08-22 16:30:00,,,,,48.970001220703125,0.0,75.75800323486328,True,True,96.20999908447266,0.0,75.9739990234375,True,True,57.040000915527344,0.0,75.27200317382812,True,True,44.56999969482422,0.0,86.9540023803711,True,True,43.54999923706055,0.0,73.97599792480469,True,True,49.880001068115234,0.0,76.83799743652344,True,True,39.70000076293945,0.0,72.28399658203125,True,True,58.150001525878906,0.0,75.29000091552734,True,True,38.40999984741211,0.0,74.31800079345703,True,True,43.9900016784668,0.0,75.59600067138672,True,True,41.119998931884766,0.0,71.52799987792969,True,True,59.470001220703125,-0.10999999940395355,,,,41.59400177001953,210.0019989013672,42.152000427246094,144.0,36.0,
2021-08-22 16:45:00,,,,,44.41999816894531,0.0,75.12799835205078,True,True,96.44999694824219,0.0,76.0999984741211,True,True,53.2400016784668,0.0,75.21800231933594,True,True,44.34000015258789,0.0,86.48600006103516,True,True,42.02000045776367,0.0,73.97599792480469,True,True,48.22999954223633,0.0,76.26200103759766,True,True,43.709999084472656,0.0,72.3740005493164,True,True,62.310001373291016,0.0,75.18199920654297,True,True,39.31999969482422,0.0,74.35399627685547,True,True,39.22999954223633,0.0,75.63200378417969,True,True,48.84000015258789,0.0,71.99600219726562,True,True,59.540000915527344,-0.14999999105930328,,,,44.97800064086914,210.0019989013672,45.55400085449219,144.0,36.0,
2021-08-22 17:00:00,,,,,43.560001373291016,0.0,74.91200256347656,True,True,100.0,0.0,76.15399932861328,True,True,55.439998626708984,0.0,75.27200317382812,True,True,44.7400016784668,0.0,85.85600280761719,True,True,40.52000045776367,0.0,73.7959976196289,True,True,48.02000045776367,0.0,76.24400329589844,True,True,43.7400016784668,0.0,72.302001953125,True,True,62.79999923706055,0.0,75.4520034790039,True,True,37.130001068115234,0.0,74.40799713134766,True,True,37.18000030517578,0.0,75.63200378417969,True,True,44.63999938964844,0.0,71.7979965209961,True,True,59.540000915527344,-0.1599999964237213,,,,41.41400146484375,210.0019989013672,41.93600082397461,144.0,36.0,
2021-08-22 17:15:00,,,,,56.290000915527344,0.0,74.53399658203125,True,True,100.0,0.0,76.13600158691406,True,True,68.22000122070312,0.0,75.16400146484375,True,True,55.4900016784668,0.0,86.16200256347656,True,True,49.34000015258789,0.0,73.97599792480469,True,True,51.189998626708984,0.0,75.68599700927734,True,True,39.06999969482422,0.0,72.12200164794922,True,True,60.650001525878906,0.0,75.41600036621094,True,True,35.29999923706055,0.0,74.4260025024414,True,True,40.439998626708984,0.0,75.63200378417969,True,True,40.33000183105469,0.0,71.5999984741211,True,True,59.40999984741211,-0.1899999976158142,,,,48.36199951171875,210.0019989013672,49.22600173950195,144.0,36.0,
2021-08-22 17:30:00,,,,,50.720001220703125,0.0,74.20999908447266,True,True,100.0,0.0,76.1719970703125,True,True,56.709999084472656,0.0,75.30799865722656,True,True,47.63999938964844,0.0,85.78399658203125,True,True,46.29999923706055,0.0,73.97599792480469,True,True,45.529998779296875,0.0,75.6500015258789,True,True,44.9900016784668,0.0,71.63600158691406,True,True,61.61000061035156,0.0,75.25399780273438,True,True,38.0,0.0,74.44400024414062,True,True,39.59000015258789,0.0,75.63200378417969,True,True,45.470001220703125,0.0,70.93399810791016,True,True,59.5,-0.11999999731779099,,,,44.11399841308594,210.0019989013672,44.672000885009766,144.0,36.0,
2021-08-22 17:45:00,,,,,44.959999084472656,0.0,74.0479965209961,True,True,100.0,0.0,76.26200103759766,True,True,55.189998626708984,0.0,75.30799865722656,True,True,44.13999938964844,0.0,85.9280014038086,True,True,41.599998474121094,0.0,73.88600158691406,True,True,44.34000015258789,0.0,75.0199966430664,True,True,40.09000015258789,0.0,71.74400329589844,True,True,55.2400016784668,0.0,75.41600036621094,True,True,38.86000061035156,0.0,74.38999938964844,True,True,40.25,0.0,75.63200378417969,True,True,40.31999969482422,0.0,71.04199981689453,True,True,59.529998779296875,-0.14999999105930328,,,,47.80400085449219,210.0019989013672,47.75,144.0,36.0,
2021-08-22 18:00:00,,,,,49.68000030517578,0.0,73.90399932861328,True,True,100.0,0.0,76.13600158691406,True,True,57.79999923706055,0.0,75.30799865722656,True,True,48.0,0.0,86.197998046875,True,True,41.09000015258789,0.0,73.88600158691406,True,True,48.08000183105469,0.0,74.78600311279297,True,True,42.7400016784668,0.0,71.56400299072266,True,True,66.76000213623047,0.0,75.47000122070312,True,True,41.9900016784668,0.0,74.4800033569336,True,True,47.290000915527344,0.0,75.63200378417969,True,True,43.81999969482422,0.0,70.86199951171875,True,True,59.5,-0.1599999964237213,,,,42.87200164794922,210.0019989013672,43.448001861572266,152.0,38.0,
2021-08-22 18:15:00,,,,,41.279998779296875,0.0,73.5979995727539,True,True,100.0,0.0,76.13600158691406,True,True,51.41999816894531,0.0,75.27200317382812,True,True,42.779998779296875,0.0,85.78399658203125,True,True,37.97999954223633,0.0,73.81400299072266,True,True,42.400001525878906,0.0,74.30000305175781,True,True,39.650001525878906,0.0,71.3479995727539,True,True,60.689998626708984,0.0,75.30799865722656,True,True,39.880001068115234,0.0,74.44400024414062,True,True,42.5099983215332,0.0,75.54199981689453,True,True,45.400001525878906,0.0,70.59200286865234,True,True,59.54999923706055,-0.11999999731779099,,,,41.57600021362305,210.0019989013672,41.97200012207031,144.0,36.0,
2021-08-22 18:30:00,,,,,40.400001525878906,0.0,73.4000015258789,True,True,100.0,0.0,76.19000244140625,True,True,49.52000045776367,0.0,75.27200317382812,True,True,44.77000045776367,0.0,85.96399688720703,True,True,38.529998779296875,0.0,73.68800354003906,True,True,41.58000183105469,0.0,73.97599792480469,True,True,45.65999984741211,0.0,71.18599700927734,True,True,64.05000305175781,0.0,75.41600036621094,True,True,43.58000183105469,0.0,74.46199798583984,True,True,43.34000015258789,0.0,75.52400207519531,True,True,46.540000915527344,0.0,70.41200256347656,True,True,59.459999084472656,-0.10999999940395355,,,,41.55799865722656,210.0019989013672,42.04399871826172,144.0,36.0,
2021-08-22 18:45:00,,,,,43.869998931884766,0.0,73.16600036621094,True,True,100.0,0.0,76.15399932861328,True,True,48.220001220703125,0.0,75.21800231933594,True,True,42.83000183105469,0.0,85.62200164794922,True,True,39.65999984741211,0.0,73.77799987792969,True,True,39.72999954223633,0.0,73.7239990234375,True,True,39.349998474121094,0.0,70.86199951171875,True,True,57.970001220703125,0.0,75.23600006103516,True,True,37.11000061035156,0.0,74.38999938964844,True,True,40.65999984741211,0.0,75.50599670410156,True,True,44.04999923706055,0.0,69.9260025024414,True,True,59.459999084472656,-0.14000000059604645,,,,41.32400131225586,210.0019989013672,41.737998962402344,144.0,36.0,
2021-08-22 19:00:00,,,,,38.2599983215332,0.0,73.5260009765625,True,True,100.0,0.0,76.1719970703125,True,True,48.18000030517578,0.0,75.19999694824219,True,True,39.0099983215332,0.0,85.74800109863281,True,True,37.720001220703125,0.0,73.70600128173828,True,True,43.540000915527344,0.0,73.70600128173828,True,True,38.40999984741211,0.0,70.53800201416016,True,True,54.65999984741211,0.0,75.21800231933594,True,True,35.689998626708984,0.0,74.33599853515625,True,True,35.939998626708984,0.0,75.37999725341797,True,True,44.47999954223633,0.0,69.67400360107422,True,True,59.459999084472656,-0.14000000059604645,,,,41.486000061035156,210.0019989013672,41.84600067138672,136.0,34.0,
2021-08-22 19:15:00,,,,,38.439998626708984,0.0,73.50800323486328,True,True,100.0,0.0,76.13600158691406,True,True,47.650001525878906,0.0,75.19999694824219,True,True,42.84000015258789,0.0,85.2979965209961,True,True,37.33000183105469,0.0,73.63400268554688,True,True,39.79999923706055,0.0,73.50800323486328,True,True,38.540000915527344,0.0,70.41200256347656,True,True,51.290000915527344,0.0,75.18199920654297,True,True,37.13999938964844,0.0,74.40799713134766,True,True,38.869998931884766,0.0,75.37999725341797,True,True,43.529998779296875,0.0,69.47599792480469,True,True,59.5,-0.17000000178813934,,,,41.64799880981445,210.0019989013672,42.04399871826172,144.0,36.0,
2021-08-22 19:30:00,,,,,38.439998626708984,0.0,73.7239990234375,True,True,95.33000183105469,0.0,75.59600067138672,True,True,47.52000045776367,0.0,75.23600006103516,True,True,44.060001373291016,0.0,86.1259994506836,True,True,42.0099983215332,0.0,73.7239990234375,True,True,40.279998779296875,0.0,73.36399841308594,True,True,37.529998779296875,0.0,70.21399688720703,True,True,53.86000061035156,0.0,75.09200286865234,True,True,36.41999816894531,0.0,74.28199768066406,True,True,41.72999954223633,0.0,75.37999725341797,True,True,39.47999954223633,0.0,69.33200073242188,True,True,59.59000015258789,-0.1899999976158142,,,,41.57600021362305,210.0019989013672,42.007999420166016,144.0,36.0,
2021-08-22 19:45:00,,,,,36.45000076293945,0.0,73.54399871826172,True,True,99.19000244140625,0.0,76.08200073242188,True,True,46.400001525878906,0.0,75.27200317382812,True,True,40.0,0.0,85.60399627685547,True,True,37.459999084472656,0.0,73.63400268554688,True,True,45.22999954223633,0.0,73.07599639892578,True,True,37.459999084472656,0.0,70.21399688720703,True,True,55.970001220703125,0.0,75.18199920654297,True,True,36.45000076293945,0.0,74.33599853515625,True,True,42.08000183105469,0.0,75.37999725341797,True,True,42.209999084472656,0.0,69.33200073242188,True,True,59.400001525878906,-0.17000000178813934,,,,41.57600021362305,210.0019989013672,42.04399871826172,144.0,36.0,
2021-08-22 20:00:00,,,,,40.560001373291016,0.0,73.04000091552734,True,True,95.08999633789062,0.0,76.13600158691406,True,True,46.5,0.0,75.21800231933594,True,True,42.70000076293945,0.0,85.49600219726562,True,True,42.880001068115234,0.0,73.61599731445312,True,True,41.939998626708984,0.0,72.75199890136719,True,True,37.220001220703125,0.0,70.10600280761719,True,True,44.59000015258789,0.5099999904632568,75.18199920654297,True,True,36.119998931884766,0.0,74.38999938964844,True,True,37.619998931884766,0.0,75.36199951171875,True,True,41.16999816894531,0.0,69.2239990234375,True,True,59.529998779296875,-0.1599999964237213,,,,41.57600021362305,210.0019989013672,42.007999420166016,144.0,36.0,
2021-08-22 20:15:00,,,,,36.27000045776367,0.0,72.64399719238281,True,True,98.66000366210938,0.0,76.15399932861328,True,True,46.779998779296875,0.0,75.27200317382812,True,True,38.83000183105469,0.0,84.7040023803711,True,True,41.619998931884766,0.0,73.54399871826172,True,True,41.38999938964844,0.0,72.46399688720703,True,True,36.779998779296875,0.0,70.1240005493164,True,True,45.630001068115234,1.2300000190734863,75.21800231933594,True,True,36.040000915527344,0.0,74.35399627685547,True,True,37.880001068115234,0.0,75.37999725341797,True,True,38.9900016784668,0.0,69.2959976196289,True,True,59.54999923706055,-0.14000000059604645,,,,41.50400161743164,210.0019989013672,42.007999420166016,144.0,36.0,
2021-08-22 20:30:00,,,,,35.91999816894531,0.0,72.6259994506836,True,True,100.0,0.0,76.13600158691406,True,True,46.33000183105469,0.0,75.27200317382812,True,True,43.939998626708984,0.0,84.9020004272461,True,True,37.310001373291016,0.0,73.47200012207031,True,True,41.31999969482422,0.0,72.35600280761719,True,True,38.34000015258789,0.0,69.87200164794922,True,True,54.47999954223633,0.0,75.27200317382812,True,True,36.47999954223633,0.0,74.26399993896484,True,True,38.130001068115234,0.0,75.36199951171875,True,True,41.810001373291016,0.0,68.97200012207031,True,True,59.459999084472656,-0.17000000178813934,,,,41.61199951171875,210.0019989013672,42.04399871826172,144.0,36.0,
2021-08-22 20:45:00,,,,,38.40999984741211,0.0,72.1760025024414,True,True,100.0,0.0,76.15399932861328,True,True,45.38999938964844,0.0,75.30799865722656,True,True,41.029998779296875,0.0,84.7760009765625,True,True,38.34000015258789,0.0,73.4000015258789,True,True,40.540000915527344,0.0,72.08599853515625,True,True,38.11000061035156,0.0,69.56600189208984,True,True,54.400001525878906,0.0,75.19999694824219,True,True,36.400001525878906,0.0,74.31800079345703,True,True,38.58000183105469,0.0,75.36199951171875,True,True,40.4900016784668,0.0,68.61199951171875,True,True,59.540000915527344,-0.14999999105930328,,,,42.47600173950195,210.0019989013672,42.69200134277344,144.0,36.0,
2021-08-22 21:00:00,,,,,37.0,0.0,71.70800018310547,True,True,100.0,0.0,76.13600158691406,True,True,47.689998626708984,0.0,75.25399780273438,True,True,42.63999938964844,0.0,84.88400268554688,True,True,39.290000915527344,0.0,73.41799926757812,True,True,41.81999969482422,0.0,72.03199768066406,True,True,37.83000183105469,0.0,69.18800354003906,True,True,49.810001373291016,0.0,74.91200256347656,True,True,36.61000061035156,0.0,74.33599853515625,True,True,45.5,0.0,75.34400177001953,True,True,39.5099983215332,0.0,68.18000030517578,True,True,59.5,-0.1899999976158142,,,,42.04399871826172,210.0019989013672,42.54800033569336,144.0,36.0,
2021-08-22 21:15:00,,,,,36.22999954223633,0.0,71.88800048828125,True,True,100.0,0.0,76.13600158691406,True,True,46.400001525878906,0.0,75.29000091552734,True,True,37.47999954223633,0.0,84.81199645996094,True,True,38.61000061035156,0.0,73.41799926757812,True,True,44.11000061035156,0.0,71.99600219726562,True,True,37.599998474121094,0.0,69.0979995727539,True,True,48.619998931884766,0.0,75.09200286865234,True,True,36.40999984741211,0.0,74.40799713134766,True,True,39.68000030517578,0.0,75.34400177001953,True,True,38.810001373291016,0.0,68.05400085449219,True,True,59.5,-0.10999999940395355,,,,41.61199951171875,210.0019989013672,42.04399871826172,144.0,36.0,
2021-08-22 21:30:00,,,,,38.2400016784668,0.0,72.10399627685547,True,True,100.0,0.0,76.08200073242188,True,True,44.68000030517578,0.0,75.34400177001953,True,True,40.2400016784668,0.0,84.72200012207031,True,True,42.68000030517578,0.0,73.41799926757812,True,True,44.220001220703125,0.0,71.90599822998047,True,True,38.4900016784668,0.0,69.04399871826172,True,True,53.22999954223633,0.0,75.23600006103516,True,True,36.58000183105469,0.0,74.31800079345703,True,True,30.729999542236328,0.0,75.34400177001953,True,True,40.59000015258789,0.0,67.98200225830078,True,True,59.5,-0.1899999976158142,,,,41.57600021362305,210.0019989013672,42.0260009765625,144.0,36.0,
2021-08-22 21:45:00,,,,,37.11000061035156,0.0,72.10399627685547,True,True,100.0,0.0,76.13600158691406,True,True,44.349998474121094,0.0,75.27200317382812,True,True,38.310001373291016,0.0,84.75800323486328,True,True,37.72999954223633,0.0,73.4000015258789,True,True,45.540000915527344,0.0,71.90599822998047,True,True,38.529998779296875,0.0,68.9540023803711,True,True,46.54999923706055,0.0,75.09200286865234,True,True,35.689998626708984,0.0,74.26399993896484,True,True,38.279998779296875,0.0,75.36199951171875,True,True,41.93000030517578,0.0,68.0,True,True,59.470001220703125,-0.14999999105930328,,,,41.52199935913086,210.0019989013672,42.007999420166016,144.0,36.0,
2021-08-22 22:00:00,,,,,43.18000030517578,0.0,72.12200164794922,True,True,100.0,0.0,76.11799621582031,True,True,44.2400016784668,0.0,75.29000091552734,True,True,36.880001068115234,0.0,84.75800323486328,True,True,36.84000015258789,0.0,73.3280029296875,True,True,45.099998474121094,0.0,71.83399963378906,True,True,37.33000183105469,0.0,69.00800323486328,True,True,46.7400016784668,0.0,75.00199890136719,True,True,35.83000183105469,0.0,74.26399993896484,True,True,58.9900016784668,0.0,75.34400177001953,True,True,39.18000030517578,0.0,68.0,True,True,59.439998626708984,-0.14999999105930328,,,,41.57600021362305,210.0019989013672,41.95399856567383,144.0,36.0,
2021-08-22 22:15:00,,,,,38.0099983215332,0.0,72.26599884033203,True,True,100.0,0.0,76.2979965209961,True,True,44.779998779296875,0.0,75.25399780273438,True,True,37.689998626708984,0.0,84.8479995727539,True,True,41.40999984741211,0.0,73.3280029296875,True,True,41.68000030517578,0.0,71.70800018310547,True,True,36.709999084472656,0.0,68.88200378417969,True,True,55.619998931884766,0.0,75.19999694824219,True,True,35.130001068115234,0.0,74.30000305175781,True,True,40.2400016784668,0.0,75.27200317382812,True,True,38.779998779296875,0.0,68.0,True,True,59.4900016784668,-0.11999999731779099,,,,41.52199935913086,210.0019989013672,41.95399856567383,136.0,34.0,
2021-08-22 22:30:00,,,,,38.029998779296875,0.0,72.4280014038086,True,True,91.80000305175781,0.0,75.95600128173828,True,True,43.470001220703125,0.0,75.27200317382812,True,True,37.310001373291016,0.0,85.06400299072266,True,True,37.400001525878906,0.0,73.3280029296875,True,True,41.02000045776367,0.0,71.63600158691406,True,True,36.630001068115234,0.0,68.91799926757812,True,True,45.84000015258789,0.0,75.05599975585938,True,True,34.369998931884766,0.0,74.24600219726562,True,True,37.36000061035156,0.0,75.30799865722656,True,True,40.97999954223633,0.0,68.0,True,True,59.45000076293945,-0.17000000178813934,,,,41.46799850463867,210.0019989013672,41.93600082397461,144.0,36.0,
2021-08-22 22:45:00,,,,,35.599998474121094,0.0,72.28399658203125,True,True,94.68000030517578,0.0,75.7760009765625,True,True,44.18000030517578,0.0,75.29000091552734,True,True,34.540000915527344,0.0,84.88400268554688,True,True,36.29999923706055,0.0,73.36399841308594,True,True,38.79999923706055,0.0,71.56400299072266,True,True,36.400001525878906,0.0,68.9000015258789,True,True,44.529998779296875,0.0,75.16400146484375,True,True,34.790000915527344,0.0,74.22799682617188,True,True,35.66999816894531,0.0,75.29000091552734,True,True,42.7400016784668,0.0,68.0,True,True,59.45000076293945,-0.17000000178813934,,,,41.50400161743164,210.0019989013672,41.93600082397461,144.0,36.0,
2021-08-22 23:00:00,,,,,43.34000015258789,0.0,73.16600036621094,True,True,100.0,0.0,75.7760009765625,True,True,52.060001373291016,0.0,75.29000091552734,True,True,42.90999984741211,0.0,85.0459976196289,True,True,40.290000915527344,0.0,73.34600067138672,True,True,44.939998626708984,0.0,71.94200134277344,True,True,36.310001373291016,0.0,68.9540023803711,True,True,47.189998626708984,0.0,75.09200286865234,True,True,34.68000030517578,0.0,74.20999908447266,True,True,33.9900016784668,0.0,75.29000091552734,True,True,40.099998474121094,0.0,68.0,True,True,59.5,-0.17000000178813934,,,,41.57600021362305,210.0019989013672,41.93600082397461,144.0,36.0,
2021-08-22 23:15:00,,,,,46.61000061035156,0.0,72.53600311279297,True,True,95.12000274658203,0.0,75.7760009765625,True,True,51.13999938964844,0.0,75.30799865722656,True,True,42.0099983215332,0.0,84.54199981689453,True,True,38.84000015258789,0.0,73.4000015258789,True,True,40.59000015258789,0.0,71.74400329589844,True,True,34.36000061035156,0.0,68.91799926757812,True,True,49.619998931884766,0.0,75.05599975585938,True,True,34.779998779296875,0.0,74.24600219726562,True,True,43.58000183105469,0.0,75.30799865722656,True,True,38.81999969482422,0.0,68.03600311279297,True,True,59.439998626708984,-0.20999999344348907,,,,41.77399826049805,210.0019989013672,42.0620002746582,144.0,36.0,
2021-08-22 23:30:00,,,,,49.220001220703125,0.0,72.302001953125,True,True,100.0,0.0,75.79399871826172,True,True,55.86000061035156,0.0,75.32599639892578,True,True,49.459999084472656,0.0,84.73999786376953,True,True,44.689998626708984,0.0,73.4000015258789,True,True,42.779998779296875,0.0,71.63600158691406,True,True,38.720001220703125,0.0,68.91799926757812,True,True,44.88999938964844,0.0,74.947998046875,True,True,37.779998779296875,0.0,74.26399993896484,True,True,35.959999084472656,0.0,75.21800231933594,True,True,39.619998931884766,0.0,68.16200256347656,True,True,59.4900016784668,-0.10999999940395355,,,,46.310001373291016,210.0019989013672,46.63399887084961,144.0,36.0,
2021-08-22 23:45:00,,,,,55.15999984741211,0.0,72.33799743652344,True,True,96.72000122070312,0.0,75.79399871826172,True,True,64.16000366210938,0.0,75.34400177001953,True,True,53.36000061035156,0.0,84.88400268554688,True,True,50.33000183105469,0.0,73.4540023803711,True,True,48.47999954223633,0.0,71.69000244140625,True,True,41.7599983215332,0.0,69.00800323486328,True,True,47.34000015258789,0.0,75.12799835205078,True,True,43.11000061035156,0.0,74.19200134277344,True,True,39.66999816894531,0.0,75.27200317382812,True,True,42.18000030517578,0.0,68.16200256347656,True,True,59.470001220703125,-0.19999998807907104,,,,47.49800109863281,210.0019989013672,48.36199951171875,144.0,36.0,
2021-08-23 00:00:00,,,,,45.599998474121094,0.0,72.96800231933594,True,True,100.0,0.0,75.79399871826172,True,True,58.630001068115234,0.0,75.41600036621094,True,True,51.06999969482422,0.0,84.0739974975586,True,True,43.349998474121094,0.0,73.18399810791016,True,True,49.59000015258789,0.0,71.5999984741211,True,True,42.43000030517578,0.0,69.04399871826172,True,True,54.52000045776367,0.0,75.00199890136719,True,True,39.5,0.0,74.26399993896484,True,True,41.43000030517578,0.0,75.27200317382812,True,True,43.0,0.0,68.2699966430664,True,True,59.4900016784668,-0.11999999731779099,,,,45.84199905395508,210.0019989013672,46.183998107910156,144.0,36.0,
2021-08-23 00:15:00,,,,,47.779998779296875,0.0,72.84200286865234,True,True,100.0,0.0,75.9739990234375,True,True,59.33000183105469,0.0,75.39800262451172,True,True,47.0099983215332,0.0,84.7040023803711,True,True,46.34000015258789,0.0,73.22000122070312,True,True,51.2599983215332,0.0,71.49199676513672,True,True,45.38999938964844,0.0,69.0260009765625,True,True,52.7599983215332,0.0,75.03800201416016,True,True,43.83000183105469,0.0,74.28199768066406,True,True,45.11000061035156,0.0,75.27200317382812,True,True,47.81999969482422,0.0,68.21600341796875,True,True,59.45000076293945,-0.11999999731779099,,,,46.02199935913086,210.0019989013672,46.34600067138672,144.0,36.0,
2021-08-23 00:30:00,,,,,43.68000030517578,0.0,72.8239974975586,True,True,100.0,0.0,75.81199645996094,True,True,59.099998474121094,0.0,75.4520034790039,True,True,50.25,0.0,84.86599731445312,True,True,46.06999969482422,0.0,73.36399841308594,True,True,52.15999984741211,0.0,71.56400299072266,True,True,45.41999816894531,0.0,69.0979995727539,True,True,67.69000244140625,0.0,75.11000061035156,True,True,40.29999923706055,0.0,74.26399993896484,True,True,47.709999084472656,0.0,75.27200317382812,True,True,44.77000045776367,0.0,68.34200286865234,True,True,59.439998626708984,-0.11999999731779099,,,,45.68000030517578,210.0019989013672,46.02199935913086,144.0,36.0,
2021-08-23 00:45:00,,,,,43.27000045776367,0.0,72.46399688720703,True,True,100.0,0.0,75.9739990234375,True,True,59.369998931884766,0.0,75.34400177001953,True,True,50.380001068115234,0.0,84.81199645996094,True,True,47.34000015258789,0.0,73.16600036621094,True,True,48.54999923706055,0.0,71.51000213623047,True,True,43.5099983215332,0.0,69.08000183105469,True,True,67.54000091552734,0.0,74.98400115966797,True,True,44.029998779296875,0.0,74.26399993896484,True,True,49.68000030517578,0.0,75.27200317382812,True,True,43.7599983215332,0.0,68.23400115966797,True,True,59.5099983215332,-0.11999999731779099,,,,45.5359992980957,210.0019989013672,45.91400146484375,144.0,36.0,
2021-08-23 01:00:00,,,,,51.849998474121094,0.0,72.93199920654297,True,True,100.0,0.0,76.0459976196289,True,True,61.4900016784668,0.0,75.37999725341797,True,True,47.939998626708984,0.0,84.5780029296875,True,True,44.72999954223633,0.0,73.14800262451172,True,True,52.189998626708984,0.0,71.09600067138672,True,True,44.060001373291016,0.0,68.98999786376953,True,True,58.22999954223633,0.0,74.98400115966797,True,True,40.77000045776367,0.0,74.28199768066406,True,True,39.68000030517578,0.0,75.19999694824219,True,True,45.470001220703125,0.0,68.10800170898438,True,True,59.470001220703125,-0.17000000178813934,,,,45.73400115966797,210.0019989013672,46.14799880981445,144.0,36.0,
2021-08-23 01:15:00,,,,,47.119998931884766,0.0,71.99600219726562,True,True,100.0,0.0,75.75800323486328,True,True,62.5,0.0,75.37999725341797,True,True,51.459999084472656,0.0,84.59600067138672,True,True,47.31999969482422,0.0,73.09400177001953,True,True,48.939998626708984,0.0,70.93399810791016,True,True,43.97999954223633,0.0,69.04399871826172,True,True,65.41000366210938,0.0,74.89399719238281,True,True,40.369998931884766,0.0,74.22799682617188,True,True,44.369998931884766,0.0,75.21800231933594,True,True,44.119998931884766,0.0,68.10800170898438,True,True,59.4900016784668,-0.11999999731779099,,,,45.625999450683594,210.0019989013672,46.02199935913086,144.0,36.0,
2021-08-23 01:30:00,,,,,44.900001525878906,0.0,71.92400360107422,True,True,100.0,0.0,75.93800354003906,True,True,62.59000015258789,0.0,75.34400177001953,True,True,47.790000915527344,0.0,84.72200012207031,True,True,44.619998931884766,0.0,73.16600036621094,True,True,52.58000183105469,0.0,71.16799926757812,True,True,43.88999938964844,0.0,68.91799926757812,True,True,61.900001525878906,0.0,74.83999633789062,True,True,40.720001220703125,0.0,74.26399993896484,True,True,39.720001220703125,0.0,75.14600372314453,True,True,43.81999969482422,0.0,68.05400085449219,True,True,59.439998626708984,-0.11999999731779099,,,,45.91400146484375,210.0019989013672,46.29199981689453,144.0,36.0,
2021-08-23 01:45:00,,,,,50.380001068115234,0.0,72.06800079345703,True,True,100.0,0.0,76.11799621582031,True,True,62.5,0.0,75.29000091552734,True,True,48.75,0.0,84.7040023803711,True,True,45.93000030517578,0.0,73.16600036621094,True,True,52.93000030517578,0.0,70.98799896240234,True,True,44.209999084472656,0.0,68.66600036621094,True,True,63.29999923706055,0.0,74.80400085449219,True,True,41.279998779296875,0.0,74.19200134277344,True,True,55.36000061035156,0.0,75.09200286865234,True,True,45.59000015258789,0.0,67.69400024414062,True,True,59.5,-0.14999999105930328,,,,45.96799850463867,210.0019989013672,46.43600082397461,144.0,36.0,
2021-08-23 02:00:00,,,,,45.459999084472656,0.0,72.53600311279297,True,True,100.0,0.0,75.95600128173828,True,True,63.959999084472656,0.0,75.30799865722656,True,True,49.060001373291016,0.0,84.34400177001953,True,True,47.95000076293945,0.0,73.05799865722656,True,True,49.41999816894531,0.0,70.77200317382812,True,True,44.689998626708984,0.0,69.11599731445312,True,True,58.75,0.0,74.89399719238281,True,True,38.04999923706055,0.0,74.13800048828125,True,True,47.900001525878906,0.0,75.11000061035156,True,True,44.040000915527344,0.0,67.91000366210938,True,True,59.4900016784668,-0.11999999731779099,,,,45.86000061035156,210.0019989013672,46.29199981689453,144.0,36.0,
2021-08-23 02:15:00,,,,,49.380001068115234,0.0,72.48200225830078,True,True,100.0,0.0,75.93800354003906,True,True,65.0999984741211,0.0,75.34400177001953,True,True,52.58000183105469,0.0,84.43399810791016,True,True,46.58000183105469,0.0,72.98600006103516,True,True,49.27000045776367,0.0,70.77200317382812,True,True,45.18000030517578,0.0,68.91799926757812,True,True,58.779998779296875,0.0,74.8759994506836,True,True,41.439998626708984,0.0,74.20999908447266,True,True,48.380001068115234,0.0,75.12799835205078,True,True,46.959999084472656,0.0,67.89199829101562,True,True,59.459999084472656,-0.1899999976158142,,,,45.805999755859375,210.0019989013672,46.25600051879883,144.0,36.0,
2021-08-23 02:30:00,,,,,58.540000915527344,0.0,72.15799713134766,True,True,95.91999816894531,0.0,75.81199645996094,True,True,66.79000091552734,0.0,75.32599639892578,True,True,50.75,0.0,84.8479995727539,True,True,47.63999938964844,0.0,73.14800262451172,True,True,49.95000076293945,0.0,70.82599639892578,True,True,45.900001525878906,0.0,68.88200378417969,True,True,69.20999908447266,0.0,74.98400115966797,True,True,41.459999084472656,0.0,74.12000274658203,True,True,47.689998626708984,0.0,75.0739974975586,True,True,46.11000061035156,0.0,67.802001953125,True,True,59.560001373291016,-0.1599999964237213,,,,45.895999908447266,210.0019989013672,46.27399826049805,144.0,36.0,
2021-08-23 02:45:00,,,,,49.02000045776367,0.0,71.99600219726562,True,True,98.81999969482422,0.0,75.9739990234375,True,True,65.93000030517578,0.0,75.32599639892578,True,True,53.939998626708984,0.0,84.32599639892578,True,True,44.779998779296875,0.0,73.09400177001953,True,True,53.220001220703125,0.0,70.77200317382812,True,True,46.08000183105469,0.0,69.0979995727539,True,True,62.88999938964844,0.0,74.6780014038086,True,True,41.7400016784668,0.0,74.12000274658203,True,True,42.939998626708984,0.0,75.05599975585938,True,True,47.470001220703125,0.0,67.98200225830078,True,True,59.540000915527344,-0.09999999403953552,,,,45.96799850463867,210.0019989013672,46.36399841308594,144.0,36.0,
2021-08-23 03:00:00,,,,,54.29999923706055,0.0,71.74400329589844,True,True,100.0,0.0,75.8479995727539,True,True,66.80000305175781,0.0,75.27200317382812,True,True,52.779998779296875,0.0,84.32599639892578,True,True,43.5,0.0,73.16600036621094,True,True,54.540000915527344,0.0,70.66400146484375,True,True,46.439998626708984,0.0,69.13400268554688,True,True,68.02999877929688,0.0,74.80400085449219,True,True,41.91999816894531,0.0,74.15599822998047,True,True,50.08000183105469,0.0,75.09200286865234,True,True,44.97999954223633,0.0,68.16200256347656,True,True,59.470001220703125,-0.14000000059604645,,,,46.11199951171875,210.0019989013672,46.507999420166016,144.0,36.0,
2021-08-23 03:15:00,,,,,46.65999984741211,0.0,72.46399688720703,True,True,97.77999877929688,0.0,75.99199676513672,True,True,69.62999725341797,0.0,75.34400177001953,True,True,49.95000076293945,0.0,84.48799896240234,True,True,47.400001525878906,0.0,73.3280029296875,True,True,51.91999816894531,0.0,70.84400177001953,True,True,48.31999969482422,0.0,68.77400207519531,True,True,65.16000366210938,0.0,74.91200256347656,True,True,42.22999954223633,0.0,74.15599822998047,True,True,41.29999923706055,0.0,75.11000061035156,True,True,49.099998474121094,0.0,67.9280014038086,True,True,59.459999084472656,-0.11999999731779099,,,,46.20199966430664,210.0019989013672,46.597999572753906,144.0,36.0,
2021-08-23 03:30:00,,,,,50.810001373291016,0.0,72.28399658203125,True,True,100.0,0.0,76.13600158691406,True,True,68.70999908447266,0.0,75.34400177001953,True,True,53.59000015258789,0.0,84.43399810791016,True,True,42.560001373291016,0.0,73.09400177001953,True,True,54.0099983215332,0.0,70.77200317382812,True,True,48.310001373291016,0.0,68.93599700927734,True,True,63.5099983215332,0.0,75.09200286865234,True,True,43.0099983215332,0.0,74.15599822998047,True,True,46.59000015258789,0.0,75.03800201416016,True,True,44.650001525878906,0.0,67.89199829101562,True,True,59.5,-0.17000000178813934,,,,46.183998107910156,210.0019989013672,46.597999572753906,144.0,36.0,
2021-08-23 03:45:00,,,,,55.790000915527344,0.0,72.8239974975586,True,True,95.47000122070312,0.0,75.9739990234375,True,True,69.0999984741211,0.0,75.30799865722656,True,True,51.63999938964844,0.0,84.52400207519531,True,True,49.56999969482422,0.0,73.07599639892578,True,True,50.36000061035156,0.0,70.73600006103516,True,True,45.119998931884766,0.0,68.97200012207031,True,True,74.66000366210938,0.0,74.89399719238281,True,True,43.2599983215332,0.0,74.12000274658203,True,True,48.189998626708984,0.0,74.98400115966797,True,True,46.5099983215332,0.0,67.76599884033203,True,True,59.5,-0.11999999731779099,,,,46.130001068115234,210.0019989013672,46.58000183105469,144.0,36.0,
2021-08-23 04:00:00,,,,,47.900001525878906,0.0,72.1760025024414,True,True,96.5199966430664,0.0,76.0999984741211,True,True,69.6500015258789,0.0,75.27200317382812,True,True,51.11000061035156,0.0,84.43399810791016,True,True,43.599998474121094,0.0,73.11199951171875,True,True,53.540000915527344,0.0,70.80799865722656,True,True,45.58000183105469,0.0,68.73799896240234,True,True,66.3499984741211,0.0,75.00199890136719,True,True,44.369998931884766,0.0,74.13800048828125,True,True,41.7599983215332,0.0,74.98400115966797,True,True,46.869998931884766,0.0,67.802001953125,True,True,59.459999084472656,-0.14000000059604645,,,,46.20199966430664,210.0019989013672,46.63399887084961,144.0,36.0,
2021-08-23 04:15:00,,,,,51.61000061035156,0.0,72.98600006103516,True,True,96.12000274658203,0.0,75.79399871826172,True,True,71.2300033569336,0.0,75.27200317382812,True,True,51.5,0.0,84.37999725341797,True,True,45.27000045776367,0.0,73.09400177001953,True,True,50.36000061035156,0.0,70.46600341796875,True,True,45.41999816894531,0.0,68.55799865722656,True,True,64.30999755859375,0.0,75.00199890136719,True,True,44.779998779296875,0.0,74.13800048828125,True,True,40.08000183105469,0.0,74.98400115966797,True,True,45.439998626708984,0.0,67.69400024414062,True,True,59.470001220703125,-0.11999999731779099,,,,46.09400177001953,210.0019989013672,46.5260009765625,144.0,36.0,
2021-08-23 04:30:00,,,,,57.540000915527344,0.0,73.04000091552734,True,True,100.0,0.0,75.9739990234375,True,True,71.45999908447266,0.0,75.34400177001953,True,True,54.709999084472656,0.0,84.16400146484375,True,True,44.66999816894531,0.0,72.96800231933594,True,True,56.810001373291016,0.0,70.61000061035156,True,True,45.34000015258789,0.0,68.61199951171875,True,True,68.23999786376953,0.0,74.8219985961914,True,True,44.77000045776367,0.0,74.10199737548828,True,True,43.369998931884766,0.0,74.98400115966797,True,True,47.4900016784668,0.0,67.76599884033203,True,True,59.470001220703125,-0.09999999403953552,,,,45.895999908447266,210.0019989013672,46.327999114990234,144.0,36.0,
2021-08-23 04:45:00,,,,,52.65999984741211,0.0,72.60800170898438,True,True,95.61000061035156,0.0,75.95600128173828,True,True,71.26000213623047,0.0,75.30799865722656,True,True,55.0,0.0,84.21800231933594,True,True,49.599998474121094,0.0,73.04000091552734,True,True,49.380001068115234,0.0,70.30400085449219,True,True,45.38999938964844,0.0,68.88200378417969,True,True,73.44000244140625,0.0,74.73200225830078,True,True,45.040000915527344,0.0,74.10199737548828,True,True,48.59000015258789,0.0,74.96600341796875,True,True,45.619998931884766,0.0,67.76599884033203,True,True,59.45000076293945,-0.10999999940395355,,,,45.96799850463867,210.0019989013672,46.327999114990234,152.0,38.0,
2021-08-23 05:00:00,,,,,57.790000915527344,0.0,72.28399658203125,True,True,100.0,0.0,76.13600158691406,True,True,72.69000244140625,0.0,75.27200317382812,True,True,52.290000915527344,0.0,84.00199890136719,True,True,44.56999969482422,0.0,72.94999694824219,True,True,49.880001068115234,0.0,70.53800201416016,True,True,45.56999969482422,0.0,68.73799896240234,True,True,66.48999786376953,0.0,74.89399719238281,True,True,45.5,0.0,74.19200134277344,True,True,48.88999938964844,0.0,74.96600341796875,True,True,46.54999923706055,0.0,67.802001953125,True,True,59.4900016784668,-0.1899999976158142,,,,46.05799865722656,210.0019989013672,46.45399856567383,144.0,36.0,
2021-08-23 05:15:00,,,,,51.369998931884766,0.0,72.12200164794922,True,True,100.0,0.0,76.06400299072266,True,True,73.54000091552734,0.0,75.29000091552734,True,True,56.34000015258789,0.0,84.21800231933594,True,True,42.90999984741211,0.0,73.09400177001953,True,True,50.4900016784668,0.0,70.66400146484375,True,True,46.20000076293945,0.0,68.73799896240234,True,True,70.36000061035156,0.0,74.69599914550781,True,True,45.72999954223633,0.0,74.12000274658203,True,True,44.369998931884766,0.0,74.96600341796875,True,True,46.72999954223633,0.0,67.98200225830078,True,True,59.5,-0.14000000059604645,,,,46.09400177001953,210.0019989013672,46.507999420166016,152.0,38.0,
2021-08-23 05:30:00,,,,,55.84000015258789,0.0,72.46399688720703,True,True,100.0,0.0,75.9739990234375,True,True,74.7699966430664,0.0,75.34400177001953,True,True,52.939998626708984,0.0,83.40799713134766,True,True,49.41999816894531,0.0,73.07599639892578,True,True,50.130001068115234,0.0,70.59200286865234,True,True,45.849998474121094,0.0,68.79199981689453,True,True,71.66000366210938,0.0,74.53399658203125,True,True,43.56999969482422,0.0,74.06600189208984,True,True,49.790000915527344,0.0,74.83999633789062,True,True,47.43000030517578,0.0,67.802001953125,True,True,59.45000076293945,-0.11999999731779099,,,,46.183998107910156,210.0019989013672,46.61600112915039,152.0,38.0,
2021-08-23 05:45:00,,,,,60.61000061035156,0.0,72.64399719238281,True,True,100.0,0.0,76.1719970703125,True,True,74.6500015258789,0.0,75.36199951171875,True,True,57.22999954223633,0.0,84.00199890136719,True,True,43.209999084472656,0.0,73.04000091552734,True,True,53.650001525878906,0.0,70.3219985961914,True,True,45.790000915527344,0.0,68.46800231933594,True,True,69.93000030517578,0.0,74.91200256347656,True,True,43.060001373291016,0.0,73.97599792480469,True,True,50.209999084472656,0.0,74.91200256347656,True,True,47.470001220703125,0.0,67.65799713134766,True,True,59.5,-0.17000000178813934,,,,46.88600158691406,210.0019989013672,47.33599853515625,144.0,36.0,
2021-08-23 06:00:00,,,,,56.560001373291016,0.0,71.76200103759766,True,True,100.0,0.0,76.11799621582031,True,True,75.98999786376953,0.0,75.30799865722656,True,True,55.04999923706055,0.0,84.14600372314453,True,True,47.86000061035156,0.0,73.16600036621094,True,True,51.88999938964844,0.0,70.48400115966797,True,True,45.970001220703125,0.0,68.46800231933594,True,True,80.08000183105469,0.0,74.73200225830078,True,True,43.209999084472656,0.0,74.06600189208984,True,True,43.56999969482422,0.0,74.947998046875,True,True,47.150001525878906,0.0,67.56800079345703,True,True,59.5099983215332,-0.11999999731779099,,,,46.63399887084961,210.0019989013672,47.012001037597656,144.0,36.0,
2021-08-23 06:15:00,,,,,61.63999938964844,0.0,72.06800079345703,True,True,100.0,0.0,76.15399932861328,True,True,77.12999725341797,0.0,75.27200317382812,True,True,54.72999954223633,0.0,84.34400177001953,True,True,44.95000076293945,0.0,73.14800262451172,True,True,51.869998931884766,0.0,70.35800170898438,True,True,46.58000183105469,0.0,68.79199981689453,True,True,72.72000122070312,0.0,74.6780014038086,True,True,43.27000045776367,0.0,73.99400329589844,True,True,45.4900016784668,0.0,74.93000030517578,True,True,46.119998931884766,0.0,67.802001953125,True,True,59.459999084472656,-0.1899999976158142,,,,46.597999572753906,210.0019989013672,47.012001037597656,152.0,38.0,
2021-08-23 06:30:00,,,,,59.58000183105469,0.0,72.06800079345703,True,True,100.0,0.0,76.08200073242188,True,True,75.05999755859375,0.0,75.32599639892578,True,True,54.72999954223633,0.0,84.18199920654297,True,True,43.650001525878906,0.0,73.14800262451172,True,True,55.619998931884766,0.0,70.30400085449219,True,True,47.58000183105469,0.0,68.68399810791016,True,True,75.80000305175781,0.0,74.552001953125,True,True,41.939998626708984,0.0,74.0479965209961,True,True,45.90999984741211,0.0,74.93000030517578,True,True,46.939998626708984,0.0,67.89199829101562,True,True,59.5,-0.14999999105930328,,,,46.02199935913086,210.0019989013672,46.36399841308594,152.0,38.0,
2021-08-23 06:45:00,,,,,60.130001068115234,0.0,72.06800079345703,True,True,100.0,0.0,76.11799621582031,True,True,73.70999908447266,0.0,75.30799865722656,True,True,54.369998931884766,0.0,84.0739974975586,True,True,41.310001373291016,0.0,73.14800262451172,True,True,53.27000045776367,0.0,70.59200286865234,True,True,48.040000915527344,0.0,69.13400268554688,True,True,80.6500015258789,0.0,74.75,True,True,43.41999816894531,0.0,74.06600189208984,True,True,42.150001525878906,0.0,74.8219985961914,True,True,47.790000915527344,0.0,68.16200256347656,True,True,59.4900016784668,-0.1599999964237213,,,,46.34600067138672,210.0019989013672,46.79600143432617,144.0,36.0,
2021-08-23 07:00:00,,,,,56.720001220703125,0.0,73.12999725341797,True,True,100.0,0.0,76.13600158691406,True,True,81.55999755859375,0.0,75.30799865722656,True,True,55.34000015258789,0.0,84.9020004272461,True,True,49.380001068115234,0.0,73.30999755859375,True,True,56.34000015258789,0.0,70.89800262451172,True,True,48.27000045776367,0.0,69.2239990234375,True,True,81.55999755859375,0.0,74.947998046875,True,True,45.18000030517578,0.0,74.06600189208984,True,True,46.290000915527344,0.0,74.80400085449219,True,True,48.75,0.0,68.39600372314453,True,True,59.4900016784668,-0.1599999964237213,,,,45.715999603271484,210.0019989013672,46.25600051879883,152.0,38.0,
2021-08-23 07:15:00,,,,,51.720001220703125,0.0,73.5979995727539,True,True,100.0,0.0,76.02799987792969,True,True,70.51000213623047,0.0,75.32599639892578,True,True,53.310001373291016,0.0,85.60399627685547,True,True,43.939998626708984,0.0,73.22000122070312,True,True,52.31999969482422,0.0,71.3479995727539,True,True,47.04999923706055,0.0,69.4219970703125,True,True,84.70999908447266,0.0,74.71399688720703,True,True,41.34000015258789,0.0,74.06600189208984,True,True,47.7400016784668,0.0,74.8219985961914,True,True,47.25,0.0,68.52200317382812,True,True,59.4900016784668,-0.11999999731779099,,,,44.816001892089844,210.0019989013672,45.08599853515625,144.0,36.0,
2021-08-23 07:30:00,,,,,60.029998779296875,0.0,73.36399841308594,True,True,100.0,0.0,75.7760009765625,True,True,63.720001220703125,0.0,75.19999694824219,True,True,46.209999084472656,0.0,85.78399658203125,True,True,42.369998931884766,0.0,73.27400207519531,True,True,44.54999923706055,0.0,71.2040023803711,True,True,48.869998931884766,0.0,69.40399932861328,True,True,84.9000015258789,0.0,74.85800170898438,True,True,46.66999816894531,0.0,74.01200103759766,True,True,42.9900016784668,0.0,74.80400085449219,True,True,48.310001373291016,0.0,68.73799896240234,True,True,59.560001373291016,-0.17000000178813934,,,,43.465999603271484,210.0019989013672,43.987998962402344,152.0,38.0,
2021-08-23 07:45:00,,,,,53.040000915527344,0.0,73.16600036621094,True,True,100.0,0.0,75.7760009765625,True,True,62.47999954223633,0.0,75.16400146484375,True,True,46.2400016784668,0.0,85.2979965209961,True,True,41.470001220703125,0.0,73.3280029296875,True,True,42.5,0.0,71.38400268554688,True,True,47.9900016784668,0.0,69.1520004272461,True,True,85.93000030517578,0.0,75.12799835205078,True,True,44.15999984741211,0.0,74.0479965209961,True,True,43.439998626708984,0.0,74.78600311279297,True,True,47.09000015258789,0.0,68.48600006103516,True,True,59.56999969482422,-0.14999999105930328,,,,44.00600051879883,210.0019989013672,44.38399887084961,152.0,38.0,
2021-08-23 08:00:00,,,,,56.45000076293945,0.0,73.43599700927734,True,True,100.0,0.0,75.7760009765625,True,True,64.83999633789062,0.0,75.16400146484375,True,True,46.439998626708984,0.0,84.5780029296875,True,True,42.2599983215332,0.0,73.4540023803711,True,True,42.93000030517578,0.0,71.85199737548828,True,True,41.18000030517578,0.0,69.31400299072266,True,True,73.73999786376953,0.0,74.8759994506836,True,True,44.58000183105469,0.0,73.95800018310547,True,True,40.720001220703125,0.0,74.75,True,True,45.22999954223633,0.0,68.7020034790039,True,True,59.45000076293945,-0.10999999940395355,,,,42.74599838256836,210.0019989013672,43.231998443603516,152.0,38.0,
2021-08-23 08:15:00,,,,,61.08000183105469,0.0,73.61599731445312,True,True,100.0,0.0,75.75800323486328,True,True,67.4800033569336,0.0,75.16400146484375,True,True,51.400001525878906,0.0,86.2699966430664,True,True,49.7400016784668,0.0,73.50800323486328,True,True,43.0099983215332,0.0,72.10399627685547,True,True,41.54999923706055,0.0,69.45800018310547,True,True,74.62999725341797,0.0,74.73200225830078,True,True,40.22999954223633,0.0,73.95800018310547,True,True,37.790000915527344,0.0,74.73200225830078,True,True,47.650001525878906,0.0,68.77400207519531,True,True,59.5099983215332,-0.10999999940395355,,,,43.62799835205078,210.0019989013672,44.70800018310547,160.0,40.0,
2021-08-23 08:30:00,,,,,52.40999984741211,0.0,74.4260025024414,True,True,100.0,0.0,75.68599700927734,True,True,62.849998474121094,0.0,75.18199920654297,True,True,57.7400016784668,0.0,86.23400115966797,True,True,43.63999938964844,0.0,73.77799987792969,True,True,56.90999984741211,0.0,72.4280014038086,True,True,41.31999969482422,0.0,69.81800079345703,True,True,63.86000061035156,0.0,74.89399719238281,True,True,38.20000076293945,0.0,73.94000244140625,True,True,44.900001525878906,0.0,74.6240005493164,True,True,41.97999954223633,0.0,69.1520004272461,True,True,59.540000915527344,-0.11999999731779099,,,,44.762001037597656,210.0019989013672,45.13999938964844,152.0,38.0,
2021-08-23 08:45:00,,,,,53.88999938964844,0.0,74.40799713134766,True,True,97.51000213623047,0.0,75.79399871826172,True,True,63.79999923706055,0.0,75.09200286865234,True,True,58.93000030517578,0.0,83.60600280761719,True,True,50.79999923706055,0.0,73.86799621582031,True,True,52.720001220703125,0.0,72.03199768066406,True,True,39.689998626708984,0.0,69.69200134277344,True,True,64.48999786376953,0.0,75.0199966430664,True,True,39.88999938964844,0.0,73.97599792480469,True,True,38.130001068115234,0.0,74.69599914550781,True,True,40.439998626708984,0.0,69.27799987792969,True,True,59.5099983215332,-0.17000000178813934,,,,44.90599822998047,210.0019989013672,45.4640007019043,168.0,42.0,
2021-08-23 09:00:00,,,,,57.900001525878906,0.0,74.96600341796875,True,True,100.0,0.0,82.25599670410156,True,True,62.630001068115234,0.0,75.23600006103516,True,True,53.16999816894531,0.0,84.72200012207031,True,True,53.060001373291016,0.0,73.90399932861328,True,True,48.06999969482422,0.0,72.4280014038086,True,True,40.790000915527344,0.0,69.99800109863281,True,True,73.88999938964844,0.0,74.98400115966797,True,True,39.29999923706055,0.0,73.9219970703125,True,True,46.02000045776367,0.0,74.76799774169922,True,True,42.970001220703125,0.0,69.76399993896484,True,True,59.459999084472656,-0.19999998807907104,,,,43.62799835205078,210.0019989013672,44.09600067138672,176.0,44.0,
2021-08-23 09:15:00,,,,,57.880001068115234,0.0,74.37200164794922,True,True,100.0,0.0,76.31600189208984,True,True,60.90999984741211,0.0,75.19999694824219,True,True,57.7400016784668,0.0,85.49600219726562,True,True,51.7400016784668,0.0,73.94000244140625,True,True,53.150001525878906,0.0,73.54399871826172,True,True,41.20000076293945,0.0,70.75399780273438,True,True,68.02999877929688,0.0,75.14600372314453,True,True,38.90999984741211,0.0,74.10199737548828,True,True,47.04999923706055,0.0,74.80400085449219,True,True,41.79999923706055,0.0,70.62799835205078,True,True,59.470001220703125,-0.10999999940395355,,,,48.21799850463867,210.0019989013672,48.32600021362305,168.0,42.0,
2021-08-23 09:30:00,,,,,58.939998626708984,0.0,74.98400115966797,True,True,100.0,0.0,75.95600128173828,True,True,67.16999816894531,0.0,75.27200317382812,True,True,64.23999786376953,0.0,86.08999633789062,True,True,60.4900016784668,0.0,72.46399688720703,True,True,63.0099983215332,0.0,73.81400299072266,True,True,42.54999923706055,0.0,71.02400207519531,True,True,72.7699966430664,0.0,75.11000061035156,True,True,40.91999816894531,0.0,74.19200134277344,True,True,40.150001525878906,0.0,74.91200256347656,True,True,41.130001068115234,0.0,70.98799896240234,True,True,59.470001220703125,-0.09999999403953552,,,,44.04199981689453,210.0019989013672,44.5099983215332,176.0,44.0,
2021-08-23 09:45:00,,,,,46.810001373291016,0.0,75.5780029296875,True,True,100.0,0.0,80.70800018310547,True,True,62.310001373291016,0.0,75.27200317382812,True,True,56.279998779296875,0.0,86.08999633789062,True,True,59.58000183105469,0.0,72.33799743652344,True,True,52.16999816894531,0.0,73.94000244140625,True,True,41.040000915527344,0.0,71.09600067138672,True,True,72.51000213623047,0.0,75.30799865722656,True,True,38.5099983215332,0.0,74.17400360107422,True,True,37.099998474121094,0.0,74.91200256347656,True,True,39.09000015258789,0.0,71.04199981689453,True,True,59.5,-0.1899999976158142,,,,42.439998626708984,210.0019989013672,42.99800109863281,184.0,46.0,
2021-08-23 10:00:00,,,,,48.279998779296875,0.0,75.75800323486328,True,True,100.0,0.0,77.3239974975586,True,True,60.540000915527344,0.0,75.27200317382812,True,True,48.029998779296875,0.0,86.08999633789062,True,True,54.59000015258789,0.0,72.48200225830078,True,True,52.38999938964844,0.0,74.60600280761719,True,True,45.70000076293945,0.0,71.16799926757812,True,True,79.62999725341797,0.0,75.29000091552734,True,True,40.099998474121094,0.0,74.10199737548828,True,True,46.9900016784668,0.0,75.0199966430664,True,True,46.11000061035156,0.0,71.0780029296875,True,True,59.540000915527344,-0.11999999731779099,,,,40.784000396728516,210.0019989013672,41.125999450683594,184.0,46.0,
2021-08-23 10:15:00,,,,,44.45000076293945,0.0,76.15399932861328,True,True,94.23999786376953,0.0,76.11799621582031,True,True,55.20000076293945,0.0,75.27200317382812,True,True,46.83000183105469,0.0,87.2239990234375,True,True,52.27000045776367,0.0,73.81400299072266,True,True,57.61000061035156,0.0,76.08200073242188,True,True,40.5099983215332,0.0,71.49199676513672,True,True,80.52999877929688,0.0,75.30799865722656,True,True,38.7400016784668,0.0,74.13800048828125,True,True,43.779998779296875,0.0,75.09200286865234,True,True,44.060001373291016,0.0,71.56400299072266,True,True,59.4900016784668,-0.11999999731779099,,,,41.52199935913086,210.0019989013672,42.04399871826172,184.0,46.0,
2021-08-23 10:30:00,,,,,48.369998931884766,0.0,76.40599822998047,True,True,94.58999633789062,0.0,75.75800323486328,True,True,54.2599983215332,0.0,75.25399780273438,True,True,48.970001220703125,0.0,87.56600189208984,True,True,50.119998931884766,0.0,74.33599853515625,True,True,55.5,0.0,77.55799865722656,True,True,39.09000015258789,0.0,72.06800079345703,True,True,79.83999633789062,0.0,75.21800231933594,True,True,37.130001068115234,0.0,74.19200134277344,True,True,43.61000061035156,0.0,75.09200286865234,True,True,48.310001373291016,0.0,72.3740005493164,True,True,59.43000030517578,-0.14000000059604645,,,,44.492000579833984,210.0019989013672,44.94200134277344,184.0,46.0,
2021-08-23 10:45:00,,,,,45.400001525878906,0.0,76.40599822998047,True,True,94.69999694824219,0.0,75.7760009765625,True,True,56.56999969482422,0.0,75.30799865722656,True,True,52.939998626708984,0.0,87.94400024414062,True,True,60.36000061035156,0.0,74.13800048828125,True,True,48.310001373291016,0.0,78.13400268554688,True,True,39.4900016784668,0.0,72.46399688720703,True,True,79.08999633789062,0.0,75.09200286865234,True,True,36.45000076293945,0.0,74.22799682617188,True,True,42.63999938964844,0.0,75.09200286865234,True,True,46.40999984741211,0.0,72.84200286865234,True,True,59.470001220703125,-0.10999999940395355,,,,41.28799819946289,210.0019989013672,41.827999114990234,184.0,46.0,
2021-08-23 11:00:00,,,,,49.849998474121094,0.0,76.62200164794922,True,True,97.22000122070312,0.0,75.63200378417969,True,True,55.439998626708984,0.0,75.32599639892578,True,True,45.720001220703125,0.0,88.052001953125,True,True,54.47999954223633,0.0,75.00199890136719,True,True,49.619998931884766,0.0,78.90799713134766,True,True,40.20000076293945,0.0,73.12999725341797,True,True,78.88999938964844,0.0,75.30799865722656,True,True,41.5099983215332,0.0,74.19200134277344,True,True,34.7599983215332,0.0,75.18199920654297,True,True,46.13999938964844,0.0,73.63400268554688,True,True,59.459999084472656,-0.14999999105930328,,,,42.1879997253418,210.0019989013672,42.58399963378906,184.0,46.0,
2021-08-23 11:15:00,,,,,54.630001068115234,0.0,77.50399780273438,True,True,96.68000030517578,0.0,75.75800323486328,True,True,55.68000030517578,0.0,75.34400177001953,True,True,51.209999084472656,0.0,88.80799865722656,True,True,51.599998474121094,0.0,75.95600128173828,True,True,52.540000915527344,0.0,79.80799865722656,True,True,42.93000030517578,0.0,73.36399841308594,True,True,75.05999755859375,0.0,75.41600036621094,True,True,40.220001220703125,0.0,74.22799682617188,True,True,51.13999938964844,0.0,75.27200317382812,True,True,48.75,0.0,73.63400268554688,True,True,59.45000076293945,-0.11999999731779099,,,,42.152000427246094,210.0019989013672,42.92599868774414,192.0,48.0,
2021-08-23 11:30:00,,,,,46.84000015258789,0.0,77.197998046875,True,True,99.37000274658203,0.0,75.63200378417969,True,True,51.66999816894531,0.0,75.34400177001953,True,True,50.369998931884766,0.0,88.1240005493164,True,True,59.650001525878906,0.0,75.7040023803711,True,True,57.900001525878906,0.0,79.89800262451172,True,True,39.849998474121094,0.0,73.86799621582031,True,True,75.87000274658203,0.0,75.37999725341797,True,True,39.22999954223633,0.0,74.26399993896484,True,True,38.18000030517578,0.0,75.30799865722656,True,True,39.88999938964844,0.0,74.24600219726562,True,True,59.45000076293945,-0.19999998807907104,,,,41.215999603271484,210.0019989013672,41.683998107910156,184.0,46.0,
2021-08-23 11:45:00,,,,,51.20000076293945,0.0,77.05400085449219,True,True,100.0,0.0,75.7760009765625,True,True,53.470001220703125,0.0,75.30799865722656,True,True,51.09000015258789,0.0,88.5739974975586,True,True,59.77000045776367,0.0,75.91999816894531,True,True,58.810001373291016,0.0,80.6719970703125,True,True,41.04999923706055,0.0,74.947998046875,True,True,74.06999969482422,0.0,75.50599670410156,True,True,38.369998931884766,0.0,74.19200134277344,True,True,36.470001220703125,0.47999998927116394,75.29000091552734,True,True,53.9900016784668,0.0,75.72200012207031,True,True,59.5099983215332,-0.1599999964237213,,,,43.80799865722656,210.0019989013672,44.2400016784668,184.0,46.0,
2021-08-23 12:00:00,,,,,56.939998626708984,0.0,77.57599639892578,True,True,100.0,0.0,75.75800323486328,True,True,57.11000061035156,0.0,75.37999725341797,True,True,55.290000915527344,0.0,88.46600341796875,True,True,65.0,0.0,76.26200103759766,True,True,58.95000076293945,0.0,80.52799987792969,True,True,41.34000015258789,0.0,75.19999694824219,True,True,76.75,0.0,75.52400207519531,True,True,40.47999954223633,0.0,74.46199798583984,True,True,31.90999984741211,0.0,75.30799865722656,True,True,41.20000076293945,0.0,75.61399841308594,True,True,59.470001220703125,-0.14000000059604645,,,,44.94200134277344,210.0019989013672,45.284000396728516,184.0,46.0,
2021-08-23 12:15:00,,,,,53.779998779296875,0.0,77.37799835205078,True,True,100.0,0.0,75.8479995727539,True,True,61.779998779296875,0.0,75.50599670410156,True,True,58.209999084472656,0.0,89.29399871826172,True,True,69.0,0.0,77.0719985961914,True,True,63.790000915527344,0.0,80.74400329589844,True,True,41.41999816894531,0.0,75.0739974975586,True,True,76.43000030517578,0.0,75.39800262451172,True,True,38.77000045776367,0.0,74.22799682617188,True,True,43.31999969482422,0.0,75.36199951171875,True,True,45.27000045776367,0.0,75.34400177001953,True,True,59.5,-0.1899999976158142,,,,45.64400100708008,210.0019989013672,46.07600021362305,184.0,46.0,
2021-08-23 12:30:00,,,,,59.91999816894531,0.0,77.68399810791016,True,True,100.0,0.0,75.9020004272461,True,True,62.38999938964844,0.0,75.4520034790039,True,True,58.959999084472656,0.0,89.81600189208984,True,True,78.33000183105469,0.0,76.60399627685547,True,True,68.12000274658203,0.0,82.23799896240234,True,True,42.9900016784668,0.0,75.7040023803711,True,True,83.2300033569336,0.0,75.54199981689453,True,True,45.40999984741211,0.0,74.28199768066406,True,True,48.18000030517578,0.0,75.43399810791016,True,True,51.849998474121094,0.0,76.38800048828125,True,True,59.5,-0.14999999105930328,,,,46.5620002746582,210.0019989013672,46.90399932861328,192.0,48.0,
2021-08-23 12:45:00,,,,,62.47999954223633,0.0,78.00800323486328,True,True,100.0,0.0,75.95600128173828,True,True,65.33999633789062,0.0,75.59600067138672,True,True,63.5,0.0,89.90599822998047,True,True,67.63999938964844,0.0,76.94599914550781,True,True,68.29000091552734,0.0,82.07599639892578,True,True,43.939998626708984,0.0,75.7040023803711,True,True,85.22000122070312,0.0,75.55999755859375,True,True,42.04999923706055,0.0,74.26399993896484,True,True,45.91999816894531,0.0,75.37999725341797,True,True,54.41999816894531,0.0,75.99199676513672,True,True,59.4900016784668,-0.17000000178813934,,,,47.19200134277344,210.0019989013672,47.534000396728516,184.0,46.0,
2021-08-23 13:00:00,,,,,67.55999755859375,0.0,78.18800354003906,True,True,100.0,0.0,76.11799621582031,True,True,70.0199966430664,0.0,75.50599670410156,True,True,63.75,0.0,89.11399841308594,True,True,67.05000305175781,0.0,77.16200256347656,True,True,66.12999725341797,0.0,82.83200073242188,True,True,44.15999984741211,0.0,75.9739990234375,True,True,85.88999938964844,0.0,75.63200378417969,True,True,37.880001068115234,0.0,74.33599853515625,True,True,42.349998474121094,0.0,75.37999725341797,True,True,51.20000076293945,0.0,76.51399993896484,True,True,59.459999084472656,-0.14999999105930328,,,,47.15599822998047,210.0019989013672,47.551998138427734,192.0,48.0,
2021-08-23 13:15:00,,,,,64.16999816894531,0.0,78.2959976196289,True,True,100.0,0.0,76.11799621582031,True,True,67.20999908447266,0.0,75.63200378417969,True,True,64.4000015258789,0.0,89.11399841308594,True,True,62.2599983215332,0.0,77.08999633789062,True,True,73.2699966430664,0.0,81.60800170898438,True,True,48.939998626708984,0.0,76.26200103759766,True,True,92.51000213623047,0.0,75.81199645996094,True,True,47.54999923706055,0.0,74.37200164794922,True,True,47.91999816894531,0.0,75.4520034790039,True,True,52.5,0.0,76.35199737548828,True,True,59.439998626708984,-0.1599999964237213,,,,46.597999572753906,210.0019989013672,47.012001037597656,184.0,46.0,
2021-08-23 13:30:00,,,,,63.83000183105469,0.0,78.13400268554688,True,True,95.54000091552734,0.0,76.08200073242188,True,True,75.75,0.0,75.5780029296875,True,True,65.70999908447266,0.0,89.4020004272461,True,True,68.2699966430664,0.0,76.08200073242188,True,True,76.44999694824219,0.0,82.88600158691406,True,True,50.66999816894531,0.0,76.42400360107422,True,True,98.8499984741211,0.0,78.45800018310547,True,True,44.459999084472656,0.0,74.37200164794922,True,True,50.41999816894531,0.0,75.52400207519531,True,True,51.880001068115234,0.0,76.89199829101562,True,True,59.4900016784668,-0.1899999976158142,,,,46.7239990234375,210.0019989013672,47.10200119018555,184.0,46.0,
2021-08-23 13:45:00,,,,,70.7699966430664,0.0,78.24199676513672,True,True,100.0,0.0,76.31600189208984,True,True,74.11000061035156,0.0,75.63200378417969,True,True,67.23999786376953,0.0,88.25,True,True,95.41000366210938,0.0,76.69400024414062,True,True,79.41000366210938,0.0,80.85199737548828,True,True,47.540000915527344,0.0,76.51399993896484,True,True,100.0,0.0,78.72799682617188,True,True,45.20000076293945,0.0,74.49800109863281,True,True,51.130001068115234,0.0,75.61399841308594,True,True,56.209999084472656,0.0,76.83799743652344,True,True,59.470001220703125,-0.2199999988079071,,,,46.7239990234375,210.0019989013672,47.13800048828125,192.0,48.0,
2021-08-23 14:00:00,,,,,68.61000061035156,0.0,78.3499984741211,True,True,95.75,0.0,76.38800048828125,True,True,77.3499984741211,0.0,75.63200378417969,True,True,63.83000183105469,0.0,87.94400024414062,True,True,86.44999694824219,0.0,77.03600311279297,True,True,90.23999786376953,0.0,80.43800354003906,True,True,46.619998931884766,0.0,76.62200164794922,True,True,100.0,0.0,77.2699966430664,True,True,45.040000915527344,0.0,74.46199798583984,True,True,51.060001373291016,0.0,75.63200378417969,True,True,55.5,0.0,76.89199829101562,True,True,59.56999969482422,-0.1899999976158142,,,,46.652000427246094,210.0019989013672,47.04800033569336,192.0,48.0,
2021-08-23 14:15:00,,,,,70.73999786376953,0.0,78.56600189208984,True,True,100.0,0.0,76.60399627685547,True,True,82.79000091552734,0.0,75.66799926757812,True,True,68.19000244140625,0.0,88.48400115966797,True,True,96.25,0.0,77.14399719238281,True,True,91.81999969482422,0.0,79.68199920654297,True,True,47.880001068115234,0.0,76.51399993896484,True,True,100.0,0.0,75.95600128173828,True,True,44.66999816894531,0.0,74.60600280761719,True,True,52.099998474121094,0.0,75.7040023803711,True,True,51.560001373291016,0.0,76.62200164794922,True,True,59.470001220703125,-0.23999999463558197,,,,46.6879997253418,210.0019989013672,47.04800033569336,192.0,48.0,
2021-08-23 14:30:00,,,,,65.12000274658203,0.0,78.20600128173828,True,True,100.0,0.0,76.42400360107422,True,True,76.2300033569336,0.0,75.63200378417969,True,True,64.58000183105469,0.0,88.68199920654297,True,True,100.0,0.0,76.85600280761719,True,True,96.27999877929688,0.0,80.09600067138672,True,True,51.529998779296875,0.0,76.69400024414062,True,True,100.0,0.0,75.9739990234375,True,True,47.349998474121094,0.0,74.6240005493164,True,True,48.400001525878906,0.0,75.81199645996094,True,True,59.66999816894531,0.0,77.01799774169922,True,True,59.5099983215332,-0.17000000178813934,,,,46.63399887084961,210.0019989013672,47.012001037597656,192.0,48.0,
2021-08-23 14:45:00,,,,,76.12999725341797,0.0,78.00800323486328,True,True,100.0,0.0,76.47799682617188,True,True,76.80000305175781,0.0,75.63200378417969,True,True,65.55999755859375,0.0,89.2040023803711,True,True,100.0,0.0,76.31600189208984,True,True,82.22000122070312,0.0,80.56400299072266,True,True,50.290000915527344,0.0,76.40599822998047,True,True,100.0,0.0,76.0459976196289,True,True,53.83000183105469,0.0,74.66000366210938,True,True,48.70000076293945,0.0,75.93800354003906,True,True,58.220001220703125,0.0,76.65799713134766,True,True,59.459999084472656,-0.19999998807907104,,,,46.6879997253418,210.0019989013672,47.15599822998047,200.0,50.0,
2021-08-23 15:00:00,,,,,80.94000244140625,0.0,77.23400115966797,True,True,100.0,0.0,76.49600219726562,True,True,81.44999694824219,0.0,75.59600067138672,True,True,70.12999725341797,0.0,88.26799774169922,True,True,92.5199966430664,0.0,75.93800354003906,True,True,74.0,0.0,79.46600341796875,True,True,49.470001220703125,0.0,76.42400360107422,True,True,100.0,0.0,76.08200073242188,True,True,51.060001373291016,0.0,74.53399658203125,True,True,52.70000076293945,0.0,75.99199676513672,True,True,57.66999816894531,0.0,76.47799682617188,True,True,59.4900016784668,-0.1599999964237213,,,,47.40800094604492,210.0019989013672,48.00199890136719,200.0,50.0,
2021-08-23 15:15:00,,,,,80.83000183105469,0.0,78.31400299072266,True,True,100.0,0.0,76.2979965209961,True,True,81.9000015258789,0.0,75.63200378417969,True,True,71.12000274658203,0.0,89.13200378417969,True,True,76.73999786376953,0.0,75.12799835205078,True,True,80.33000183105469,0.0,80.95999908447266,True,True,49.099998474121094,0.0,76.2979965209961,True,True,100.0,0.0,75.9739990234375,True,True,49.880001068115234,0.0,74.6780014038086,True,True,46.77000045776367,0.0,75.99199676513672,True,True,64.55999755859375,0.0,76.02799987792969,True,True,59.43000030517578,-0.14999999105930328,,,,46.63399887084961,210.0019989013672,47.012001037597656,192.0,48.0,
2021-08-23 15:30:00,,,,,77.62000274658203,0.0,78.49400329589844,True,True,96.77999877929688,0.0,76.31600189208984,True,True,77.33000183105469,0.0,75.75800323486328,True,True,66.72000122070312,0.0,90.10399627685547,True,True,72.37999725341797,0.0,75.0199966430664,True,True,83.36000061035156,0.0,79.1240005493164,True,True,51.36000061035156,0.0,76.44200134277344,True,True,100.0,0.0,75.81199645996094,True,True,47.68000030517578,0.0,74.78600311279297,True,True,52.43000030517578,0.0,76.1719970703125,True,True,62.66999816894531,0.0,76.11799621582031,True,True,59.43000030517578,-0.14000000059604645,,,,46.5620002746582,210.0019989013672,46.90399932861328,184.0,46.0,
2021-08-23 15:45:00,,,,,77.73999786376953,0.0,78.06199645996094,True,True,100.0,0.0,76.2979965209961,True,True,78.98999786376953,0.0,75.68599700927734,True,True,67.30000305175781,0.0,88.75399780273438,True,True,74.61000061035156,0.0,75.19999694824219,True,True,94.22000122070312,0.0,80.36599731445312,True,True,49.88999938964844,0.0,76.15399932861328,True,True,100.0,0.0,75.86599731445312,True,True,49.790000915527344,0.0,74.73200225830078,True,True,55.650001525878906,0.0,76.1719970703125,True,True,63.09000015258789,0.0,75.75800323486328,True,True,59.470001220703125,-0.1599999964237213,,,,46.400001525878906,210.0019989013672,46.832000732421875,176.0,44.0,
2021-08-23 16:00:00,,,,,74.48999786376953,0.0,78.49400329589844,True,True,94.3499984741211,0.0,76.42400360107422,True,True,83.62999725341797,0.0,75.66799926757812,True,True,70.66000366210938,0.0,89.05999755859375,True,True,82.33000183105469,0.0,76.08200073242188,True,True,98.23999786376953,0.0,79.77200317382812,True,True,48.130001068115234,0.0,75.95600128173828,True,True,100.0,0.0,75.81199645996094,True,True,52.95000076293945,0.0,74.75,True,True,51.97999954223633,0.0,76.20800018310547,True,True,64.9000015258789,0.0,75.86599731445312,True,True,59.459999084472656,-0.14999999105930328,,,,46.34600067138672,210.0019989013672,46.77799987792969,184.0,46.0,
2021-08-23 16:15:00,,,,,78.27999877929688,0.0,78.90799713134766,True,True,100.0,0.0,77.03600311279297,True,True,87.01000213623047,0.0,75.55999755859375,True,True,67.47000122070312,0.0,89.4739990234375,True,True,81.73999786376953,0.0,77.3239974975586,True,True,100.0,0.0,79.66400146484375,True,True,51.349998474121094,0.0,76.24400329589844,True,True,100.0,0.0,75.86599731445312,True,True,48.22999954223633,0.0,74.80400085449219,True,True,56.099998474121094,0.0,76.22599792480469,True,True,60.369998931884766,0.0,76.53199768066406,True,True,59.560001373291016,-0.14999999105930328,,,,46.36399841308594,210.0019989013672,46.79600143432617,184.0,46.0,
2021-08-23 16:30:00,,,,,77.8499984741211,0.0,78.24199676513672,True,True,95.3499984741211,0.0,76.38800048828125,True,True,79.18000030517578,0.0,75.63200378417969,True,True,62.47999954223633,0.0,90.53600311279297,True,True,81.51000213623047,0.0,75.75800323486328,True,True,98.1500015258789,0.0,80.00599670410156,True,True,51.7599983215332,0.0,76.08200073242188,True,True,100.0,0.0,76.01000213623047,True,True,47.970001220703125,0.0,74.76799774169922,True,True,56.040000915527344,0.0,76.33399963378906,True,True,63.52000045776367,0.0,76.51399993896484,True,True,59.45000076293945,-0.10999999940395355,,,,46.29199981689453,210.0019989013672,46.66999816894531,184.0,46.0,
2021-08-23 16:45:00,,,,,73.77999877929688,0.0,77.7020034790039,True,True,96.26000213623047,0.0,76.13600158691406,True,True,78.0999984741211,0.0,75.63200378417969,True,True,69.69000244140625,0.0,89.90599822998047,True,True,70.2300033569336,0.0,77.0,True,True,100.0,0.0,79.97000122070312,True,True,52.779998779296875,0.0,76.44200134277344,True,True,100.0,0.0,75.86599731445312,True,True,50.560001373291016,0.0,74.80400085449219,True,True,50.4900016784668,0.0,76.35199737548828,True,True,63.41999816894531,0.0,76.65799713134766,True,True,59.459999084472656,-0.14999999105930328,,,,46.09400177001953,210.0019989013672,46.61600112915039,184.0,46.0,
2021-08-23 17:00:00,,,,,71.3499984741211,0.0,77.37799835205078,True,True,100.0,0.0,76.1719970703125,True,True,78.13999938964844,0.0,75.72200012207031,True,True,75.41000366210938,0.0,90.35600280761719,True,True,68.45999908447266,0.0,75.34400177001953,True,True,98.56999969482422,0.0,78.9260025024414,True,True,51.689998626708984,0.0,76.08200073242188,True,True,100.0,0.0,75.93800354003906,True,True,48.59000015258789,0.0,74.73200225830078,True,True,50.66999816894531,0.0,76.37000274658203,True,True,59.77000045776367,0.0,76.26200103759766,True,True,59.5,-0.14999999105930328,,,,46.130001068115234,210.0019989013672,46.54399871826172,184.0,46.0,
2021-08-23 17:15:00,,,,,73.23999786376953,0.0,77.23400115966797,True,True,100.0,0.0,76.85600280761719,True,True,83.0999984741211,0.0,75.68599700927734,True,True,77.80000305175781,0.0,87.51200103759766,True,True,66.63999938964844,0.0,75.4520034790039,True,True,95.91000366210938,0.0,78.0260009765625,True,True,48.7400016784668,0.0,75.9020004272461,True,True,100.0,0.0,75.9020004272461,True,True,46.88999938964844,0.0,74.76799774169922,True,True,55.29999923706055,0.0,76.40599822998047,True,True,60.900001525878906,0.0,76.2979965209961,True,True,59.5,-0.17000000178813934,,,,45.84199905395508,210.0019989013672,46.27399826049805,176.0,44.0,
2021-08-23 17:30:00,,,,,77.5199966430664,0.0,77.05400085449219,True,True,96.45999908447266,0.0,76.51399993896484,True,True,84.2699966430664,0.0,75.5780029296875,True,True,72.0999984741211,0.0,88.75399780273438,True,True,72.55999755859375,0.0,75.50599670410156,True,True,100.0,0.0,77.86399841308594,True,True,48.90999984741211,0.0,75.25399780273438,True,True,100.0,0.0,75.9739990234375,True,True,45.72999954223633,0.0,74.76799774169922,True,True,49.81999969482422,0.0,76.40599822998047,True,True,59.33000183105469,0.0,75.16400146484375,True,True,59.470001220703125,-0.09999999403953552,,,,43.2140007019043,210.0019989013672,43.95199966430664,176.0,44.0,
2021-08-23 17:45:00,,,,,87.43000030517578,0.0,76.71199798583984,True,True,100.0,0.0,76.44200134277344,True,True,96.63999938964844,0.0,75.68599700927734,True,True,92.2699966430664,0.0,87.06199645996094,True,True,81.54000091552734,0.0,75.63200378417969,True,True,100.0,0.0,77.10800170898438,True,True,47.04999923706055,0.0,74.76799774169922,True,True,98.91999816894531,0.0,75.81199645996094,True,True,46.70000076293945,0.0,74.80400085449219,True,True,46.95000076293945,0.0,76.40599822998047,True,True,57.2599983215332,0.0,74.4800033569336,True,True,59.540000915527344,-0.11999999731779099,,,,46.5620002746582,210.0019989013672,46.97600173950195,176.0,44.0,
2021-08-23 18:00:00,,,,,77.94999694824219,0.0,76.31600189208984,True,True,91.13999938964844,0.0,76.49600219726562,True,True,76.87999725341797,0.0,75.63200378417969,True,True,71.19000244140625,0.0,87.51200103759766,True,True,65.25,0.0,74.69599914550781,True,True,81.4000015258789,0.0,76.802001953125,True,True,46.47999954223633,0.0,74.35399627685547,True,True,99.56999969482422,0.0,75.88400268554688,True,True,49.06999969482422,0.0,74.60600280761719,True,True,54.83000183105469,0.0,76.35199737548828,True,True,56.47999954223633,0.0,73.94000244140625,True,True,59.5,-0.1899999976158142,,,,43.77199935913086,210.0019989013672,44.20399856567383,176.0,44.0,
2021-08-23 18:15:00,,,,,70.58000183105469,0.0,76.08200073242188,True,True,92.98999786376953,0.0,76.42400360107422,True,True,72.66000366210938,0.0,75.50599670410156,True,True,64.54000091552734,0.0,88.5739974975586,True,True,60.630001068115234,0.0,74.6240005493164,True,True,74.25,0.0,75.75800323486328,True,True,47.61000061035156,0.0,73.95800018310547,True,True,100.0,0.0,75.91999816894531,True,True,44.40999984741211,0.0,74.66000366210938,True,True,50.060001373291016,0.0,76.35199737548828,True,True,53.5,0.0,73.4000015258789,True,True,59.529998779296875,-0.14999999105930328,,,,42.67399978637695,210.0019989013672,43.0880012512207,176.0,44.0,
2021-08-23 18:30:00,,,,,62.869998931884766,0.0,76.2979965209961,True,True,96.0999984741211,0.0,76.38800048828125,True,True,71.05999755859375,0.0,75.5780029296875,True,True,61.36000061035156,0.0,88.62799835205078,True,True,57.43000030517578,0.8399999737739563,74.56999969482422,True,True,68.31999969482422,0.0,75.25399780273438,True,True,46.189998626708984,0.0,73.48999786376953,True,True,92.83000183105469,0.0,75.93800354003906,True,True,43.22999954223633,0.0,74.6240005493164,True,True,47.099998474121094,0.0,76.27999877929688,True,True,51.869998931884766,0.0,72.66200256347656,True,True,59.4900016784668,-0.14999999105930328,,,,42.87200164794922,210.0019989013672,43.124000549316406,168.0,42.0,
2021-08-23 18:45:00,,,,,67.27999877929688,0.0,76.24400329589844,True,True,100.0,0.0,76.33399963378906,True,True,71.48999786376953,0.0,75.4520034790039,True,True,57.61000061035156,0.0,88.46600341796875,True,True,61.560001373291016,0.0,74.6240005493164,True,True,87.76000213623047,0.0,74.22799682617188,True,True,44.43000030517578,0.0,72.93199920654297,True,True,86.08000183105469,0.0,75.63200378417969,True,True,44.7599983215332,0.0,74.58799743652344,True,True,44.41999816894531,0.0,76.24400329589844,True,True,49.459999084472656,0.0,71.99600219726562,True,True,59.4900016784668,-0.11999999731779099,,,,43.66400146484375,210.0019989013672,44.060001373291016,168.0,42.0,
2021-08-23 19:00:00,,,,,66.52999877929688,0.0,75.27200317382812,True,True,95.37000274658203,0.0,76.31600189208984,True,True,69.79000091552734,0.0,75.4520034790039,True,True,57.529998779296875,0.0,87.72799682617188,True,True,61.290000915527344,0.0,74.6780014038086,True,True,68.87000274658203,0.0,73.36399841308594,True,True,43.209999084472656,0.0,72.39199829101562,True,True,80.5999984741211,0.0,75.61399841308594,True,True,40.099998474121094,0.0,74.6240005493164,True,True,51.29999923706055,0.0,76.11799621582031,True,True,52.34000015258789,0.0,71.4020004272461,True,True,59.560001373291016,-0.1599999964237213,,,,45.87799835205078,210.0019989013672,46.07600021362305,160.0,40.0,
2021-08-23 19:15:00,,,,,66.9800033569336,0.0,74.06600189208984,True,True,100.0,0.0,76.31600189208984,True,True,71.38999938964844,0.0,75.43399810791016,True,True,58.18000030517578,0.0,87.51200103759766,True,True,63.470001220703125,0.0,74.552001953125,True,True,68.37000274658203,0.0,73.30999755859375,True,True,44.5,0.0,71.99600219726562,True,True,82.05000305175781,0.0,75.39800262451172,True,True,40.16999816894531,0.0,74.6240005493164,True,True,42.77000045776367,0.0,76.06400299072266,True,True,46.45000076293945,0.0,70.86199951171875,True,True,59.459999084472656,-0.14000000059604645,,,,45.78799819946289,210.0019989013672,46.310001373291016,168.0,42.0,
2021-08-23 19:30:00,,,,,70.58999633789062,0.0,73.8499984741211,True,True,100.0,0.0,76.33399963378906,True,True,70.06999969482422,0.0,75.48799896240234,True,True,56.34000015258789,0.0,88.08799743652344,True,True,57.84000015258789,0.0,74.35399627685547,True,True,68.70999908447266,0.0,72.89600372314453,True,True,45.5,0.0,71.58200073242188,True,True,77.48999786376953,0.0,75.36199951171875,True,True,43.08000183105469,0.0,74.552001953125,True,True,50.61000061035156,0.0,75.95600128173828,True,True,46.15999984741211,0.0,70.41200256347656,True,True,59.4900016784668,-0.14000000059604645,,,,43.375999450683594,210.0019989013672,43.82600021362305,160.0,40.0,
2021-08-23 19:45:00,,,,,59.15999984741211,0.0,73.25599670410156,True,True,100.0,0.0,76.31600189208984,True,True,66.11000061035156,0.0,75.43399810791016,True,True,50.439998626708984,0.0,87.3499984741211,True,True,59.560001373291016,0.0,74.33599853515625,True,True,62.33000183105469,0.0,72.39199829101562,True,True,47.279998779296875,0.0,70.93399810791016,True,True,78.76000213623047,0.0,75.23600006103516,True,True,40.650001525878906,0.0,74.60600280761719,True,True,45.939998626708984,0.0,75.93800354003906,True,True,47.29999923706055,0.0,69.83599853515625,True,True,59.4900016784668,-0.14999999105930328,,,,42.13399887084961,210.0019989013672,42.69200134277344,168.0,42.0,
2021-08-23 20:00:00,,,,,55.810001373291016,0.0,73.5260009765625,True,True,95.8499984741211,0.0,76.13600158691406,True,True,64.43000030517578,0.0,75.39800262451172,True,True,47.56999969482422,0.0,87.31400299072266,True,True,57.900001525878906,0.0,74.26399993896484,True,True,59.779998779296875,0.0,72.08599853515625,True,True,46.81999969482422,0.0,70.55599975585938,True,True,81.1500015258789,0.0,75.41600036621094,True,True,40.63999938964844,0.0,74.56999969482422,True,True,52.91999816894531,0.0,75.95600128173828,True,True,46.2599983215332,0.0,69.2959976196289,True,True,59.459999084472656,-0.1599999964237213,,,,42.83599853515625,210.0019989013672,43.30400085449219,160.0,40.0,
2021-08-23 20:15:00,,,,,50.91999816894531,0.0,73.7959976196289,True,True,94.61000061035156,0.0,75.75800323486328,True,True,61.470001220703125,0.0,75.4520034790039,True,True,45.70000076293945,0.0,86.8280029296875,True,True,54.27000045776367,0.0,74.19200134277344,True,True,53.560001373291016,1.4500000476837158,72.12200164794922,True,True,42.95000076293945,0.0,70.26799774169922,True,True,81.26000213623047,0.0,75.36199951171875,True,True,38.369998931884766,0.0,74.56999969482422,True,True,44.08000183105469,0.0,75.91999816894531,True,True,43.09000015258789,0.0,69.33200073242188,True,True,59.4900016784668,-0.11999999731779099,,,,41.34199905395508,210.0019989013672,41.77399826049805,160.0,40.0,
2021-08-23 20:30:00,,,,,48.689998626708984,0.1599999964237213,73.50800323486328,True,True,97.47000122070312,0.0,75.95600128173828,True,True,60.529998779296875,0.0,75.30799865722656,True,True,43.91999816894531,0.0,86.84600067138672,True,True,48.59000015258789,0.0,74.0479965209961,True,True,52.08000183105469,0.7699999809265137,71.6719970703125,True,True,40.08000183105469,0.0,69.9260025024414,True,True,78.27999877929688,0.0,75.27200317382812,True,True,37.0099983215332,0.0,74.56999969482422,True,True,43.66999816894531,0.0,75.88400268554688,True,True,46.880001068115234,0.0,68.62999725341797,True,True,59.5,-0.1599999964237213,,,,41.37799835205078,210.0019989013672,41.75600051879883,160.0,40.0,
2021-08-23 20:45:00,,,,,50.0099983215332,0.0,72.84200286865234,True,True,100.0,0.0,76.13600158691406,True,True,56.52000045776367,0.0,75.47000122070312,True,True,42.849998474121094,0.0,86.52200317382812,True,True,45.540000915527344,0.0,73.97599792480469,True,True,51.45000076293945,0.0,71.5999984741211,True,True,42.70000076293945,0.0,69.67400360107422,True,True,68.9800033569336,0.0,75.32599639892578,True,True,38.209999084472656,0.0,74.56999969482422,True,True,47.29999923706055,0.0,75.7760009765625,True,True,44.209999084472656,0.0,68.25199890136719,True,True,59.470001220703125,-0.11999999731779099,,,,40.981998443603516,210.0019989013672,41.46799850463867,152.0,38.0,
2021-08-23 21:00:00,,,,,48.7599983215332,0.0,73.34600067138672,True,True,96.2699966430664,0.0,75.66799926757812,True,True,56.189998626708984,0.0,75.37999725341797,True,True,41.43000030517578,0.0,86.30599975585938,True,True,46.099998474121094,0.0,73.88600158691406,True,True,50.45000076293945,0.0,71.52799987792969,True,True,40.939998626708984,0.0,69.44000244140625,True,True,68.2300033569336,0.0,75.03800201416016,True,True,36.369998931884766,0.0,74.552001953125,True,True,39.45000076293945,0.0,75.81199645996094,True,True,43.33000183105469,0.0,68.1259994506836,True,True,59.529998779296875,-0.09999999403953552,,,,41.32400131225586,210.0019989013672,41.720001220703125,160.0,40.0,
2021-08-23 21:15:00,,,,,46.18000030517578,0.0,72.84200286865234,True,True,95.56999969482422,0.0,75.75800323486328,True,True,55.40999984741211,0.0,75.37999725341797,True,True,40.61000061035156,0.0,86.28800201416016,True,True,43.88999938964844,0.0,73.70600128173828,True,True,49.099998474121094,0.0,71.11399841308594,True,True,39.66999816894531,0.0,69.20600128173828,True,True,62.72999954223633,0.0,75.09200286865234,True,True,38.56999969482422,0.0,74.51599884033203,True,True,40.470001220703125,0.0,75.75800323486328,True,True,43.84000015258789,0.0,67.9280014038086,True,True,59.45000076293945,-0.1599999964237213,,,,41.34199905395508,210.0019989013672,41.75600051879883,160.0,40.0,
2021-08-23 21:30:00,,,,,42.279998779296875,0.0,72.66200256347656,True,True,99.41999816894531,0.0,76.13600158691406,True,True,53.91999816894531,0.0,75.34400177001953,True,True,40.7400016784668,0.0,85.76599884033203,True,True,45.36000061035156,0.0,73.70600128173828,True,True,46.369998931884766,0.0,71.4739990234375,True,True,39.79999923706055,0.0,69.0979995727539,True,True,60.369998931884766,0.07000000029802322,75.11000061035156,True,True,38.06999969482422,0.0,74.51599884033203,True,True,37.470001220703125,0.0,75.7040023803711,True,True,40.310001373291016,0.0,67.8740005493164,True,True,59.470001220703125,-0.1599999964237213,,,,41.43199920654297,210.0019989013672,41.827999114990234,152.0,38.0,
2021-08-23 21:45:00,,,,,41.119998931884766,0.0,72.5,True,True,97.33999633789062,0.0,76.2979965209961,True,True,52.43000030517578,0.0,75.30799865722656,True,True,39.45000076293945,0.0,85.65799713134766,True,True,41.9900016784668,0.0,73.74199676513672,True,True,46.04999923706055,0.0,71.13200378417969,True,True,40.59000015258789,0.0,68.91799926757812,True,True,56.86000061035156,0.0,75.18199920654297,True,True,38.68000030517578,0.0,74.51599884033203,True,True,41.95000076293945,0.0,75.63200378417969,True,True,41.209999084472656,0.0,67.74800109863281,True,True,59.5,-0.1599999964237213,,,,41.683998107910156,210.0019989013672,42.11600112915039,152.0,38.0,
2021-08-23 22:00:00,,,,,39.84000015258789,0.0,72.10399627685547,True,True,100.0,0.0,76.31600189208984,True,True,51.54999923706055,0.0,75.34400177001953,True,True,39.06999969482422,0.0,85.44200134277344,True,True,45.20000076293945,0.0,73.58000183105469,True,True,45.119998931884766,0.0,71.16799926757812,True,True,39.810001373291016,0.0,68.8280029296875,True,True,58.88999938964844,0.0,75.30799865722656,True,True,38.02000045776367,0.0,74.49800109863281,True,True,38.36000061035156,0.0,75.63200378417969,True,True,42.400001525878906,0.0,67.69400024414062,True,True,59.459999084472656,-0.17000000178813934,,,,41.50400161743164,210.0019989013672,41.9900016784668,152.0,38.0,
2021-08-23 22:15:00,,,,,42.77000045776367,0.0,72.33799743652344,True,True,100.0,0.0,76.31600189208984,True,True,50.290000915527344,0.0,75.37999725341797,True,True,38.689998626708984,0.0,85.40599822998047,True,True,44.18000030517578,0.0,73.56199645996094,True,True,44.86000061035156,0.0,71.04199981689453,True,True,39.58000183105469,0.0,68.75599670410156,True,True,60.2599983215332,0.0,75.27200317382812,True,True,40.099998474121094,0.0,74.51599884033203,True,True,41.58000183105469,0.0,75.63200378417969,True,True,43.119998931884766,0.0,67.60399627685547,True,True,59.439998626708984,-0.1599999964237213,,,,41.59400177001953,210.0019989013672,42.007999420166016,148.0,37.0,
2021-08-23 22:30:00,,,,,39.43000030517578,0.0,72.48200225830078,True,True,96.0,0.0,76.22599792480469,True,True,50.63999938964844,0.0,75.34400177001953,True,True,38.290000915527344,0.0,85.24400329589844,True,True,40.41999816894531,0.0,73.34600067138672,True,True,41.650001525878906,0.0,70.9520034790039,True,True,40.18000030517578,0.0,68.57599639892578,True,True,53.22999954223633,0.0,75.19999694824219,True,True,40.33000183105469,0.0,74.51599884033203,True,True,38.959999084472656,0.0,75.63200378417969,True,True,41.849998474121094,0.0,67.53199768066406,True,True,59.470001220703125,-0.11999999731779099,,,,41.50400161743164,210.0019989013672,41.97200012207031,148.0,37.0,
2021-08-23 22:45:00,,,,,42.380001068115234,0.0,72.26599884033203,True,True,97.37999725341797,0.0,76.31600189208984,True,True,48.119998931884766,0.0,75.34400177001953,True,True,37.900001525878906,0.0,85.20800018310547,True,True,39.61000061035156,0.0,73.38200378417969,True,True,43.70000076293945,0.0,70.69999694824219,True,True,39.279998779296875,0.0,68.41400146484375,True,True,54.72999954223633,0.0,75.05599975585938,True,True,39.630001068115234,0.0,74.44400024414062,True,True,37.20000076293945,0.0,75.5780029296875,True,True,42.43000030517578,0.0,67.33399963378906,True,True,59.40999984741211,-0.1599999964237213,,,,41.50400161743164,210.0019989013672,41.900001525878906,152.0,38.0,
2021-08-23 23:00:00,,,,,44.7599983215332,0.0,72.06800079345703,True,True,100.0,0.0,75.88400268554688,True,True,55.15999984741211,0.0,75.37999725341797,True,True,43.119998931884766,0.0,85.20800018310547,True,True,46.41999816894531,0.0,73.5260009765625,True,True,48.310001373291016,0.0,70.447998046875,True,True,39.04999923706055,0.0,68.30599975585938,True,True,55.790000915527344,0.0,74.96600341796875,True,True,40.11000061035156,0.0,74.46199798583984,True,True,37.52000045776367,0.0,75.5780029296875,True,True,53.5099983215332,0.0,67.20800018310547,True,True,59.43000030517578,-0.1599999964237213,,,,41.64799880981445,210.0019989013672,41.95399856567383,144.0,36.0,
2021-08-23 23:15:00,,,,,40.79999923706055,0.0,71.4020004272461,True,True,100.0,0.0,75.68599700927734,True,True,54.400001525878906,0.0,75.37999725341797,True,True,43.9900016784668,0.0,85.0459976196289,True,True,45.33000183105469,0.0,73.3280029296875,True,True,47.970001220703125,0.0,70.26799774169922,True,True,36.84000015258789,0.0,68.25199890136719,True,True,50.11000061035156,0.429999977350235,75.23600006103516,True,True,38.150001525878906,0.0,74.44400024414062,True,True,27.3799991607666,1.6399999856948853,75.5780029296875,True,True,39.349998474121094,0.0,67.0999984741211,True,True,59.5099983215332,-0.1599999964237213,,,,41.917999267578125,210.0019989013672,42.242000579833984,152.0,38.0,
2021-08-23 23:30:00,,,,,42.25,0.0,71.22200012207031,True,True,100.0,0.0,76.13600158691406,True,True,57.7400016784668,0.0,75.32599639892578,True,True,45.560001373291016,0.0,84.75800323486328,True,True,40.83000183105469,0.0,73.27400207519531,True,True,44.0099983215332,0.0,70.1780014038086,True,True,39.52000045776367,0.0,68.21600341796875,True,True,56.2599983215332,0.0,75.32599639892578,True,True,39.86000061035156,0.0,74.46199798583984,True,True,39.25,0.0,75.52400207519531,True,True,41.79999923706055,0.0,66.86599731445312,True,True,59.470001220703125,-0.1599999964237213,,,,46.507999420166016,210.0019989013672,46.849998474121094,144.0,36.0,
2021-08-23 23:45:00,,,,,54.5,0.0,71.31199645996094,True,True,100.0,0.0,76.24400329589844,True,True,65.87999725341797,0.0,75.4520034790039,True,True,54.75,0.0,84.34400177001953,True,True,49.939998626708984,0.0,73.3280029296875,True,True,53.06999969482422,0.0,69.99800109863281,True,True,41.90999984741211,0.0,68.03600311279297,True,True,61.52000045776367,0.0,75.23600006103516,True,True,39.119998931884766,0.0,74.37200164794922,True,True,41.7400016784668,0.0,75.52400207519531,True,True,42.290000915527344,0.0,66.68599700927734,True,True,59.459999084472656,-0.1899999976158142,,,,46.45399856567383,210.0019989013672,47.17399978637695,152.0,38.0,
2021-08-24 00:00:00,,,,,50.70000076293945,0.0,71.18599700927734,True,True,100.0,0.0,76.1719970703125,True,True,59.59000015258789,0.0,75.43399810791016,True,True,43.720001220703125,0.0,84.25399780273438,True,True,44.310001373291016,0.0,73.4000015258789,True,True,48.0099983215332,0.0,69.13400268554688,True,True,42.93000030517578,0.0,67.9280014038086,True,True,57.130001068115234,0.0,75.25399780273438,True,True,38.790000915527344,0.0,74.44400024414062,True,True,40.63999938964844,0.0,75.52400207519531,True,True,44.75,0.0,66.50599670410156,True,True,59.459999084472656,-0.17000000178813934,,,,45.625999450683594,210.0019989013672,45.91400146484375,144.0,36.0,
2021-08-24 00:15:00,,,,,42.209999084472656,0.0,70.86199951171875,True,True,100.0,0.0,76.11799621582031,True,True,57.84000015258789,0.0,75.4520034790039,True,True,42.90999984741211,0.0,83.10199737548828,True,True,47.86000061035156,0.0,73.16600036621094,True,True,55.65999984741211,0.0,68.50399780273438,True,True,46.20000076293945,0.0,67.9280014038086,True,True,63.0,0.0,75.16400146484375,True,True,39.86000061035156,0.0,74.37200164794922,True,True,44.7599983215332,0.0,75.52400207519531,True,True,43.5,0.0,66.4520034790039,True,True,59.4900016784668,-0.1599999964237213,,,,44.36600112915039,210.0019989013672,44.72600173950195,152.0,38.0,
2021-08-24 00:30:00,,,,,45.310001373291016,0.0,70.89800262451172,True,True,94.47000122070312,0.0,76.13600158691406,True,True,55.61000061035156,0.0,75.4520034790039,True,True,44.380001068115234,0.0,84.66799926757812,True,True,42.61000061035156,0.0,73.22000122070312,True,True,45.25,0.0,67.83799743652344,True,True,43.65999984741211,0.0,67.74800109863281,True,True,68.19000244140625,0.0,74.96600341796875,True,True,41.0,0.0,74.38999938964844,True,True,37.459999084472656,0.0,75.52400207519531,True,True,47.41999816894531,0.0,66.32599639892578,True,True,59.5099983215332,-0.14999999105930328,,,,43.95199966430664,210.0019989013672,44.36600112915039,144.0,36.0,
2021-08-24 00:45:00,,,,,43.75,0.0,71.2040023803711,True,True,96.4000015258789,0.0,76.42400360107422,True,True,53.790000915527344,0.0,75.34400177001953,True,True,43.58000183105469,0.0,84.12799835205078,True,True,40.41999816894531,0.0,73.05799865722656,True,True,44.150001525878906,0.0,67.51399993896484,True,True,43.38999938964844,0.0,67.81999969482422,True,True,62.59000015258789,0.0,74.98400115966797,True,True,39.720001220703125,0.0,74.46199798583984,True,True,40.939998626708984,0.0,75.4520034790039,True,True,42.029998779296875,0.0,66.32599639892578,True,True,59.4900016784668,-0.14999999105930328,,,,43.50199890136719,210.0019989013672,43.95199966430664,152.0,38.0,
2021-08-24 01:00:00,,,,,47.90999984741211,0.0,70.77200317382812,True,True,100.0,0.0,76.83799743652344,True,True,57.599998474121094,0.0,75.37999725341797,True,True,48.0099983215332,0.0,83.24600219726562,True,True,41.97999954223633,0.0,73.14800262451172,True,True,43.47999954223633,0.0,67.35199737548828,True,True,42.25,0.0,67.69400024414062,True,True,60.150001525878906,0.0,74.80400085449219,True,True,38.56999969482422,0.0,74.35399627685547,True,True,36.93000030517578,0.0,75.43399810791016,True,True,43.34000015258789,0.0,66.00199890136719,True,True,59.4900016784668,-0.11999999731779099,,,,46.310001373291016,210.0019989013672,47.51599884033203,144.0,36.0,
2021-08-24 01:15:00,,,,,43.15999984741211,0.0,70.71800231933594,True,True,100.0,0.0,76.58599853515625,True,True,54.529998779296875,0.0,75.36199951171875,True,True,45.9900016784668,0.0,83.06600189208984,True,True,40.90999984741211,0.0,72.86000061035156,True,True,44.2400016784668,0.0,67.08200073242188,True,True,41.56999969482422,0.0,67.49600219726562,True,True,63.810001373291016,0.0,74.6780014038086,True,True,39.04999923706055,0.0,74.28199768066406,True,True,38.20000076293945,0.0,75.34400177001953,True,True,43.56999969482422,0.0,65.85800170898438,True,True,59.5,-0.1599999964237213,,,,44.38399887084961,210.0019989013672,44.72600173950195,152.0,38.0,
2021-08-24 01:30:00,,,,,41.16999816894531,0.0,70.66400146484375,True,True,100.0,0.0,76.1719970703125,True,True,56.970001220703125,0.0,75.34400177001953,True,True,43.84000015258789,0.0,84.34400177001953,True,True,42.11000061035156,0.0,72.89600372314453,True,True,44.38999938964844,0.0,67.0459976196289,True,True,41.599998474121094,0.0,67.38800048828125,True,True,63.880001068115234,0.0,74.64199829101562,True,True,38.36000061035156,0.0,74.30000305175781,True,True,43.220001220703125,0.0,75.34400177001953,True,True,42.88999938964844,0.0,65.78600311279297,True,True,59.5,-0.1899999976158142,,,,45.6619987487793,210.0019989013672,46.09400177001953,152.0,38.0,
2021-08-24 01:45:00,,,,,45.619998931884766,0.0,70.30400085449219,True,True,100.0,0.0,76.13600158691406,True,True,57.869998931884766,0.0,75.32599639892578,True,True,43.88999938964844,0.0,84.39800262451172,True,True,46.33000183105469,0.0,72.73400115966797,True,True,45.119998931884766,0.0,66.9020004272461,True,True,44.40999984741211,0.0,67.51399993896484,True,True,62.41999816894531,0.0,74.49800109863281,True,True,42.869998931884766,0.0,74.26399993896484,True,True,46.040000915527344,0.0,75.34400177001953,True,True,43.970001220703125,0.0,65.73200225830078,True,True,59.470001220703125,-0.09999999403953552,,,,44.74399948120117,210.0019989013672,45.194000244140625,144.0,36.0,
2021-08-24 02:00:00,,,,,49.900001525878906,0.0,66.21800231933594,True,True,95.08999633789062,0.0,75.75800323486328,True,True,58.970001220703125,0.0,75.37999725341797,True,True,42.7400016784668,0.0,83.66000366210938,True,True,44.869998931884766,0.0,72.84200286865234,True,True,44.209999084472656,0.0,66.72200012207031,True,True,41.9900016784668,0.0,67.20800018310547,True,True,60.34000015258789,0.0,74.66000366210938,True,True,39.90999984741211,0.0,74.30000305175781,True,True,47.790000915527344,0.0,75.34400177001953,True,True,43.689998626708984,0.0,65.49800109863281,True,True,59.45000076293945,-0.14999999105930328,,,,45.35599899291992,210.0019989013672,45.715999603271484,152.0,38.0,
2021-08-24 02:15:00,,,,,40.08000183105469,0.0,66.14600372314453,True,True,99.1500015258789,0.0,75.9739990234375,True,True,57.15999984741211,0.0,75.36199951171875,True,True,41.52000045776367,0.0,83.44400024414062,True,True,45.650001525878906,0.0,72.87799835205078,True,True,43.2599983215332,0.0,66.54199981689453,True,True,44.66999816894531,0.0,67.02799987792969,True,True,64.62999725341797,0.0,74.53399658203125,True,True,38.869998931884766,0.0,74.22799682617188,True,True,40.95000076293945,0.0,75.21800231933594,True,True,45.59000015258789,0.0,65.4260025024414,True,True,59.5099983215332,-0.10999999940395355,,,,45.194000244140625,210.0019989013672,45.5359992980957,144.0,36.0,
2021-08-24 02:30:00,,,,,39.290000915527344,0.0,65.66000366210938,True,True,100.0,0.0,76.11799621582031,True,True,60.36000061035156,0.0,75.34400177001953,True,True,41.66999816894531,0.0,83.66000366210938,True,True,41.630001068115234,0.0,72.60800170898438,True,True,43.5,0.0,66.59600067138672,True,True,43.72999954223633,0.0,66.88400268554688,True,True,58.91999816894531,0.0,74.56999969482422,True,True,38.060001373291016,0.0,74.20999908447266,True,True,43.970001220703125,0.0,75.19999694824219,True,True,44.36000061035156,0.0,65.26399993896484,True,True,59.439998626708984,-0.17000000178813934,,,,45.06800079345703,210.0019989013672,45.518001556396484,152.0,38.0,
2021-08-24 02:45:00,,,,,39.36000061035156,0.0,65.80400085449219,True,True,95.62000274658203,0.0,76.13600158691406,True,True,56.720001220703125,0.0,75.4520034790039,True,True,40.9900016784668,0.0,83.44400024414062,True,True,45.0099983215332,0.0,72.5719985961914,True,True,42.189998626708984,0.0,66.43399810791016,True,True,44.34000015258789,0.0,66.7760009765625,True,True,59.34000015258789,0.0,74.4800033569336,True,True,38.529998779296875,0.0,74.19200134277344,True,True,43.189998626708984,0.0,75.18199920654297,True,True,45.38999938964844,0.0,64.94000244140625,True,True,59.4900016784668,-0.14000000059604645,,,,44.599998474121094,210.0019989013672,45.06800079345703,144.0,36.0,
2021-08-24 03:00:00,,,,,43.029998779296875,0.0,65.66000366210938,True,True,99.6500015258789,0.0,76.42400360107422,True,True,56.29999923706055,0.0,75.27200317382812,True,True,41.939998626708984,0.0,83.10199737548828,True,True,45.119998931884766,0.0,72.55400085449219,True,True,41.209999084472656,0.0,66.0739974975586,True,True,43.52000045776367,0.0,66.50599670410156,True,True,64.04000091552734,0.0,74.6780014038086,True,True,39.9900016784668,0.0,74.20999908447266,True,True,43.689998626708984,0.0,75.14600372314453,True,True,43.400001525878906,0.0,64.90399932861328,True,True,59.459999084472656,-0.1599999964237213,,,,44.347999572753906,210.0019989013672,44.74399948120117,152.0,38.0,
2021-08-24 03:15:00,,,,,42.4900016784668,0.0,65.66000366210938,True,True,100.0,0.0,76.31600189208984,True,True,56.29999923706055,0.0,75.30799865722656,True,True,41.720001220703125,0.0,82.74199676513672,True,True,44.59000015258789,0.0,72.60800170898438,True,True,41.09000015258789,0.0,66.00199890136719,True,True,43.540000915527344,0.0,66.21800231933594,True,True,57.84000015258789,0.0,74.4800033569336,True,True,40.61000061035156,0.0,74.19200134277344,True,True,39.0099983215332,0.0,75.09200286865234,True,True,41.13999938964844,0.0,64.70600128173828,True,True,59.5099983215332,-0.1599999964237213,,,,44.54600143432617,210.0019989013672,44.90599822998047,152.0,38.0,
2021-08-24 03:30:00,,,,,38.34000015258789,0.0,65.6780014038086,True,True,100.0,0.0,76.1719970703125,True,True,55.599998474121094,0.0,75.25399780273438,True,True,41.599998474121094,0.0,82.74199676513672,True,True,43.689998626708984,0.0,72.84200286865234,True,True,40.70000076293945,0.0,66.21800231933594,True,True,42.61000061035156,0.0,66.05599975585938,True,True,57.2599983215332,0.0,74.37200164794922,True,True,40.08000183105469,0.0,74.19200134277344,True,True,44.09000015258789,0.0,75.03800201416016,True,True,40.619998931884766,0.0,64.54399871826172,True,True,59.45000076293945,-0.1599999964237213,,,,44.65399932861328,210.0019989013672,45.06800079345703,152.0,38.0,
2021-08-24 03:45:00,,,,,38.25,0.0,65.4800033569336,True,True,94.29000091552734,0.0,76.15399932861328,True,True,57.83000183105469,0.0,75.25399780273438,True,True,41.43000030517578,0.0,82.77799987792969,True,True,44.599998474121094,0.0,72.80599975585938,True,True,40.40999984741211,0.0,65.947998046875,True,True,42.540000915527344,0.0,66.0739974975586,True,True,60.630001068115234,0.0,74.28199768066406,True,True,40.810001373291016,0.0,74.20999908447266,True,True,39.58000183105469,0.0,75.0199966430664,True,True,43.58000183105469,0.0,64.43599700927734,True,True,59.470001220703125,-0.11999999731779099,,,,44.2400016784668,210.0019989013672,44.70800018310547,152.0,38.0,
2021-08-24 04:00:00,,,,,36.72999954223633,0.0,64.95800018310547,True,True,96.38999938964844,0.0,76.13600158691406,True,True,53.0,0.0,75.18199920654297,True,True,39.779998779296875,0.0,82.7239990234375,True,True,39.54999923706055,0.0,72.6259994506836,True,True,39.869998931884766,0.0,66.12799835205078,True,True,41.81999969482422,0.0,66.00199890136719,True,True,61.88999938964844,0.0,74.40799713134766,True,True,40.15999984741211,0.0,74.19200134277344,True,True,44.2599983215332,0.0,75.09200286865234,True,True,40.91999816894531,0.0,64.43599700927734,True,True,59.43000030517578,-0.11999999731779099,,,,44.13199996948242,210.0019989013672,44.52799987792969,152.0,38.0,
2021-08-24 04:15:00,,,,,36.459999084472656,0.0,64.77799987792969,True,True,100.0,0.0,76.0459976196289,True,True,52.36000061035156,0.0,75.18199920654297,True,True,40.099998474121094,0.0,82.7239990234375,True,True,43.27000045776367,0.0,72.60800170898438,True,True,38.95000076293945,0.0,65.71399688720703,True,True,41.630001068115234,0.0,66.23600006103516,True,True,54.77000045776367,0.0,74.37200164794922,True,True,41.13999938964844,0.0,74.20999908447266,True,True,39.04999923706055,0.0,75.00199890136719,True,True,41.150001525878906,0.0,64.54399871826172,True,True,59.560001373291016,-0.11999999731779099,,,,44.2760009765625,210.0019989013672,44.672000885009766,152.0,38.0,
2021-08-24 04:30:00,,,,,33.369998931884766,0.0,64.41799926757812,True,True,100.0,0.0,75.95600128173828,True,True,51.5099983215332,0.0,75.11000061035156,True,True,39.15999984741211,0.0,82.38200378417969,True,True,43.81999969482422,0.0,72.55400085449219,True,True,39.45000076293945,0.0,65.51599884033203,True,True,41.18000030517578,0.0,66.6500015258789,True,True,56.939998626708984,0.0,74.51599884033203,True,True,43.11000061035156,0.0,74.12000274658203,True,True,41.25,0.0,74.98400115966797,True,True,40.099998474121094,0.0,64.7239990234375,True,True,59.4900016784668,-0.14000000059604645,,,,44.11399841308594,210.0019989013672,44.56399917602539,152.0,38.0,
2021-08-24 04:45:00,,,,,31.360000610351562,0.0,64.23799896240234,True,True,100.0,0.0,75.95600128173828,True,True,50.29999923706055,0.0,75.05599975585938,True,True,38.52000045776367,0.0,82.23799896240234,True,True,42.599998474121094,0.0,72.3740005493164,True,True,35.720001220703125,0.0,65.31800079345703,True,True,41.400001525878906,0.0,65.85800170898438,True,True,61.369998931884766,0.0,74.40799713134766,True,True,37.790000915527344,0.0,74.02999877929688,True,True,41.939998626708984,0.0,74.98400115966797,True,True,40.33000183105469,0.0,64.18399810791016,True,True,59.5099983215332,-0.17000000178813934,,,,43.987998962402344,210.0019989013672,44.41999816894531,152.0,38.0,
2021-08-24 05:00:00,,,,,38.099998474121094,0.0,64.36399841308594,True,True,94.88999938964844,0.0,75.75800323486328,True,True,50.79999923706055,0.0,75.12799835205078,True,True,39.099998474121094,0.0,82.5260009765625,True,True,41.13999938964844,0.0,72.302001953125,True,True,34.060001373291016,0.0,65.24600219726562,True,True,41.5099983215332,0.0,66.25399780273438,True,True,58.2599983215332,0.0,74.37200164794922,True,True,38.08000183105469,0.0,74.01200103759766,True,True,39.349998474121094,0.0,74.98400115966797,True,True,40.029998779296875,0.0,64.36399841308594,True,True,59.5099983215332,-0.1599999964237213,,,,44.00600051879883,210.0019989013672,44.41999816894531,144.0,36.0,
2021-08-24 05:15:00,,,,,31.049999237060547,0.0,64.02200317382812,True,True,98.22000122070312,0.0,75.88400268554688,True,True,50.29999923706055,0.0,75.09200286865234,True,True,38.72999954223633,0.0,81.3740005493164,True,True,40.369998931884766,0.0,72.1760025024414,True,True,32.040000915527344,0.0,65.33599853515625,True,True,40.880001068115234,0.0,65.91200256347656,True,True,58.369998931884766,0.0,74.26399993896484,True,True,39.099998474121094,0.0,73.94000244140625,True,True,39.84000015258789,0.0,74.78600311279297,True,True,39.040000915527344,0.0,63.96799850463867,True,True,59.470001220703125,-0.11999999731779099,,,,45.96799850463867,210.0019989013672,46.310001373291016,152.0,38.0,
2021-08-24 05:30:00,,,,,34.40999984741211,0.0,64.4000015258789,True,True,100.0,0.0,77.75599670410156,True,True,51.58000183105469,0.0,75.03800201416016,True,True,48.709999084472656,0.0,78.94400024414062,True,True,42.869998931884766,0.0,72.302001953125,True,True,31.229999542236328,0.0,64.86799621582031,True,True,40.130001068115234,0.0,65.73200225830078,True,True,51.150001525878906,0.0,74.33599853515625,True,True,37.380001068115234,0.0,73.81400299072266,True,True,39.560001373291016,0.0,74.80400085449219,True,True,39.400001525878906,0.0,63.73400115966797,True,True,59.45000076293945,-0.14000000059604645,,,,43.987998962402344,210.0019989013672,44.4739990234375,152.0,38.0,
2021-08-24 05:45:00,,,,,34.06999969482422,0.0,64.23799896240234,True,True,92.12000274658203,0.0,78.00800323486328,True,True,53.619998931884766,0.0,75.05599975585938,True,True,49.5099983215332,0.0,79.01599884033203,True,True,39.040000915527344,0.0,72.35600280761719,True,True,30.350000381469727,0.0,64.83200073242188,True,True,39.630001068115234,0.0,65.60600280761719,True,True,53.599998474121094,0.0,74.08399963378906,True,True,36.810001373291016,0.0,73.9219970703125,True,True,38.22999954223633,0.0,74.6780014038086,True,True,38.0,0.0,63.715999603271484,True,True,59.45000076293945,-0.10999999940395355,,,,44.20399856567383,210.0019989013672,44.52799987792969,152.0,38.0,
2021-08-24 06:00:00,,,,,37.68000030517578,0.0,64.38200378417969,True,True,96.55000305175781,0.0,78.2959976196289,True,True,49.75,0.0,75.09200286865234,True,True,50.16999816894531,0.0,78.94400024414062,True,True,40.34000015258789,0.0,72.302001953125,True,True,32.7599983215332,0.0,64.34600067138672,True,True,42.290000915527344,0.0,65.19200134277344,True,True,53.09000015258789,0.0,74.13800048828125,True,True,39.04999923706055,0.0,73.86799621582031,True,True,39.529998779296875,0.0,74.64199829101562,True,True,46.380001068115234,0.0,63.301998138427734,True,True,59.54999923706055,-0.1599999964237213,,,,44.22200012207031,210.0019989013672,44.599998474121094,152.0,38.0,
2021-08-24 06:15:00,,,,,37.91999816894531,0.0,64.2020034790039,True,True,100.0,0.0,77.21600341796875,True,True,53.130001068115234,0.0,75.0199966430664,True,True,52.54999923706055,0.0,77.86399841308594,True,True,41.529998779296875,0.0,72.26599884033203,True,True,32.540000915527344,0.0,64.47200012207031,True,True,40.45000076293945,0.0,65.4800033569336,True,True,58.7400016784668,0.0,74.20999908447266,True,True,38.33000183105469,0.0,73.94000244140625,True,True,37.31999969482422,0.0,74.73200225830078,True,True,41.25,0.0,63.4640007019043,True,True,59.540000915527344,-0.1599999964237213,,,,43.53799819946289,210.0019989013672,43.95199966430664,152.0,38.0,
2021-08-24 06:30:00,,,,,33.7599983215332,0.0,65.12000274658203,True,True,100.0,0.0,76.6760025024414,True,True,48.90999984741211,0.0,75.05599975585938,True,True,49.9900016784668,0.0,78.1520004272461,True,True,41.66999816894531,0.0,72.06800079345703,True,True,31.8700008392334,0.0,64.83200073242188,True,True,40.15999984741211,0.0,65.66000366210938,True,True,53.81999969482422,0.0,74.44400024414062,True,True,38.029998779296875,0.0,73.90399932861328,True,True,41.619998931884766,0.0,74.66000366210938,True,True,40.95000076293945,0.0,63.40999984741211,True,True,59.4900016784668,-0.14999999105930328,,,,42.58399963378906,210.0019989013672,43.06999969482422,160.0,40.0,
2021-08-24 06:45:00,,,,,38.400001525878906,0.0,66.03800201416016,True,True,92.22000122070312,0.0,76.96399688720703,True,True,47.61000061035156,0.0,75.05599975585938,True,True,47.7599983215332,0.0,78.20600128173828,True,True,40.0099983215332,0.0,72.46399688720703,True,True,31.719999313354492,0.0,65.49800109863281,True,True,39.470001220703125,0.0,65.4260025024414,True,True,53.56999969482422,0.0,74.37200164794922,True,True,37.709999084472656,0.0,73.9219970703125,True,True,44.220001220703125,0.0,74.66000366210938,True,True,43.709999084472656,0.0,63.40999984741211,True,True,59.43000030517578,-0.14999999105930328,,,,42.763999938964844,210.0019989013672,43.2140007019043,152.0,38.0,
2021-08-24 07:00:00,,,,,32.52000045776367,0.0,66.8479995727539,True,True,96.30000305175781,0.0,76.83799743652344,True,True,50.22999954223633,0.0,75.12799835205078,True,True,49.349998474121094,0.0,78.69200134277344,True,True,39.650001525878906,0.0,72.697998046875,True,True,40.380001068115234,0.0,66.05599975585938,True,True,39.380001068115234,0.0,65.53399658203125,True,True,56.22999954223633,0.0,74.24600219726562,True,True,38.04999923706055,0.0,73.95800018310547,True,True,27.360000610351562,1.0800000429153442,74.6240005493164,True,True,35.65999984741211,0.0,63.40999984741211,True,True,59.5,-0.14999999105930328,,,,42.40399932861328,210.0019989013672,42.88999938964844,152.0,38.0,
2021-08-24 07:15:00,,,,,33.63999938964844,0.0,66.72200012207031,True,True,94.30000305175781,0.0,76.7300033569336,True,True,48.459999084472656,0.0,75.12799835205078,True,True,49.349998474121094,0.0,78.88999938964844,True,True,40.65999984741211,0.0,72.66200256347656,True,True,30.149999618530273,0.0,66.61399841308594,True,True,37.43000030517578,0.0,65.8759994506836,True,True,56.97999954223633,0.0,74.46199798583984,True,True,35.72999954223633,0.0,73.94000244140625,True,True,31.31999969482422,0.0,74.60600280761719,True,True,40.310001373291016,0.0,64.07599639892578,True,True,59.45000076293945,-0.11999999731779099,,,,42.242000579833984,210.0019989013672,42.27799987792969,152.0,38.0,
2021-08-24 07:30:00,,,,,43.470001220703125,0.0,66.73999786376953,True,True,100.0,0.0,75.32599639892578,True,True,49.029998779296875,0.0,75.12799835205078,True,True,50.650001525878906,0.0,79.82599639892578,True,True,41.560001373291016,0.0,72.84200286865234,True,True,32.7400016784668,0.0,67.38800048828125,True,True,39.59000015258789,0.0,66.12799835205078,True,True,50.18000030517578,0.0,74.53399658203125,True,True,38.08000183105469,0.0,73.94000244140625,True,True,37.56999969482422,0.0,74.73200225830078,True,True,40.7400016784668,0.0,64.61599731445312,True,True,59.439998626708984,-0.14000000059604645,,,,41.43199920654297,210.0019989013672,41.86399841308594,160.0,40.0,
2021-08-24 07:45:00,,,,,32.83000183105469,0.0,66.68599700927734,True,True,100.0,0.0,75.30799865722656,True,True,47.95000076293945,0.0,75.12799835205078,True,True,50.380001068115234,0.0,80.58200073242188,True,True,43.93000030517578,0.0,72.96800231933594,True,True,37.25,0.0,67.53199768066406,True,True,41.59000015258789,0.0,66.16400146484375,True,True,52.47999954223633,0.0,74.8219985961914,True,True,36.52000045776367,0.0,73.99400329589844,True,True,35.599998474121094,0.0,74.6240005493164,True,True,40.63999938964844,0.0,64.90399932861328,True,True,59.459999084472656,-0.09999999403953552,,,,41.32400131225586,210.0019989013672,41.70199966430664,160.0,40.0,
2021-08-24 08:00:00,,,,,38.060001373291016,0.0,68.05400085449219,True,True,100.0,0.0,75.23600006103516,True,True,48.13999938964844,0.0,75.12799835205078,True,True,50.95000076293945,0.0,80.43800354003906,True,True,48.9900016784668,0.0,73.14800262451172,True,True,37.16999816894531,0.0,68.03600311279297,True,True,39.72999954223633,0.0,65.66000366210938,True,True,46.56999969482422,0.0,74.6240005493164,True,True,35.7599983215332,0.0,73.95800018310547,True,True,42.869998931884766,0.0,74.6240005493164,True,True,39.81999969482422,0.0,64.8499984741211,True,True,59.459999084472656,-0.17000000178813934,,,,41.395999908447266,210.0019989013672,41.84600067138672,160.0,40.0,
2021-08-24 08:15:00,,,,,39.84000015258789,0.0,69.04399871826172,True,True,100.0,0.0,75.23600006103516,True,True,46.54999923706055,0.0,75.11000061035156,True,True,56.90999984741211,0.0,80.7979965209961,True,True,47.02000045776367,0.0,73.4000015258789,True,True,38.540000915527344,0.0,68.86399841308594,True,True,34.0,0.0,66.30799865722656,True,True,50.45000076293945,0.0,75.00199890136719,True,True,36.029998779296875,0.0,73.97599792480469,True,True,36.380001068115234,0.0,74.6240005493164,True,True,40.560001373291016,0.0,65.51599884033203,True,True,59.459999084472656,-0.11999999731779099,,,,41.37799835205078,210.0019989013672,41.827999114990234,160.0,40.0,
2021-08-24 08:30:00,,,,,40.540000915527344,0.0,68.48600006103516,True,True,100.0,0.0,75.12799835205078,True,True,47.810001373291016,0.0,75.12799835205078,True,True,51.77000045776367,0.0,83.85800170898438,True,True,44.54999923706055,0.0,73.4540023803711,True,True,42.79999923706055,0.0,69.83599853515625,True,True,36.93000030517578,0.0,66.00199890136719,True,True,46.79999923706055,0.0,75.05599975585938,True,True,34.81999969482422,0.0,73.95800018310547,True,True,36.290000915527344,0.0,74.73200225830078,True,True,40.040000915527344,0.0,65.49800109863281,True,True,59.459999084472656,-0.11999999731779099,,,,41.66600036621094,210.0019989013672,42.20600128173828,168.0,42.0,
2021-08-24 08:45:00,,,,,46.59000015258789,0.0,71.25800323486328,True,True,100.0,0.0,75.21800231933594,True,True,46.06999969482422,0.0,75.00199890136719,True,True,52.43000030517578,0.0,83.06600189208984,True,True,52.369998931884766,0.0,73.76000213623047,True,True,40.209999084472656,0.0,70.3219985961914,True,True,34.56999969482422,0.0,66.73999786376953,True,True,45.91999816894531,0.0,74.83999633789062,True,True,34.810001373291016,0.0,73.97599792480469,True,True,35.099998474121094,0.0,74.73200225830078,True,True,38.029998779296875,0.0,66.18199920654297,True,True,59.4900016784668,-0.14000000059604645,,,,41.50400161743164,210.0019989013672,41.917999267578125,168.0,42.0,
2021-08-24 09:00:00,,,,,47.5099983215332,0.0,72.4280014038086,True,True,100.0,0.0,75.21800231933594,True,True,46.290000915527344,0.0,75.18199920654297,True,True,50.880001068115234,0.0,83.22799682617188,True,True,45.77000045776367,0.0,73.99400329589844,True,True,38.93000030517578,0.0,71.92400360107422,True,True,40.630001068115234,0.0,67.56800079345703,True,True,46.560001373291016,0.0,74.96600341796875,True,True,35.099998474121094,0.0,73.99400329589844,True,True,36.02000045776367,0.0,74.91200256347656,True,True,40.880001068115234,0.0,66.93800354003906,True,True,59.43000030517578,-0.2199999988079071,,,,44.85200119018555,210.0019989013672,45.428001403808594,168.0,42.0,
2021-08-24 09:15:00,,,,,50.20000076293945,0.0,70.91600036621094,True,True,100.0,0.0,75.03800201416016,True,True,51.34000015258789,0.0,75.34400177001953,True,True,58.869998931884766,0.0,84.66799926757812,True,True,55.31999969482422,0.0,70.73600006103516,True,True,48.63999938964844,0.0,72.39199829101562,True,True,37.08000183105469,0.0,68.03600311279297,True,True,46.779998779296875,0.0,75.12799835205078,True,True,34.869998931884766,0.0,74.08399963378906,True,True,32.849998474121094,0.0,74.98400115966797,True,True,40.59000015258789,0.0,67.53199768066406,True,True,59.470001220703125,-0.17000000178813934,,,,44.060001373291016,210.0019989013672,44.38399887084961,176.0,44.0,
2021-08-24 09:30:00,,,,,55.77000045776367,0.0,72.03199768066406,True,True,100.0,0.0,75.05599975585938,True,True,56.08000183105469,0.0,75.12799835205078,True,True,59.84000015258789,0.0,84.47000122070312,True,True,57.38999938964844,0.0,71.61799621582031,True,True,52.36000061035156,0.0,73.88600158691406,True,True,43.61000061035156,0.0,69.24199676513672,True,True,55.5,0.0,75.27200317382812,True,True,42.61000061035156,0.0,74.17400360107422,True,True,36.4900016784668,0.0,75.03800201416016,True,True,44.939998626708984,0.0,68.64800262451172,True,True,59.470001220703125,-0.14000000059604645,,,,47.012001037597656,210.0019989013672,47.731998443603516,184.0,46.0,
2021-08-24 09:45:00,,,,,54.75,0.0,73.00399780273438,True,True,100.0,0.0,75.29000091552734,True,True,55.150001525878906,0.0,75.30799865722656,True,True,64.08000183105469,0.0,83.947998046875,True,True,62.93000030517578,0.0,72.03199768066406,True,True,49.27000045776367,0.0,74.35399627685547,True,True,39.84000015258789,0.0,69.38600158691406,True,True,53.099998474121094,0.0,75.32599639892578,True,True,41.619998931884766,0.0,74.22799682617188,True,True,39.58000183105469,0.0,75.23600006103516,True,True,49.84000015258789,0.0,69.2239990234375,True,True,59.54999923706055,-0.17000000178813934,,,,44.54600143432617,210.0019989013672,45.03200149536133,176.0,44.0,
2021-08-24 10:00:00,,,,,55.060001373291016,0.0,73.3280029296875,True,True,100.0,0.0,75.41600036621094,True,True,57.220001220703125,0.0,75.27200317382812,True,True,61.720001220703125,0.0,85.85600280761719,True,True,57.720001220703125,0.0,72.78800201416016,True,True,51.650001525878906,0.0,75.29000091552734,True,True,44.31999969482422,0.0,70.447998046875,True,True,59.29999923706055,0.0,75.50599670410156,True,True,39.279998779296875,0.0,74.26399993896484,True,True,40.560001373291016,0.0,75.27200317382812,True,True,46.099998474121094,0.0,70.08799743652344,True,True,59.4900016784668,-0.11999999731779099,,,,45.21200180053711,210.0019989013672,45.608001708984375,168.0,42.0,
2021-08-24 10:15:00,,,,,57.93000030517578,0.0,74.46199798583984,True,True,100.0,0.0,75.43399810791016,True,True,53.08000183105469,0.0,75.29000091552734,True,True,64.41999816894531,0.0,86.61199951171875,True,True,59.0,0.0,73.76000213623047,True,True,59.2400016784668,0.0,77.08999633789062,True,True,38.40999984741211,0.0,70.98799896240234,True,True,67.75,0.0,75.43399810791016,True,True,42.9900016784668,0.0,74.37200164794922,True,True,49.54999923706055,0.0,75.27200317382812,True,True,49.4900016784668,0.0,70.89800262451172,True,True,59.54999923706055,-0.17000000178813934,,,,44.72600173950195,210.0019989013672,45.194000244140625,176.0,44.0,
2021-08-24 10:30:00,,,,,53.689998626708984,0.0,75.27200317382812,True,True,100.0,0.0,75.41600036621094,True,True,52.380001068115234,0.0,75.27200317382812,True,True,61.0099983215332,0.0,87.51200103759766,True,True,57.52000045776367,0.0,74.4800033569336,True,True,52.0099983215332,0.0,77.34200286865234,True,True,44.20000076293945,0.0,71.65399932861328,True,True,74.27999877929688,0.0,75.5780029296875,True,True,40.5099983215332,0.0,74.44400024414062,True,True,39.880001068115234,0.0,75.27200317382812,True,True,45.22999954223633,0.0,71.69000244140625,True,True,59.5,-0.10999999940395355,,,,44.79800033569336,210.0019989013672,45.12200164794922,184.0,46.0,
2021-08-24 10:45:00,,,,,51.68000030517578,0.0,76.0999984741211,True,True,100.0,0.0,75.4520034790039,True,True,53.790000915527344,0.0,75.30799865722656,True,True,59.52000045776367,0.0,88.447998046875,True,True,60.58000183105469,0.0,75.12799835205078,True,True,60.84000015258789,0.0,78.76399993896484,True,True,46.810001373291016,0.0,72.64399719238281,True,True,80.19000244140625,0.0,75.48799896240234,True,True,40.27000045776367,0.0,74.37200164794922,True,True,46.7599983215332,0.0,75.32599639892578,True,True,46.79999923706055,0.0,72.55400085449219,True,True,59.5099983215332,-0.1599999964237213,,,,44.762001037597656,210.0019989013672,45.194000244140625,184.0,46.0,
2021-08-24 11:00:00,,,,,59.959999084472656,0.0,76.94599914550781,True,True,100.0,0.0,75.55999755859375,True,True,58.619998931884766,0.0,75.34400177001953,True,True,62.060001373291016,0.0,88.43000030517578,True,True,69.37000274658203,0.0,76.1719970703125,True,True,59.90999984741211,0.0,79.01599884033203,True,True,44.41999816894531,0.0,73.90399932861328,True,True,73.19000244140625,0.0,75.39800262451172,True,True,40.65999984741211,0.0,74.46199798583984,True,True,38.630001068115234,0.0,75.36199951171875,True,True,46.22999954223633,0.0,73.99400329589844,True,True,59.4900016784668,-0.1599999964237213,,,,45.194000244140625,210.0019989013672,45.73400115966797,184.0,46.0,
2021-08-24 11:15:00,,,,,59.11000061035156,0.0,78.00800323486328,True,True,100.0,0.0,75.72200012207031,True,True,53.959999084472656,0.0,75.37999725341797,True,True,58.540000915527344,0.0,87.58399963378906,True,True,63.400001525878906,0.0,77.03600311279297,True,True,52.720001220703125,0.0,80.74400329589844,True,True,43.970001220703125,0.0,74.60600280761719,True,True,69.4000015258789,0.0,75.41600036621094,True,True,39.630001068115234,0.0,74.38999938964844,True,True,43.4900016784668,0.0,75.43399810791016,True,True,46.40999984741211,0.0,74.73200225830078,True,True,59.4900016784668,-0.11999999731779099,,,,45.08599853515625,210.0019989013672,45.428001403808594,184.0,46.0,
2021-08-24 11:30:00,,,,,61.58000183105469,0.0,78.60199737548828,True,True,100.0,0.0,75.7040023803711,True,True,58.040000915527344,0.0,75.37999725341797,True,True,54.970001220703125,0.0,87.33200073242188,True,True,64.44999694824219,0.0,77.44999694824219,True,True,63.119998931884766,0.0,81.46399688720703,True,True,40.5,0.0,75.00199890136719,True,True,69.93000030517578,0.0,75.41600036621094,True,True,39.790000915527344,0.0,74.38999938964844,True,True,42.75,0.0,75.4520034790039,True,True,50.47999954223633,0.0,75.27200317382812,True,True,59.54999923706055,-0.14000000059604645,,,,45.391998291015625,210.0019989013672,45.715999603271484,184.0,46.0,
2021-08-24 11:45:00,,,,,66.86000061035156,0.0,79.052001953125,True,True,100.0,0.0,75.72200012207031,True,True,59.630001068115234,0.0,75.39800262451172,True,True,56.849998474121094,0.0,88.1240005493164,True,True,64.55999755859375,0.0,78.0979995727539,True,True,50.58000183105469,0.0,82.48999786376953,True,True,46.209999084472656,0.0,75.79399871826172,True,True,71.83000183105469,0.0,75.7040023803711,True,True,41.27000045776367,0.0,74.40799713134766,True,True,43.4900016784668,0.0,75.37999725341797,True,True,48.029998779296875,0.0,76.1719970703125,True,True,59.540000915527344,-0.1599999964237213,,,,45.428001403808594,210.0019989013672,45.805999755859375,184.0,46.0,
2021-08-24 12:00:00,,,,,59.58000183105469,0.0,76.20800018310547,True,True,100.0,0.0,75.68599700927734,True,True,64.87999725341797,0.0,75.47000122070312,True,True,57.040000915527344,0.0,87.81800079345703,True,True,88.44000244140625,0.0,78.63800048828125,True,True,58.04999923706055,0.0,82.70600128173828,True,True,43.540000915527344,0.0,76.85600280761719,True,True,71.77999877929688,0.0,75.4520034790039,True,True,39.560001373291016,0.0,74.44400024414062,True,True,41.93000030517578,0.0,75.41600036621094,True,True,47.22999954223633,0.0,77.03600311279297,True,True,59.459999084472656,-0.14999999105930328,,,,45.15800094604492,210.0019989013672,45.571998596191406,184.0,46.0,
2021-08-24 12:15:00,,,,,59.849998474121094,0.0,75.8479995727539,True,True,100.0,0.0,75.7760009765625,True,True,61.77000045776367,0.0,75.48799896240234,True,True,58.560001373291016,0.0,88.5739974975586,True,True,93.6500015258789,0.0,79.69999694824219,True,True,54.189998626708984,0.0,83.19200134277344,True,True,48.790000915527344,0.0,77.197998046875,True,True,70.58999633789062,0.0,76.33399963378906,True,True,40.0099983215332,0.0,74.44400024414062,True,True,51.20000076293945,0.0,75.4520034790039,True,True,48.86000061035156,0.0,77.37799835205078,True,True,59.45000076293945,-0.14000000059604645,,,,45.625999450683594,210.0019989013672,46.00400161743164,176.0,44.0,
2021-08-24 12:30:00,,,,,61.349998474121094,0.0,75.61399841308594,True,True,100.0,0.0,75.81199645996094,True,True,63.70000076293945,0.0,75.61399841308594,True,True,59.630001068115234,0.0,88.26799774169922,True,True,95.33000183105469,0.0,78.87200164794922,True,True,59.75,0.0,82.16600036621094,True,True,49.22999954223633,0.0,77.7020034790039,True,True,69.43000030517578,0.0,75.7760009765625,True,True,39.150001525878906,0.0,74.40799713134766,True,True,48.02000045776367,0.0,75.4520034790039,True,True,49.099998474121094,0.0,78.0260009765625,True,True,59.4900016784668,-0.14999999105930328,,,,46.11199951171875,210.0019989013672,46.54399871826172,192.0,48.0,
2021-08-24 12:45:00,,,,,58.77000045776367,0.0,75.59600067138672,True,True,100.0,0.0,75.7760009765625,True,True,61.810001373291016,0.0,75.50599670410156,True,True,61.36000061035156,0.0,88.86199951171875,True,True,87.80999755859375,0.0,77.03600311279297,True,True,61.04999923706055,0.0,83.01200103759766,True,True,53.97999954223633,0.0,78.1520004272461,True,True,73.95999908447266,0.0,77.34200286865234,True,True,40.56999969482422,0.0,74.49800109863281,True,True,44.720001220703125,0.0,75.4520034790039,True,True,50.47999954223633,0.0,78.33200073242188,True,True,59.439998626708984,-0.11999999731779099,,,,46.43600082397461,210.0019989013672,46.7599983215332,184.0,46.0,
2021-08-24 13:00:00,,,,,63.65999984741211,0.0,75.72200012207031,True,True,100.0,0.0,75.95600128173828,True,True,64.19000244140625,0.0,75.50599670410156,True,True,65.02999877929688,0.0,89.72599792480469,True,True,99.01000213623047,0.0,79.5739974975586,True,True,65.43000030517578,0.0,83.49800109863281,True,True,45.52000045776367,0.0,78.90799713134766,True,True,85.29000091552734,0.0,82.18399810791016,True,True,40.83000183105469,0.0,74.49800109863281,True,True,50.08000183105469,0.0,75.52400207519531,True,True,54.939998626708984,0.0,78.87200164794922,True,True,59.5099983215332,-0.1899999976158142,,,,46.6879997253418,210.0019989013672,47.08399963378906,184.0,46.0,
2021-08-24 13:15:00,,,,,67.87999725341797,0.0,75.72200012207031,True,True,100.0,0.0,75.9739990234375,True,True,69.88999938964844,0.0,75.54199981689453,True,True,66.30999755859375,0.0,89.3479995727539,True,True,100.0,0.0,78.69200134277344,True,True,70.29000091552734,0.0,82.63400268554688,True,True,62.099998474121094,0.0,79.1240005493164,True,True,83.25,0.0,81.48200225830078,True,True,42.810001373291016,0.0,74.53399658203125,True,True,48.06999969482422,0.0,75.59600067138672,True,True,52.65999984741211,0.0,78.96199798583984,True,True,59.5,-0.10999999940395355,,,,48.30799865722656,210.0019989013672,48.79399871826172,184.0,46.0,
2021-08-24 13:30:00,,,,,60.84000015258789,0.0,75.8479995727539,True,True,100.0,0.0,75.99199676513672,True,True,76.38999938964844,0.0,75.5780029296875,True,True,67.12000274658203,0.0,89.65399932861328,True,True,100.0,0.0,79.98799896240234,True,True,72.43000030517578,0.0,82.6520004272461,True,True,59.709999084472656,0.0,78.94400024414062,True,True,91.80999755859375,0.0,81.93199920654297,True,True,44.650001525878906,0.0,74.56999969482422,True,True,43.380001068115234,0.0,75.63200378417969,True,True,54.150001525878906,0.0,78.85399627685547,True,True,59.439998626708984,-0.17000000178813934,,,,46.922000885009766,210.0019989013672,47.263999938964844,192.0,48.0,
2021-08-24 13:45:00,,,,,63.97999954223633,0.0,76.2979965209961,True,True,100.0,0.0,76.11799621582031,True,True,76.0999984741211,0.0,75.54199981689453,True,True,66.83000183105469,0.0,91.16600036621094,True,True,100.0,0.0,79.98799896240234,True,True,89.80000305175781,0.0,83.64199829101562,True,True,61.150001525878906,0.0,78.36799621582031,True,True,92.8499984741211,0.0,81.94999694824219,True,True,44.22999954223633,0.0,74.66000366210938,True,True,48.7400016784668,0.0,75.7040023803711,True,True,56.36000061035156,0.0,78.20600128173828,True,True,59.4900016784668,-0.14000000059604645,,,,47.51599884033203,210.0019989013672,47.965999603271484,184.0,46.0,
2021-08-24 14:00:00,,,,,77.56999969482422,0.0,76.8740005493164,True,True,100.0,0.0,76.31600189208984,True,True,80.73999786376953,0.0,75.54199981689453,True,True,79.27999877929688,0.0,87.87200164794922,True,True,100.0,0.0,79.84400177001953,True,True,100.0,0.0,83.60600280761719,True,True,63.15999984741211,0.0,78.67400360107422,True,True,97.37999725341797,0.0,82.04000091552734,True,True,44.0,0.0,74.6780014038086,True,True,47.2400016784668,0.0,75.81199645996094,True,True,58.09000015258789,0.0,78.63800048828125,True,True,59.5,-0.14000000059604645,,,,48.09199905395508,210.0019989013672,48.757999420166016,184.0,46.0,
2021-08-24 14:15:00,,,,,77.25,0.0,76.62200164794922,True,True,94.16999816894531,0.0,76.0999984741211,True,True,80.94000244140625,0.0,75.7040023803711,True,True,81.97000122070312,0.0,87.85399627685547,True,True,100.0,0.0,79.68199920654297,True,True,100.0,0.0,82.95800018310547,True,True,64.7699966430664,0.0,78.69200134277344,True,True,99.4800033569336,0.0,81.44599914550781,True,True,47.33000183105469,0.0,74.75,True,True,46.869998931884766,0.0,75.83000183105469,True,True,58.290000915527344,0.0,78.51200103759766,True,True,59.5,-0.1899999976158142,,,,46.90399932861328,210.0019989013672,47.7140007019043,192.0,48.0,
2021-08-24 14:30:00,,,,,79.38999938964844,0.0,76.51399993896484,True,True,99.81999969482422,0.0,76.2979965209961,True,True,84.2699966430664,0.0,75.75800323486328,True,True,85.05999755859375,0.0,87.47599792480469,True,True,100.0,0.0,79.08799743652344,True,True,100.0,0.0,83.01200103759766,True,True,65.22000122070312,0.0,78.74600219726562,True,True,100.0,0.0,82.18399810791016,True,True,49.0099983215332,0.0,74.76799774169922,True,True,48.38999938964844,0.0,75.9739990234375,True,True,66.06999969482422,0.0,78.51200103759766,True,True,59.5,-0.14000000059604645,,,,47.37200164794922,210.0019989013672,47.821998596191406,192.0,48.0,
2021-08-24 14:45:00,,,,,71.86000061035156,0.0,76.44200134277344,True,True,100.0,0.0,76.49600219726562,True,True,90.41999816894531,0.0,75.7040023803711,True,True,86.30000305175781,0.0,87.52999877929688,True,True,100.0,0.0,79.77200317382812,True,True,100.0,0.0,82.47200012207031,True,True,66.81999969482422,0.0,78.9260025024414,True,True,100.0,0.0,81.55400085449219,True,True,52.58000183105469,0.0,74.8759994506836,True,True,53.0,0.0,76.0459976196289,True,True,66.75,0.0,78.47599792480469,True,True,59.5099983215332,-0.1899999976158142,,,,46.99399948120117,210.0019989013672,47.51599884033203,192.0,48.0,
2021-08-24 15:00:00,,,,,77.19000244140625,0.0,76.51399993896484,True,True,96.43000030517578,0.0,76.2979965209961,True,True,95.7300033569336,0.0,75.68599700927734,True,True,95.0,0.0,87.69200134277344,True,True,99.91999816894531,0.0,79.01599884033203,True,True,100.0,0.0,83.06600189208984,True,True,66.2699966430664,0.0,78.4219970703125,True,True,100.0,0.0,82.29199981689453,True,True,50.220001220703125,0.0,74.8219985961914,True,True,56.400001525878906,0.0,79.06999969482422,True,True,63.63999938964844,0.0,78.24199676513672,True,True,59.54999923706055,-0.14999999105930328,,,,47.04800033569336,210.0019989013672,47.40800094604492,184.0,46.0,
2021-08-24 15:15:00,,,,,73.30999755859375,0.0,76.33399963378906,True,True,100.0,0.0,76.31600189208984,True,True,91.30999755859375,0.0,75.7040023803711,True,True,94.9000015258789,0.0,87.67400360107422,True,True,97.91999816894531,0.0,79.61000061035156,True,True,100.0,0.0,82.47200012207031,True,True,70.29000091552734,0.0,78.76399993896484,True,True,100.0,0.0,81.19400024414062,True,True,44.72999954223633,0.0,74.8759994506836,True,True,53.40999984741211,0.0,76.24400329589844,True,True,66.05000305175781,0.0,78.58399963378906,True,True,59.459999084472656,-0.10999999940395355,,,,46.97600173950195,210.0019989013672,47.444000244140625,184.0,46.0,
2021-08-24 15:30:00,,,,,73.41999816894531,0.0,76.89199829101562,True,True,100.0,0.0,76.1719970703125,True,True,100.0,0.0,75.73999786376953,True,True,97.08000183105469,0.0,87.60199737548828,True,True,100.0,0.0,79.08799743652344,True,True,88.3499984741211,0.0,82.70600128173828,True,True,66.80999755859375,0.0,78.4219970703125,True,True,96.18000030517578,0.0,81.91400146484375,True,True,51.06999969482422,0.0,74.89399719238281,True,True,54.349998474121094,0.0,76.26200103759766,True,True,69.06999969482422,0.0,77.86399841308594,True,True,59.45000076293945,-0.1599999964237213,,,,46.86800003051758,210.0019989013672,47.31800079345703,184.0,46.0,
2021-08-24 15:45:00,,,,,74.4000015258789,0.0,76.69400024414062,True,True,100.0,0.0,76.31600189208984,True,True,96.51000213623047,0.0,75.72200012207031,True,True,100.0,0.0,87.38600158691406,True,True,100.0,0.0,79.39399719238281,True,True,100.0,0.0,82.70600128173828,True,True,67.58000183105469,0.0,78.16999816894531,True,True,96.56999969482422,0.0,81.78800201416016,True,True,51.45000076293945,0.0,74.85800170898438,True,True,51.810001373291016,0.0,76.35199737548828,True,True,70.12999725341797,0.0,77.79199981689453,True,True,59.459999084472656,-0.10999999940395355,,,,46.88600158691406,210.0019989013672,47.263999938964844,192.0,48.0,
2021-08-24 16:00:00,,,,,74.61000061035156,0.0,76.8740005493164,True,True,97.6500015258789,0.0,76.33399963378906,True,True,98.66999816894531,0.0,75.75800323486328,True,True,100.0,0.0,87.33200073242188,True,True,100.0,0.0,78.58399963378906,True,True,100.0,0.0,81.91400146484375,True,True,68.02999877929688,0.0,78.36799621582031,True,True,100.0,0.0,81.86000061035156,True,True,50.13999938964844,0.0,74.78600311279297,True,True,51.5099983215332,0.0,76.40599822998047,True,True,70.54000091552734,0.0,78.52999877929688,True,True,59.5,-0.1599999964237213,,,,46.88600158691406,210.0019989013672,47.263999938964844,192.0,48.0,
2021-08-24 16:15:00,,,,,72.94999694824219,0.0,76.2979965209961,True,True,100.0,0.0,76.06400299072266,True,True,97.12999725341797,0.0,75.75800323486328,True,True,100.0,0.0,88.26799774169922,True,True,100.0,0.0,78.62000274658203,True,True,100.0,0.0,81.44599914550781,True,True,69.0199966430664,0.0,78.58399963378906,True,True,99.77999877929688,0.0,82.05799865722656,True,True,48.060001373291016,0.0,75.03800201416016,True,True,59.58000183105469,0.0,76.49600219726562,True,True,71.62000274658203,0.0,78.56600189208984,True,True,59.5,-0.1599999964237213,,,,46.832000732421875,210.0019989013672,47.22800064086914,184.0,46.0,
2021-08-24 16:30:00,,,,,72.47000122070312,0.0,76.15399932861328,True,True,100.0,0.0,76.22599792480469,True,True,98.41999816894531,0.0,75.73999786376953,True,True,100.0,0.0,88.447998046875,True,True,100.0,0.0,78.1520004272461,True,True,100.0,0.0,81.3740005493164,True,True,69.05999755859375,0.0,78.18800354003906,True,True,100.0,0.0,81.4280014038086,True,True,51.689998626708984,0.0,74.98400115966797,True,True,55.11000061035156,0.0,76.53199768066406,True,True,75.06999969482422,0.0,78.0979995727539,True,True,59.459999084472656,-0.11999999731779099,,,,46.66999816894531,210.0019989013672,47.15599822998047,184.0,46.0,
2021-08-24 16:45:00,,,,,70.5199966430664,0.0,76.13600158691406,True,True,98.12000274658203,0.0,76.31600189208984,True,True,95.93000030517578,0.0,75.7760009765625,True,True,95.94000244140625,0.0,89.4020004272461,True,True,94.93000030517578,0.0,78.1520004272461,True,True,100.0,0.0,80.74400329589844,True,True,67.75,0.0,77.80999755859375,True,True,100.0,0.0,81.60800170898438,True,True,50.83000183105469,0.0,74.98400115966797,True,True,59.369998931884766,0.0,76.53199768066406,True,True,74.55999755859375,0.0,77.79199981689453,True,True,59.439998626708984,-0.14000000059604645,,,,45.06800079345703,210.0019989013672,45.5359992980957,184.0,46.0,
2021-08-24 17:00:00,,,,,69.36000061035156,0.0,76.44200134277344,True,True,97.63999938964844,0.0,76.31600189208984,True,True,96.83999633789062,0.0,75.72200012207031,True,True,87.29000091552734,0.0,88.86199951171875,True,True,100.0,0.0,77.7020034790039,True,True,100.0,0.0,80.92400360107422,True,True,69.26000213623047,0.0,77.197998046875,True,True,100.0,0.0,81.12200164794922,True,True,52.599998474121094,0.0,74.947998046875,True,True,58.16999816894531,0.0,76.60399627685547,True,True,70.48999786376953,0.0,77.01799774169922,True,True,59.459999084472656,-0.14000000059604645,,,,45.08599853515625,210.0019989013672,45.4640007019043,184.0,46.0,
2021-08-24 17:15:00,,,,,70.20999908447266,0.0,76.2979965209961,True,True,95.11000061035156,0.0,76.31600189208984,True,True,92.79000091552734,0.0,75.7040023803711,True,True,78.69999694824219,0.0,89.90599822998047,True,True,100.0,0.0,77.50399780273438,True,True,86.0,0.0,80.6719970703125,True,True,65.95999908447266,0.0,76.94599914550781,True,True,100.0,0.0,80.7979965209961,True,True,47.40999984741211,0.0,74.93000030517578,True,True,58.7599983215332,0.0,76.63999938964844,True,True,73.66999816894531,0.0,76.89199829101562,True,True,59.439998626708984,-0.1599999964237213,,,,49.62200164794922,210.0019989013672,49.74800109863281,176.0,44.0,
2021-08-24 17:30:00,,,,,64.80000305175781,0.0,76.62200164794922,True,True,100.0,0.0,76.1719970703125,True,True,98.94000244140625,0.0,75.7760009765625,True,True,77.5,0.0,90.1760025024414,True,True,99.80999755859375,0.0,77.05400085449219,True,True,83.55000305175781,0.0,79.48400115966797,True,True,64.91000366210938,0.0,77.16200256347656,True,True,100.0,0.0,80.56400299072266,True,True,48.08000183105469,0.0,74.947998046875,True,True,59.15999984741211,0.0,76.60399627685547,True,True,65.06999969482422,0.0,77.18000030517578,True,True,59.529998779296875,-0.14999999105930328,,,,45.805999755859375,210.0019989013672,46.29199981689453,176.0,44.0,
2021-08-24 17:45:00,,,,,62.599998474121094,0.0,76.76599884033203,True,True,100.0,0.0,76.31600189208984,True,True,93.4800033569336,0.0,75.7040023803711,True,True,74.81999969482422,0.0,89.94200134277344,True,True,100.0,0.0,76.35199737548828,True,True,82.77999877929688,0.0,78.78199768066406,True,True,63.34000015258789,0.0,76.60399627685547,True,True,100.0,0.0,80.25800323486328,True,True,44.619998931884766,0.0,74.93000030517578,True,True,53.689998626708984,0.0,76.58599853515625,True,True,67.45999908447266,0.0,76.65799713134766,True,True,59.459999084472656,-0.19999998807907104,,,,44.65399932861328,210.0019989013672,45.13999938964844,176.0,44.0,
2021-08-24 18:00:00,,,,,62.63999938964844,0.0,76.38800048828125,True,True,100.0,0.0,76.06400299072266,True,True,93.02999877929688,0.0,75.54199981689453,True,True,70.5,0.0,89.02400207519531,True,True,87.08000183105469,0.0,75.16400146484375,True,True,80.88999938964844,0.0,78.0979995727539,True,True,70.36000061035156,0.0,76.20800018310547,True,True,100.0,0.0,79.68199920654297,True,True,54.97999954223633,0.0,74.91200256347656,True,True,65.22000122070312,0.0,76.53199768066406,True,True,75.20999908447266,0.0,75.75800323486328,True,True,59.4900016784668,-0.1899999976158142,,,,45.21200180053711,210.0019989013672,45.625999450683594,184.0,46.0,
2021-08-24 18:15:00,,,,,63.720001220703125,0.0,76.802001953125,True,True,100.0,0.0,76.24400329589844,True,True,93.69999694824219,0.0,75.6500015258789,True,True,70.04000091552734,0.0,89.16799926757812,True,True,85.04000091552734,0.0,74.53399658203125,True,True,81.22000122070312,0.0,77.48600006103516,True,True,66.20999908447266,0.0,75.63200378417969,True,True,100.0,0.0,79.39399719238281,True,True,44.439998626708984,0.0,74.8759994506836,True,True,53.439998626708984,0.0,76.53199768066406,True,True,61.630001068115234,0.0,75.5780029296875,True,True,59.459999084472656,-0.1599999964237213,,,,44.99599838256836,210.0019989013672,45.40999984741211,176.0,44.0,
2021-08-24 18:30:00,,,,,63.220001220703125,0.0,75.99199676513672,True,True,97.58000183105469,0.0,76.22599792480469,True,True,93.54000091552734,0.0,75.59600067138672,True,True,64.05000305175781,0.6800000071525574,89.04199981689453,True,True,75.63999938964844,0.0,73.88600158691406,True,True,73.58000183105469,0.0,76.74800109863281,True,True,60.70000076293945,0.0,74.75,True,True,100.0,0.0,78.20600128173828,True,True,45.529998779296875,0.0,74.85800170898438,True,True,48.779998779296875,0.0,76.55000305175781,True,True,58.060001373291016,0.0,74.78600311279297,True,True,59.43000030517578,-0.10999999940395355,,,,45.013999938964844,210.0019989013672,45.40999984741211,176.0,44.0,
2021-08-24 18:45:00,,,,,62.68000030517578,0.0,76.08200073242188,True,True,100.0,0.0,76.31600189208984,True,True,94.22000122070312,0.0,75.63200378417969,True,True,63.029998779296875,0.0,88.64600372314453,True,True,81.80999755859375,0.0,72.91400146484375,True,True,71.2300033569336,0.0,75.9020004272461,True,True,63.709999084472656,0.0,73.97599792480469,True,True,100.0,0.0,77.61199951171875,True,True,42.349998474121094,0.0,74.83999633789062,True,True,49.16999816894531,0.0,76.49600219726562,True,True,61.90999984741211,0.0,74.12000274658203,True,True,59.40999984741211,-0.14999999105930328,,,,45.24800109863281,210.0019989013672,45.75199890136719,168.0,42.0,
2021-08-24 19:00:00,,,,,61.83000183105469,0.0,75.79399871826172,True,True,97.06999969482422,0.0,76.26200103759766,True,True,95.86000061035156,0.0,75.61399841308594,True,True,64.62999725341797,0.0,88.14199829101562,True,True,84.05999755859375,0.0,72.24800109863281,True,True,70.0199966430664,0.0,75.18199920654297,True,True,61.060001373291016,0.0,73.25599670410156,True,True,100.0,0.0,76.44200134277344,True,True,42.56999969482422,0.0,74.83999633789062,True,True,52.869998931884766,0.0,76.42400360107422,True,True,57.220001220703125,0.0,73.34600067138672,True,True,59.56999969482422,-0.14999999105930328,,,,45.17599868774414,210.0019989013672,45.571998596191406,160.0,40.0,
2021-08-24 19:15:00,,,,,65.4000015258789,0.0,75.47000122070312,True,True,100.0,0.0,76.24400329589844,True,True,100.0,0.0,75.59600067138672,True,True,62.2400016784668,0.0,87.9260025024414,True,True,81.37000274658203,0.0,71.58200073242188,True,True,70.77999877929688,0.0,74.73200225830078,True,True,60.16999816894531,0.0,72.4280014038086,True,True,100.0,0.0,75.34400177001953,True,True,41.150001525878906,0.0,74.76799774169922,True,True,46.97999954223633,0.0,76.42400360107422,True,True,53.06999969482422,0.0,72.66200256347656,True,True,59.459999084472656,-0.14999999105930328,,,,45.194000244140625,210.0019989013672,45.571998596191406,160.0,40.0,
2021-08-24 19:30:00,,,,,61.65999984741211,0.0,75.41600036621094,True,True,100.0,0.0,76.2979965209961,True,True,91.44999694824219,0.0,75.59600067138672,True,True,59.16999816894531,0.0,87.58399963378906,True,True,74.18000030517578,0.0,71.5459976196289,True,True,66.80000305175781,0.0,74.02999877929688,True,True,60.5,0.0,72.03199768066406,True,True,100.0,0.0,75.52400207519531,True,True,40.84000015258789,0.0,74.69599914550781,True,True,55.279998779296875,0.0,76.38800048828125,True,True,54.27000045776367,0.0,71.81600189208984,True,True,59.529998779296875,-0.14999999105930328,,,,43.645999908447266,210.0019989013672,44.04199981689453,168.0,42.0,
2021-08-24 19:45:00,,,,,61.36000061035156,0.0,75.30799865722656,True,True,100.0,0.0,76.31600189208984,True,True,89.18000030517578,0.0,75.54199981689453,True,True,55.90999984741211,0.0,87.31400299072266,True,True,65.1500015258789,0.6699999570846558,71.4020004272461,True,True,62.08000183105469,0.0,74.17400360107422,True,True,59.77000045776367,0.0,71.25800323486328,True,True,100.0,0.0,75.5780029296875,True,True,41.310001373291016,0.0,74.73200225830078,True,True,47.68000030517578,0.0,76.35199737548828,True,True,52.099998474121094,0.0,70.98799896240234,True,True,59.439998626708984,-0.14999999105930328,,,,42.78200149536133,210.0019989013672,43.375999450683594,160.0,40.0,
2021-08-24 20:00:00,,,,,52.22999954223633,0.0,74.58799743652344,True,True,100.0,0.0,76.20800018310547,True,True,87.31999969482422,0.0,75.54199981689453,True,True,51.380001068115234,0.8700000047683716,87.31400299072266,True,True,58.119998931884766,5.71999979019165,73.95800018310547,True,True,59.119998931884766,0.0,73.90399932861328,True,True,58.08000183105469,0.0,70.91600036621094,True,True,98.80999755859375,0.0,75.23600006103516,True,True,40.41999816894531,0.0,74.66000366210938,True,True,49.369998931884766,0.0,76.2979965209961,True,True,49.849998474121094,0.0,70.55599975585938,True,True,59.40999984741211,-0.14999999105930328,,,,41.66600036621094,210.0019989013672,41.79199981689453,160.0,40.0,
2021-08-24 20:15:00,,,,,48.970001220703125,0.0,74.46199798583984,True,True,100.0,0.0,76.11799621582031,True,True,88.54000091552734,0.0,75.50599670410156,True,True,52.060001373291016,0.0,86.97200012207031,True,True,56.349998474121094,5.380000114440918,73.94000244140625,True,True,60.689998626708984,0.0,73.41799926757812,True,True,56.18000030517578,0.0,70.55599975585938,True,True,93.9800033569336,0.0,74.947998046875,True,True,38.779998779296875,0.0,74.6240005493164,True,True,44.689998626708984,0.0,76.24400329589844,True,True,46.709999084472656,0.0,70.62799835205078,True,True,59.470001220703125,-0.11999999731779099,,,,42.512001037597656,210.0019989013672,43.051998138427734,160.0,40.0,
2021-08-24 20:30:00,,,,,48.040000915527344,0.0,75.11000061035156,True,True,100.0,0.0,76.13600158691406,True,True,83.86000061035156,0.0,75.50599670410156,True,True,47.560001373291016,0.5799999833106995,87.0260009765625,True,True,49.880001068115234,9.90999984741211,73.94000244140625,True,True,58.18000030517578,0.0,72.8239974975586,True,True,54.40999984741211,0.0,70.41200256347656,True,True,96.55000305175781,0.0,75.34400177001953,True,True,38.720001220703125,0.0,74.6240005493164,True,True,40.15999984741211,0.0,76.1719970703125,True,True,45.31999969482422,0.0,70.73600006103516,True,True,59.45000076293945,-0.14000000059604645,,,,41.52199935913086,210.0019989013672,41.900001525878906,160.0,40.0,
2021-08-24 20:45:00,,,,,46.66999816894531,0.0,74.8219985961914,True,True,96.23999786376953,0.0,76.0999984741211,True,True,78.08999633789062,0.0,75.4520034790039,True,True,46.7599983215332,0.0,86.64800262451172,True,True,47.83000183105469,9.800000190734863,73.94000244140625,True,True,55.08000183105469,0.0,73.22000122070312,True,True,56.290000915527344,0.0,69.94400024414062,True,True,87.69000244140625,0.0,74.98400115966797,True,True,42.220001220703125,0.0,74.58799743652344,True,True,45.41999816894531,0.0,76.1719970703125,True,True,45.02000045776367,0.0,70.50199890136719,True,True,59.43000030517578,-0.11999999731779099,,,,43.645999908447266,210.0019989013672,43.39400100708008,152.0,38.0,
2021-08-24 21:00:00,,,,,40.970001220703125,1.6399999856948853,75.16400146484375,True,True,100.0,0.0,75.9739990234375,True,True,81.02999877929688,0.0,75.47000122070312,True,True,47.65999984741211,0.0,86.50399780273438,True,True,52.380001068115234,3.619999885559082,73.86799621582031,True,True,62.900001525878906,0.0,72.39199829101562,True,True,54.91999816894531,0.0,69.87200164794922,True,True,90.19999694824219,0.0,75.27200317382812,True,True,37.939998626708984,0.0,74.58799743652344,True,True,46.709999084472656,0.0,76.13600158691406,True,True,49.220001220703125,0.0,70.26799774169922,True,True,59.54999923706055,-0.10999999940395355,,,,41.93600082397461,210.0019989013672,42.422000885009766,152.0,38.0,
2021-08-24 21:15:00,,,,,51.150001525878906,0.0,75.50599670410156,True,True,100.0,0.0,76.13600158691406,True,True,74.0,0.0,75.39800262451172,True,True,44.7599983215332,0.0,86.48600006103516,True,True,48.08000183105469,5.570000171661377,73.83200073242188,True,True,53.790000915527344,0.0,72.75199890136719,True,True,52.31999969482422,0.0,69.52999877929688,True,True,87.83999633789062,0.0,75.11000061035156,True,True,39.439998626708984,0.0,74.58799743652344,True,True,45.290000915527344,0.0,76.06400299072266,True,True,42.880001068115234,0.0,69.90799713134766,True,True,59.470001220703125,-0.14999999105930328,,,,41.88199996948242,210.0019989013672,42.31399917602539,152.0,38.0,
2021-08-24 21:30:00,,,,,41.720001220703125,0.0,74.8219985961914,True,True,100.0,0.0,75.99199676513672,True,True,72.05999755859375,0.0,75.43399810791016,True,True,44.439998626708984,0.0,86.30599975585938,True,True,48.560001373291016,2.75,73.81400299072266,True,True,49.189998626708984,0.0,72.75199890136719,True,True,57.060001373291016,0.0,69.38600158691406,True,True,78.25,0.0,75.19999694824219,True,True,39.959999084472656,0.0,74.6240005493164,True,True,47.65999984741211,0.0,76.06400299072266,True,True,44.04999923706055,0.0,69.87200164794922,True,True,59.369998931884766,-0.14999999105930328,,,,41.75600051879883,210.0019989013672,42.2239990234375,152.0,38.0,
2021-08-24 21:45:00,,,,,44.560001373291016,0.0,75.39800262451172,True,True,100.0,0.0,75.99199676513672,True,True,70.52999877929688,0.0,75.36199951171875,True,True,43.0099983215332,0.0,85.96399688720703,True,True,49.060001373291016,0.38999998569488525,73.7959976196289,True,True,46.29999923706055,0.0,72.87799835205078,True,True,52.83000183105469,0.0,69.18800354003906,True,True,80.19000244140625,0.0,75.21800231933594,True,True,38.77000045776367,0.0,74.552001953125,True,True,42.130001068115234,0.0,76.0459976196289,True,True,48.16999816894531,0.0,69.58399963378906,True,True,59.40999984741211,-0.17000000178813934,,,,41.70199966430664,210.0019989013672,42.1879997253418,144.0,36.0,
2021-08-24 22:00:00,,,,,43.4900016784668,0.0,74.89399719238281,True,True,100.0,0.0,76.13600158691406,True,True,68.20999908447266,0.0,75.41600036621094,True,True,41.959999084472656,0.0,85.7300033569336,True,True,46.58000183105469,0.7999999523162842,73.74199676513672,True,True,44.970001220703125,0.0,72.64399719238281,True,True,53.56999969482422,0.0,69.0979995727539,True,True,74.98999786376953,0.07999999821186066,75.30799865722656,True,True,37.810001373291016,0.0,74.6240005493164,True,True,46.959999084472656,0.0,76.02799987792969,True,True,45.54999923706055,0.0,69.67400360107422,True,True,59.470001220703125,-0.1899999976158142,,,,41.75600051879883,210.0019989013672,42.152000427246094,152.0,38.0,
2021-08-24 22:15:00,,,,,43.040000915527344,0.0,75.16400146484375,True,True,94.05999755859375,0.0,75.9739990234375,True,True,63.09000015258789,0.1599999964237213,75.37999725341797,True,True,41.47999954223633,0.0,85.56800079345703,True,True,46.380001068115234,0.0,73.70600128173828,True,True,44.0,0.0,72.44599914550781,True,True,51.11000061035156,0.0,68.9540023803711,True,True,73.38999938964844,0.0,75.52400207519531,True,True,37.400001525878906,0.0,74.56999969482422,True,True,39.97999954223633,0.0,75.99199676513672,True,True,40.15999984741211,0.05999999865889549,69.40399932861328,True,True,59.4900016784668,-0.11999999731779099,,,,41.683998107910156,210.0019989013672,42.11600112915039,152.0,38.0,
2021-08-24 22:30:00,,,,,38.689998626708984,0.0,75.11000061035156,True,True,95.5199966430664,0.0,76.0459976196289,True,True,65.37999725341797,0.0,75.30799865722656,True,True,41.20000076293945,0.0,85.47799682617188,True,True,48.11000061035156,0.0,73.68800354003906,True,True,44.369998931884766,0.0,72.39199829101562,True,True,52.150001525878906,0.0,68.77400207519531,True,True,69.88999938964844,0.7999999523162842,75.18199920654297,True,True,38.060001373291016,0.0,74.552001953125,True,True,42.81999969482422,0.0,75.93800354003906,True,True,39.900001525878906,0.0,69.18800354003906,True,True,59.45000076293945,-0.14000000059604645,,,,41.810001373291016,210.0019989013672,42.2239990234375,144.0,36.0,
2021-08-24 22:45:00,,,,,40.900001525878906,0.0,74.44400024414062,True,True,98.30999755859375,0.0,76.0459976196289,True,True,62.02000045776367,0.0,75.39800262451172,True,True,39.880001068115234,0.0,85.42400360107422,True,True,42.060001373291016,0.0,73.63400268554688,True,True,47.689998626708984,0.0,72.1760025024414,True,True,50.91999816894531,0.0,68.66600036621094,True,True,70.62999725341797,0.0,75.23600006103516,True,True,37.06999969482422,0.0,74.552001953125,True,True,44.900001525878906,0.0,75.93800354003906,True,True,46.529998779296875,0.0,69.2239990234375,True,True,59.45000076293945,-0.14000000059604645,,,,41.827999114990234,210.0019989013672,42.242000579833984,144.0,36.0,
2021-08-24 23:00:00,,,,,45.349998474121094,0.0,74.91200256347656,True,True,100.0,0.0,75.95600128173828,True,True,68.08999633789062,0.0,75.36199951171875,True,True,44.5,0.0,85.19000244140625,True,True,49.47999954223633,0.0,73.70600128173828,True,True,51.439998626708984,0.0,71.92400360107422,True,True,50.7400016784668,0.0,68.52200317382812,True,True,65.52999877929688,1.090000033378601,75.16400146484375,True,True,39.72999954223633,0.0,74.51599884033203,True,True,40.65999984741211,0.0,75.9020004272461,True,True,45.75,0.0,69.16999816894531,True,True,59.459999084472656,-0.14999999105930328,,,,42.11600112915039,210.0019989013672,42.566001892089844,152.0,38.0,
2021-08-24 23:15:00,,,,,40.52000045776367,0.0,73.88600158691406,True,True,100.0,0.0,75.99199676513672,True,True,66.55999755859375,0.0,75.4520034790039,True,True,44.70000076293945,0.0,85.0459976196289,True,True,48.7599983215332,0.0,73.58000183105469,True,True,50.599998474121094,0.0,71.6719970703125,True,True,49.41999816894531,0.0,68.43199920654297,True,True,63.029998779296875,1.1100000143051147,75.21800231933594,True,True,37.91999816894531,0.0,74.552001953125,True,True,40.380001068115234,0.0,75.9020004272461,True,True,42.779998779296875,0.0,68.97200012207031,True,True,59.439998626708984,-0.14999999105930328,,,,43.4119987487793,210.0019989013672,43.48400115966797,144.0,36.0,
2021-08-24 23:30:00,,,,,54.029998779296875,0.0,74.35399627685547,True,True,100.0,0.0,75.95600128173828,True,True,80.0999984741211,0.0,75.41600036621094,True,True,51.630001068115234,0.0,84.93800354003906,True,True,51.66999816894531,0.0,73.50800323486328,True,True,54.689998626708984,0.0,71.43800354003906,True,True,54.529998779296875,0.0,68.28800201416016,True,True,64.05999755859375,0.0,75.0739974975586,True,True,41.119998931884766,0.0,74.49800109863281,True,True,41.84000015258789,0.0,75.9020004272461,True,True,46.79999923706055,0.0,68.79199981689453,True,True,59.5,-0.1599999964237213,,,,47.80400085449219,210.0019989013672,48.21799850463867,144.0,36.0,
2021-08-24 23:45:00,,,,,52.34000015258789,0.0,73.54399871826172,True,True,100.0,0.0,76.01000213623047,True,True,84.0199966430664,0.0,75.5780029296875,True,True,57.79999923706055,0.0,84.7040023803711,True,True,52.36000061035156,0.0,73.4540023803711,True,True,59.81999969482422,0.0,71.38400268554688,True,True,54.060001373291016,0.0,68.01799774169922,True,True,68.9800033569336,0.0,75.0739974975586,True,True,42.02000045776367,0.0,74.552001953125,True,True,44.189998626708984,0.0,75.9020004272461,True,True,42.15999984741211,0.0,68.59400177001953,True,True,59.4900016784668,-0.1599999964237213,,,,47.37200164794922,210.0019989013672,47.948001861572266,144.0,36.0,
2021-08-25 00:00:00,,,,,50.58000183105469,0.0,72.96800231933594,True,True,100.0,0.0,76.0459976196289,True,True,79.61000061035156,0.0,75.54199981689453,True,True,52.90999984741211,0.0,84.7040023803711,True,True,52.59000015258789,0.0,73.56199645996094,True,True,53.849998474121094,0.0,71.2040023803711,True,True,58.11000061035156,0.0,67.74800109863281,True,True,72.5,0.0,74.96600341796875,True,True,43.459999084472656,0.0,74.552001953125,True,True,44.61000061035156,0.0,75.88400268554688,True,True,47.61000061035156,0.0,68.16200256347656,True,True,59.439998626708984,-0.1899999976158142,,,,47.31800079345703,210.0019989013672,47.69599914550781,144.0,36.0,
2021-08-25 00:15:00,,,,,48.5,0.0,72.48200225830078,True,True,100.0,0.0,76.13600158691406,True,True,80.19999694824219,0.0,75.50599670410156,True,True,56.119998931884766,0.0,84.52400207519531,True,True,50.220001220703125,0.0,73.47200012207031,True,True,53.189998626708984,0.0,70.89800262451172,True,True,65.93000030517578,0.0,67.56800079345703,True,True,84.43000030517578,0.0,74.96600341796875,True,True,47.0,0.0,74.552001953125,True,True,48.86000061035156,0.0,75.88400268554688,True,True,48.47999954223633,0.0,67.98200225830078,True,True,59.43000030517578,-0.11999999731779099,,,,46.7599983215332,210.0019989013672,47.28200149536133,144.0,36.0,
2021-08-25 00:30:00,,,,,50.09000015258789,0.0,72.8239974975586,True,True,95.30999755859375,0.0,75.9739990234375,True,True,77.01000213623047,0.0,75.50599670410156,True,True,50.84000015258789,0.0,84.29000091552734,True,True,49.66999816894531,0.0,73.43599700927734,True,True,50.779998779296875,0.0,70.80799865722656,True,True,60.86000061035156,0.0,67.35199737548828,True,True,88.81999969482422,0.0,75.19999694824219,True,True,42.25,0.0,74.58799743652344,True,True,49.02000045776367,0.0,75.88400268554688,True,True,49.459999084472656,0.0,67.802001953125,True,True,59.470001220703125,-0.11999999731779099,,,,45.013999938964844,210.0019989013672,45.518001556396484,144.0,36.0,
2021-08-25 00:45:00,,,,,53.439998626708984,0.0,73.61599731445312,True,True,99.16999816894531,0.0,76.11799621582031,True,True,75.08000183105469,0.0,75.4520034790039,True,True,49.04999923706055,0.0,84.12799835205078,True,True,52.0,0.0,73.36399841308594,True,True,50.040000915527344,0.0,70.66400146484375,True,True,59.2400016784668,0.0,67.20800018310547,True,True,83.30999755859375,0.0,75.30799865722656,True,True,42.33000183105469,0.0,74.49800109863281,True,True,45.27000045776367,0.0,75.81199645996094,True,True,51.75,0.0,67.62200164794922,True,True,59.54999923706055,-0.14000000059604645,,,,45.35599899291992,210.0019989013672,45.715999603271484,144.0,36.0,
2021-08-25 01:00:00,,,,,50.7400016784668,0.0,72.71600341796875,True,True,96.20999908447266,0.0,75.7760009765625,True,True,74.8499984741211,0.0,75.37999725341797,True,True,48.869998931884766,0.0,84.23600006103516,True,True,49.849998474121094,0.0,73.3280029296875,True,True,50.02000045776367,0.0,70.48400115966797,True,True,57.2599983215332,0.0,67.0459976196289,True,True,86.44999694824219,0.0,74.96600341796875,True,True,42.20000076293945,0.0,74.38999938964844,True,True,50.349998474121094,0.0,75.72200012207031,True,True,47.619998931884766,0.0,67.65799713134766,True,True,59.5,-0.1599999964237213,,,,45.6619987487793,210.0019989013672,46.11199951171875,144.0,36.0,
2021-08-25 01:15:00,,,,,58.08000183105469,0.0,72.68000030517578,True,True,100.0,0.0,75.9739990234375,True,True,80.72000122070312,0.0,75.34400177001953,True,True,50.54999923706055,0.0,84.03800201416016,True,True,50.16999816894531,0.0,73.25599670410156,True,True,52.369998931884766,0.0,70.43000030517578,True,True,55.81999969482422,0.0,66.88400268554688,True,True,84.97000122070312,0.0,75.0739974975586,True,True,41.56999969482422,0.0,74.4800033569336,True,True,46.11000061035156,0.0,75.7040023803711,True,True,45.08000183105469,0.0,67.56800079345703,True,True,59.4900016784668,-0.17000000178813934,,,,45.374000549316406,210.0019989013672,46.327999114990234,144.0,36.0,
2021-08-25 01:30:00,,,,,54.95000076293945,0.0,71.99600219726562,True,True,93.95999908447266,0.0,75.95600128173828,True,True,76.56999969482422,0.0,75.34400177001953,True,True,52.599998474121094,0.0,84.0739974975586,True,True,48.13999938964844,0.0,73.25599670410156,True,True,50.720001220703125,0.0,70.28600311279297,True,True,57.06999969482422,0.0,66.83000183105469,True,True,86.29000091552734,0.0,75.0199966430664,True,True,42.33000183105469,0.0,74.37200164794922,True,True,48.189998626708984,0.0,75.68599700927734,True,True,42.709999084472656,0.0,67.27999877929688,True,True,59.459999084472656,-0.11999999731779099,,,,47.066001892089844,210.0019989013672,47.40800094604492,144.0,36.0,
2021-08-25 01:45:00,,,,,53.27000045776367,0.0,72.10399627685547,True,True,95.62000274658203,0.0,76.0459976196289,True,True,79.6500015258789,0.0,75.37999725341797,True,True,51.849998474121094,0.0,83.85800170898438,True,True,46.16999816894531,0.0,73.22000122070312,True,True,52.470001220703125,0.0,70.30400085449219,True,True,58.970001220703125,0.0,66.66799926757812,True,True,89.0199966430664,0.0,75.00199890136719,True,True,40.939998626708984,0.0,74.33599853515625,True,True,52.439998626708984,0.0,75.63200378417969,True,True,46.97999954223633,0.0,67.2979965209961,True,True,59.43000030517578,-0.14999999105930328,,,,46.66999816894531,210.0019989013672,47.28200149536133,144.0,36.0,
2021-08-25 02:00:00,,,,,52.0099983215332,0.0,73.54399871826172,True,True,99.8499984741211,0.0,75.93800354003906,True,True,78.44999694824219,0.0,75.36199951171875,True,True,50.439998626708984,0.0,84.00199890136719,True,True,49.7400016784668,0.0,73.27400207519531,True,True,51.15999984741211,0.0,70.26799774169922,True,True,54.880001068115234,0.0,66.73999786376953,True,True,92.08000183105469,0.0,74.85800170898438,True,True,37.619998931884766,0.0,74.30000305175781,True,True,51.439998626708984,0.0,75.52400207519531,True,True,43.5,0.0,67.44200134277344,True,True,59.45000076293945,-0.17000000178813934,,,,47.75,210.0019989013672,47.9119987487793,144.0,36.0,
2021-08-25 02:15:00,,,,,57.54999923706055,0.0,73.00399780273438,True,True,100.0,0.0,75.95600128173828,True,True,80.29000091552734,0.0,75.37999725341797,True,True,52.20000076293945,0.0,83.8759994506836,True,True,50.619998931884766,0.0,73.22000122070312,True,True,52.86000061035156,0.0,70.10600280761719,True,True,60.900001525878906,0.0,66.72200012207031,True,True,87.91999816894531,0.0,74.947998046875,True,True,44.779998779296875,0.0,74.31800079345703,True,True,47.970001220703125,0.0,75.52400207519531,True,True,48.130001068115234,0.0,67.26200103759766,True,True,59.459999084472656,-0.14999999105930328,,,,46.652000427246094,210.0019989013672,47.15599822998047,144.0,36.0,
2021-08-25 02:30:00,,,,,52.33000183105469,0.0,72.28399658203125,True,True,100.0,0.0,75.93800354003906,True,True,80.19999694824219,0.0,75.36199951171875,True,True,51.439998626708984,0.0,83.78600311279297,True,True,45.650001525878906,0.0,73.25599670410156,True,True,51.72999954223633,0.0,69.9260025024414,True,True,59.47999954223633,0.0,66.61399841308594,True,True,95.48999786376953,0.0,74.8759994506836,True,True,42.18000030517578,0.0,74.37200164794922,True,True,46.189998626708984,0.0,75.50599670410156,True,True,46.470001220703125,0.0,67.2979965209961,True,True,59.45000076293945,-0.1599999964237213,,,,46.54399871826172,210.0019989013672,46.97600173950195,144.0,36.0,
2021-08-25 02:45:00,,,,,48.939998626708984,0.0,72.302001953125,True,True,100.0,0.0,75.88400268554688,True,True,81.08999633789062,0.0,75.37999725341797,True,True,51.40999984741211,0.0,83.69599914550781,True,True,46.880001068115234,0.0,73.11199951171875,True,True,51.619998931884766,0.0,69.87200164794922,True,True,61.66999816894531,0.0,66.61399841308594,True,True,94.31999969482422,0.0,75.12799835205078,True,True,45.36000061035156,0.0,74.35399627685547,True,True,49.41999816894531,0.0,75.50599670410156,True,True,47.720001220703125,0.0,67.38800048828125,True,True,59.459999084472656,-0.14000000059604645,,,,47.98400115966797,210.0019989013672,48.36199951171875,144.0,36.0,
2021-08-25 03:00:00,,,,,52.959999084472656,0.0,71.99600219726562,True,True,100.0,0.0,75.95600128173828,True,True,84.77999877929688,0.0,75.48799896240234,True,True,52.439998626708984,0.0,83.6780014038086,True,True,49.16999816894531,0.0,73.29199981689453,True,True,52.16999816894531,0.0,69.04399871826172,True,True,58.95000076293945,0.0,66.54199981689453,True,True,93.13999938964844,0.0,75.09200286865234,True,True,41.189998626708984,0.0,74.35399627685547,True,True,47.310001373291016,0.0,75.50599670410156,True,True,46.83000183105469,0.0,67.0999984741211,True,True,59.400001525878906,-0.1599999964237213,,,,46.45399856567383,210.0019989013672,46.849998474121094,144.0,36.0,
2021-08-25 03:15:00,,,,,49.72999954223633,0.0,71.65399932861328,True,True,100.0,0.0,75.95600128173828,True,True,82.4800033569336,0.0,75.37999725341797,True,True,52.560001373291016,0.0,84.00199890136719,True,True,51.91999816894531,0.0,73.23799896240234,True,True,52.130001068115234,0.0,68.72000122070312,True,True,57.83000183105469,0.0,66.36199951171875,True,True,93.18000030517578,0.0,74.89399719238281,True,True,40.459999084472656,0.0,74.31800079345703,True,True,49.45000076293945,0.0,75.50599670410156,True,True,50.310001373291016,0.0,67.38800048828125,True,True,59.5,-0.14000000059604645,,,,46.4900016784668,210.0019989013672,46.922000885009766,144.0,36.0,
2021-08-25 03:30:00,,,,,57.470001220703125,0.0,71.74400329589844,True,True,100.0,0.0,75.75800323486328,True,True,80.41000366210938,0.0,75.34400177001953,True,True,50.81999969482422,0.0,83.8219985961914,True,True,48.209999084472656,0.0,73.14800262451172,True,True,51.060001373291016,0.0,68.86399841308594,True,True,59.5099983215332,0.0,66.25399780273438,True,True,94.48999786376953,0.0,75.0739974975586,True,True,41.61000061035156,0.0,74.30000305175781,True,True,41.0,0.0,75.50599670410156,True,True,51.959999084472656,0.0,67.0459976196289,True,True,59.45000076293945,-0.1599999964237213,,,,46.38199996948242,210.0019989013672,46.832000732421875,144.0,36.0,
2021-08-25 03:45:00,,,,,57.130001068115234,0.0,71.88800048828125,True,True,100.0,0.0,75.73999786376953,True,True,80.72000122070312,0.0,75.30799865722656,True,True,50.36000061035156,0.0,84.00199890136719,True,True,52.209999084472656,0.0,73.34600067138672,True,True,50.36000061035156,0.0,68.46800231933594,True,True,57.09000015258789,0.0,66.09200286865234,True,True,96.93000030517578,0.0,75.23600006103516,True,True,40.439998626708984,0.0,74.28199768066406,True,True,46.84000015258789,0.0,75.50599670410156,True,True,45.9900016784668,0.0,66.91999816894531,True,True,59.4900016784668,-0.17000000178813934,,,,46.25600051879883,210.0019989013672,46.66999816894531,144.0,36.0,
2021-08-25 04:00:00,,,,,53.97999954223633,0.0,71.94200134277344,True,True,100.0,0.0,75.7760009765625,True,True,83.33000183105469,0.0,75.32599639892578,True,True,50.61000061035156,0.0,84.00199890136719,True,True,48.13999938964844,0.0,73.27400207519531,True,True,48.91999816894531,0.0,68.39600372314453,True,True,56.7400016784668,0.0,66.00199890136719,True,True,92.7699966430664,0.0,75.12799835205078,True,True,39.88999938964844,0.0,74.26399993896484,True,True,45.5,0.0,75.43399810791016,True,True,48.029998779296875,0.0,66.66799926757812,True,True,59.43000030517578,-0.1599999964237213,,,,46.130001068115234,210.0019989013672,46.66999816894531,144.0,36.0,
2021-08-25 04:15:00,,,,,51.09000015258789,0.0,72.01399993896484,True,True,100.0,0.0,75.79399871826172,True,True,81.16999816894531,0.0,75.29000091552734,True,True,49.95000076293945,0.0,83.83999633789062,True,True,48.43000030517578,0.0,73.2020034790039,True,True,46.7400016784668,0.0,68.3239974975586,True,True,56.65999984741211,0.0,65.91200256347656,True,True,97.55999755859375,0.0,75.00199890136719,True,True,43.970001220703125,0.0,74.19200134277344,True,True,43.68000030517578,0.0,75.34400177001953,True,True,44.83000183105469,0.0,66.93800354003906,True,True,59.459999084472656,-0.1599999964237213,,,,46.07600021362305,210.0019989013672,46.507999420166016,152.0,38.0,
2021-08-25 04:30:00,,,,,47.880001068115234,0.0,72.48200225830078,True,True,97.16000366210938,0.0,75.81199645996094,True,True,80.27999877929688,0.0,75.32599639892578,True,True,49.119998931884766,0.0,83.947998046875,True,True,46.150001525878906,0.0,73.02200317382812,True,True,46.45000076293945,0.0,68.03600311279297,True,True,56.77000045776367,0.0,65.89399719238281,True,True,95.69999694824219,0.0,75.03800201416016,True,True,45.529998779296875,0.0,74.19200134277344,True,True,55.15999984741211,0.0,75.34400177001953,True,True,44.900001525878906,0.0,66.50599670410156,True,True,59.459999084472656,-0.14000000059604645,,,,46.183998107910156,210.0019989013672,46.54399871826172,144.0,36.0,
2021-08-25 04:45:00,,,,,50.849998474121094,0.0,72.24800109863281,True,True,97.61000061035156,0.0,75.81199645996094,True,True,79.55999755859375,0.0,75.27200317382812,True,True,48.560001373291016,0.0,83.98400115966797,True,True,46.630001068115234,0.0,73.04000091552734,True,True,50.91999816894531,0.0,67.96399688720703,True,True,56.540000915527344,0.0,65.947998046875,True,True,100.0,0.0,75.12799835205078,True,True,41.33000183105469,0.0,74.24600219726562,True,True,46.650001525878906,0.0,75.36199951171875,True,True,44.79999923706055,0.0,66.61399841308594,True,True,59.45000076293945,-0.14000000059604645,,,,47.5880012512207,210.0019989013672,47.7140007019043,144.0,36.0,
2021-08-25 05:00:00,,,,,55.06999969482422,0.0,72.84200286865234,True,True,100.0,0.0,75.7760009765625,True,True,81.05999755859375,0.0,75.25399780273438,True,True,50.040000915527344,0.0,83.8219985961914,True,True,49.09000015258789,0.0,73.07599639892578,True,True,52.470001220703125,0.0,67.85600280761719,True,True,56.220001220703125,0.0,65.76799774169922,True,True,96.16999816894531,0.0,75.0739974975586,True,True,41.630001068115234,0.0,74.20999908447266,True,True,44.599998474121094,0.0,75.34400177001953,True,True,45.68000030517578,0.0,66.55999755859375,True,True,59.529998779296875,-0.1599999964237213,,,,46.040000915527344,210.0019989013672,46.47200012207031,144.0,36.0,
2021-08-25 05:15:00,,,,,57.16999816894531,0.0,71.7979965209961,True,True,100.0,0.0,75.86599731445312,True,True,80.2300033569336,0.0,75.21800231933594,True,True,48.060001373291016,0.0,83.8759994506836,True,True,50.0099983215332,0.0,72.91400146484375,True,True,51.130001068115234,0.0,68.03600311279297,True,True,56.29999923706055,0.0,65.6780014038086,True,True,94.02999877929688,0.0,75.03800201416016,True,True,41.41999816894531,0.0,74.19200134277344,True,True,44.09000015258789,0.0,75.32599639892578,True,True,48.41999816894531,0.0,66.5780029296875,True,True,59.439998626708984,-0.14999999105930328,,,,46.130001068115234,210.0019989013672,46.4900016784668,144.0,36.0,
2021-08-25 05:30:00,,,,,52.47999954223633,0.0,71.95999908447266,True,True,100.0,0.0,75.8479995727539,True,True,80.66999816894531,0.0,75.23600006103516,True,True,51.18000030517578,0.0,84.00199890136719,True,True,50.81999969482422,0.0,72.84200286865234,True,True,48.349998474121094,0.0,66.86599731445312,True,True,58.16999816894531,0.0,65.66000366210938,True,True,92.69999694824219,0.0,75.0199966430664,True,True,42.06999969482422,0.0,74.12000274658203,True,True,45.84000015258789,0.0,75.30799865722656,True,True,45.369998931884766,0.0,66.39800262451172,True,True,59.4900016784668,-0.17000000178813934,,,,47.624000549316406,210.0019989013672,47.89400100708008,144.0,36.0,
2021-08-25 05:45:00,,,,,52.959999084472656,0.0,71.7979965209961,True,True,100.0,0.0,75.7760009765625,True,True,82.12000274658203,0.0,75.25399780273438,True,True,49.70000076293945,0.0,84.03800201416016,True,True,50.880001068115234,0.0,73.04000091552734,True,True,49.290000915527344,0.0,67.31600189208984,True,True,55.70000076293945,0.0,65.71399688720703,True,True,99.5199966430664,0.0,75.05599975585938,True,True,40.34000015258789,0.0,74.06600189208984,True,True,48.59000015258789,0.0,75.30799865722656,True,True,44.099998474121094,0.0,66.68599700927734,True,True,59.540000915527344,-0.1599999964237213,,,,45.96799850463867,210.0019989013672,46.45399856567383,144.0,36.0,
2021-08-25 06:00:00,,,,,56.650001525878906,0.0,71.4739990234375,True,True,100.0,0.0,75.81199645996094,True,True,80.69999694824219,0.0,75.21800231933594,True,True,47.66999816894531,0.0,83.6780014038086,True,True,43.70000076293945,0.0,72.93199920654297,True,True,48.599998474121094,0.0,67.96399688720703,True,True,56.09000015258789,0.0,65.96600341796875,True,True,98.58999633789062,0.0,74.73200225830078,True,True,40.91999816894531,0.0,74.08399963378906,True,True,39.81999969482422,0.0,75.30799865722656,True,True,39.880001068115234,0.0,66.50599670410156,True,True,59.439998626708984,-0.17000000178813934,,,,46.09400177001953,210.0019989013672,46.4900016784668,144.0,36.0,
2021-08-25 06:15:00,,,,,51.099998474121094,0.0,71.61799621582031,True,True,99.12000274658203,0.0,75.9020004272461,True,True,79.94999694824219,0.0,75.18199920654297,True,True,46.720001220703125,0.0,83.69599914550781,True,True,46.36000061035156,0.0,73.05799865722656,True,True,46.61000061035156,0.0,68.05400085449219,True,True,57.68000030517578,0.0,65.71399688720703,True,True,98.9000015258789,0.0,74.66000366210938,True,True,41.849998474121094,0.0,74.08399963378906,True,True,48.130001068115234,0.0,75.27200317382812,True,True,47.86000061035156,0.0,66.21800231933594,True,True,59.439998626708984,-0.1899999976158142,,,,45.91400146484375,210.0019989013672,46.310001373291016,152.0,38.0,
2021-08-25 06:30:00,,,,,50.970001220703125,0.0,71.31199645996094,True,True,100.0,0.0,75.8479995727539,True,True,79.87999725341797,0.0,75.19999694824219,True,True,45.93000030517578,0.0,83.64199829101562,True,True,46.779998779296875,0.0,73.00399780273438,True,True,44.380001068115234,0.0,68.25199890136719,True,True,55.099998474121094,0.0,66.00199890136719,True,True,98.08999633789062,0.0,74.947998046875,True,True,40.34000015258789,0.0,74.08399963378906,True,True,50.0,0.0,75.25399780273438,True,True,47.08000183105469,0.0,66.75800323486328,True,True,59.470001220703125,-0.11999999731779099,,,,46.00400161743164,210.0019989013672,46.417999267578125,144.0,36.0,
2021-08-25 06:45:00,,,,,48.04999923706055,0.0,71.6719970703125,True,True,100.0,0.0,75.59600067138672,True,True,79.44000244140625,0.0,75.25399780273438,True,True,46.310001373291016,0.0,83.60600280761719,True,True,48.63999938964844,0.0,73.05799865722656,True,True,47.52000045776367,0.0,67.8740005493164,True,True,55.11000061035156,0.0,65.71399688720703,True,True,100.0,0.0,75.00199890136719,True,True,39.90999984741211,0.0,74.20999908447266,True,True,41.2400016784668,0.0,75.25399780273438,True,True,46.0099983215332,0.0,66.68599700927734,True,True,59.459999084472656,-0.10999999940395355,,,,45.93199920654297,210.0019989013672,46.34600067138672,144.0,36.0,
2021-08-25 07:00:00,,,,,44.81999969482422,0.0,72.78800201416016,True,True,95.29000091552734,0.0,75.7760009765625,True,True,78.68000030517578,0.0,75.18199920654297,True,True,45.56999969482422,0.0,83.46199798583984,True,True,44.560001373291016,0.0,73.18399810791016,True,True,47.65999984741211,0.0,67.8740005493164,True,True,54.630001068115234,0.0,65.8219985961914,True,True,98.9000015258789,0.0,74.98400115966797,True,True,39.400001525878906,0.0,74.0479965209961,True,True,47.4900016784668,0.0,75.19999694824219,True,True,45.59000015258789,0.0,66.39800262451172,True,True,59.5099983215332,-0.1599999964237213,,,,48.54199981689453,210.0019989013672,49.65800094604492,152.0,38.0,
2021-08-25 07:15:00,,,,,46.060001373291016,0.0,73.23799896240234,True,True,100.0,0.0,75.79399871826172,True,True,75.47000122070312,0.0,75.21800231933594,True,True,46.400001525878906,0.0,84.16400146484375,True,True,41.72999954223633,0.0,73.09400177001953,True,True,47.31999969482422,0.0,67.85600280761719,True,True,54.11000061035156,0.0,65.71399688720703,True,True,95.61000061035156,0.0,75.0739974975586,True,True,39.54999923706055,0.0,74.01200103759766,True,True,41.31999969482422,0.0,75.16400146484375,True,True,43.22999954223633,0.0,66.21800231933594,True,True,59.40999984741211,-0.14999999105930328,,,,40.874000549316406,210.0019989013672,41.46799850463867,144.0,36.0,
2021-08-25 07:30:00,,,,,48.0,0.0,73.8499984741211,True,True,99.16999816894531,0.0,75.7760009765625,True,True,74.5199966430664,0.0,75.12799835205078,True,True,42.65999984741211,0.0,84.59600067138672,True,True,44.970001220703125,0.0,73.18399810791016,True,True,43.02000045776367,0.0,68.73799896240234,True,True,55.27000045776367,0.0,65.64199829101562,True,True,96.12000274658203,0.0,75.09200286865234,True,True,41.68000030517578,0.0,74.12000274658203,True,True,47.119998931884766,0.0,75.16400146484375,True,True,45.18000030517578,0.0,66.50599670410156,True,True,59.38999938964844,-0.19999998807907104,,,,43.19599914550781,210.0019989013672,43.80799865722656,144.0,36.0,
2021-08-25 07:45:00,,,,,40.31999969482422,0.0,74.30000305175781,True,True,100.0,0.0,75.66799926757812,True,True,69.27999877929688,0.0,75.11000061035156,True,True,44.97999954223633,0.0,84.7040023803711,True,True,45.810001373291016,0.0,73.34600067138672,True,True,43.79999923706055,0.0,68.79199981689453,True,True,57.5099983215332,0.0,65.76799774169922,True,True,100.0,0.0,75.00199890136719,True,True,42.709999084472656,0.0,74.19200134277344,True,True,47.279998779296875,0.0,75.27200317382812,True,True,47.83000183105469,0.0,66.39800262451172,True,True,59.5099983215332,-0.1899999976158142,,,,40.784000396728516,210.0019989013672,41.1619987487793,144.0,36.0,
2021-08-25 08:00:00,,,,,49.900001525878906,0.0,73.54399871826172,True,True,100.0,0.0,75.59600067138672,True,True,65.97000122070312,0.0,75.12799835205078,True,True,41.220001220703125,0.0,84.8479995727539,True,True,41.560001373291016,0.0,73.5260009765625,True,True,47.189998626708984,0.0,70.14199829101562,True,True,50.56999969482422,0.0,66.0739974975586,True,True,93.4000015258789,0.0,75.11000061035156,True,True,38.81999969482422,0.0,74.22799682617188,True,True,39.130001068115234,0.0,75.27200317382812,True,True,46.22999954223633,0.0,66.39800262451172,True,True,59.459999084472656,-0.14000000059604645,,,,41.305999755859375,210.0019989013672,41.720001220703125,152.0,38.0,
2021-08-25 08:15:00,,,,,59.11000061035156,0.0,74.15599822998047,True,True,98.26000213623047,0.0,75.5780029296875,True,True,70.93000030517578,0.0,75.14600372314453,True,True,44.09000015258789,0.0,85.08200073242188,True,True,51.209999084472656,0.0,73.63400268554688,True,True,46.7400016784668,0.0,70.5739974975586,True,True,53.70000076293945,0.0,66.95600128173828,True,True,85.33000183105469,0.0,74.947998046875,True,True,40.130001068115234,0.0,74.26399993896484,True,True,43.18000030517578,0.0,75.41600036621094,True,True,48.189998626708984,0.0,67.44200134277344,True,True,59.5099983215332,-0.14000000059604645,,,,51.38600158691406,210.0019989013672,53.02399826049805,152.0,38.0,
2021-08-25 08:30:00,,,,,53.63999938964844,0.0,73.6520004272461,True,True,91.37999725341797,0.0,75.59600067138672,True,True,73.19000244140625,0.0,75.27200317382812,True,True,48.709999084472656,0.0,85.96399688720703,True,True,48.619998931884766,0.0,73.83200073242188,True,True,50.47999954223633,0.0,72.01399993896484,True,True,51.27000045776367,0.0,67.6760025024414,True,True,84.48999786376953,0.0,75.14600372314453,True,True,36.619998931884766,0.0,74.26399993896484,True,True,45.5099983215332,0.0,75.4520034790039,True,True,46.720001220703125,0.0,68.34200286865234,True,True,59.459999084472656,-0.14000000059604645,,,,44.74399948120117,210.0019989013672,45.55400085449219,160.0,40.0,
2021-08-25 08:45:00,,,,,48.22999954223633,0.0,74.06600189208984,True,True,91.87999725341797,0.0,75.79399871826172,True,True,67.16999816894531,0.0,75.36199951171875,True,True,46.02000045776367,0.0,85.02799987792969,True,True,48.68000030517578,0.0,73.88600158691406,True,True,51.349998474121094,0.0,72.96800231933594,True,True,51.95000076293945,0.0,68.30599975585938,True,True,76.66000366210938,1.5299999713897705,75.03800201416016,True,True,38.91999816894531,0.0,74.30000305175781,True,True,40.06999969482422,0.0,75.50599670410156,True,True,48.75,0.0,68.79199981689453,True,True,59.529998779296875,-0.14000000059604645,,,,41.737998962402344,210.0019989013672,42.2599983215332,160.0,40.0,
2021-08-25 09:00:00,,,,,47.84000015258789,0.0,75.18199920654297,True,True,91.9000015258789,0.0,75.9020004272461,True,True,67.62999725341797,0.0,75.18199920654297,True,True,51.540000915527344,0.0,85.94599914550781,True,True,50.38999938964844,0.0,73.95800018310547,True,True,58.720001220703125,0.0,73.7239990234375,True,True,56.540000915527344,0.0,69.18800354003906,True,True,94.47000122070312,0.0,75.34400177001953,True,True,42.58000183105469,0.0,74.4800033569336,True,True,55.41999816894531,0.0,75.59600067138672,True,True,49.15999984741211,0.0,69.63800048828125,True,True,59.470001220703125,-0.11999999731779099,,,,41.50400161743164,210.0019989013672,41.93600082397461,168.0,42.0,
2021-08-25 09:15:00,,,,,43.869998931884766,0.0,75.34400177001953,True,True,95.19000244140625,0.0,75.75800323486328,True,True,62.88999938964844,0.0,75.19999694824219,True,True,51.83000183105469,0.0,86.79199981689453,True,True,49.5,0.0,73.97599792480469,True,True,56.20000076293945,0.0,75.47000122070312,True,True,52.59000015258789,0.0,70.06999969482422,True,True,91.88999938964844,0.0,75.25399780273438,True,True,39.9900016784668,0.0,74.56999969482422,True,True,45.97999954223633,0.0,75.81199645996094,True,True,46.75,0.0,70.447998046875,True,True,59.459999084472656,-0.1599999964237213,,,,42.0260009765625,210.0019989013672,42.242000579833984,168.0,42.0,
2021-08-25 09:30:00,,,,,55.209999084472656,0.0,75.86599731445312,True,True,100.0,0.0,75.7760009765625,True,True,76.9000015258789,0.0,75.27200317382812,True,True,59.720001220703125,0.0,88.16000366210938,True,True,59.5,0.0,74.06600189208984,True,True,69.76000213623047,0.0,77.30599975585938,True,True,57.7599983215332,0.0,71.11399841308594,True,True,93.72000122070312,0.0,75.37999725341797,True,True,42.349998474121094,0.0,74.58799743652344,True,True,47.33000183105469,0.0,75.81199645996094,True,True,50.209999084472656,0.0,71.52799987792969,True,True,59.540000915527344,-0.19999998807907104,,,,46.507999420166016,210.0019989013672,46.97600173950195,168.0,42.0,
2021-08-25 09:45:00,,,,,46.689998626708984,0.0,76.45999908447266,True,True,100.0,0.0,75.59600067138672,True,True,74.37000274658203,0.0,75.34400177001953,True,True,63.66999816894531,0.0,86.48600006103516,True,True,70.6500015258789,0.0,76.26200103759766,True,True,68.55000305175781,0.0,78.65599822998047,True,True,53.290000915527344,0.0,72.4280014038086,True,True,89.97000122070312,0.0,75.54199981689453,True,True,38.83000183105469,0.0,74.60600280761719,True,True,42.619998931884766,0.0,75.81199645996094,True,True,46.88999938964844,0.0,72.91400146484375,True,True,59.5,-0.14000000059604645,,,,44.00600051879883,210.0019989013672,44.52799987792969,176.0,44.0,
2021-08-25 10:00:00,,,,,45.560001373291016,0.0,77.05400085449219,True,True,95.04000091552734,0.0,75.9739990234375,True,True,72.04000091552734,0.0,75.30799865722656,True,True,60.790000915527344,0.0,87.33200073242188,True,True,68.19000244140625,0.0,76.58599853515625,True,True,57.43000030517578,0.0,79.91600036621094,True,True,58.13999938964844,0.0,73.70600128173828,True,True,86.11000061035156,0.0,76.26200103759766,True,True,39.04999923706055,0.0,74.552001953125,True,True,46.90999984741211,0.0,75.81199645996094,True,True,46.529998779296875,0.0,74.19200134277344,True,True,59.459999084472656,-0.17000000178813934,,,,44.060001373291016,210.0019989013672,44.36600112915039,176.0,44.0,
2021-08-25 10:15:00,,,,,48.29999923706055,0.0,77.16200256347656,True,True,100.0,0.0,75.9739990234375,True,True,75.04000091552734,0.0,75.30799865722656,True,True,62.02000045776367,0.0,89.22200012207031,True,True,66.02999877929688,0.0,77.10800170898438,True,True,69.73999786376953,0.0,80.77999877929688,True,True,62.279998779296875,0.0,74.8219985961914,True,True,100.0,0.0,79.1780014038086,True,True,44.7599983215332,0.0,74.60600280761719,True,True,46.91999816894531,0.0,75.81199645996094,True,True,50.02000045776367,0.0,75.12799835205078,True,True,59.5,-0.1599999964237213,,,,45.805999755859375,210.0019989013672,46.14799880981445,184.0,46.0,
2021-08-25 10:30:00,,,,,59.189998626708984,0.0,76.98200225830078,True,True,95.9800033569336,0.0,75.95600128173828,True,True,74.81999969482422,0.0,75.43399810791016,True,True,71.02999877929688,0.0,89.29399871826172,True,True,71.30000305175781,0.0,79.08799743652344,True,True,75.06999969482422,0.0,82.5260009765625,True,True,58.470001220703125,0.0,76.0459976196289,True,True,100.0,0.0,80.16799926757812,True,True,43.29999923706055,0.0,74.73200225830078,True,True,51.439998626708984,0.0,75.81199645996094,True,True,49.34000015258789,0.0,76.31600189208984,True,True,59.5099983215332,-0.11999999731779099,,,,47.551998138427734,210.0019989013672,47.9119987487793,176.0,44.0,
2021-08-25 10:45:00,,,,,58.08000183105469,0.0,77.57599639892578,True,True,100.0,0.0,76.0459976196289,True,True,81.7300033569336,0.0,75.36199951171875,True,True,75.12999725341797,0.0,89.76200103759766,True,True,82.0999984741211,0.0,80.58200073242188,True,True,77.5999984741211,0.0,83.44400024414062,True,True,59.459999084472656,0.0,77.03600311279297,True,True,100.0,0.0,80.90599822998047,True,True,41.29999923706055,0.0,74.73200225830078,True,True,51.630001068115234,0.0,75.86599731445312,True,True,50.779998779296875,0.0,77.43199920654297,True,True,59.38999938964844,-0.11999999731779099,,,,47.7140007019043,210.0019989013672,48.055999755859375,184.0,46.0,
2021-08-25 11:00:00,,,,,55.29999923706055,0.0,77.8280029296875,True,True,100.0,0.0,76.13600158691406,True,True,84.43000030517578,0.0,75.32599639892578,True,True,76.94999694824219,0.0,90.89600372314453,True,True,72.87999725341797,0.0,81.03199768066406,True,True,78.66000366210938,0.0,84.9020004272461,True,True,62.5,0.0,78.52999877929688,True,True,100.0,0.0,82.83200073242188,True,True,42.61000061035156,0.0,74.80400085449219,True,True,50.369998931884766,0.0,75.86599731445312,True,True,52.040000915527344,0.0,78.87200164794922,True,True,59.400001525878906,-0.17000000178813934,,,,47.38999938964844,210.0019989013672,47.821998596191406,184.0,46.0,
2021-08-25 11:15:00,,,,,58.91999816894531,0.0,78.58399963378906,True,True,100.0,0.0,76.11799621582031,True,True,85.75,0.0,75.4520034790039,True,True,79.19999694824219,0.0,91.43599700927734,True,True,88.91000366210938,0.0,81.91400146484375,True,True,82.91999816894531,0.0,85.44200134277344,True,True,63.380001068115234,0.0,79.55599975585938,True,True,100.0,0.0,82.81400299072266,True,True,48.36000061035156,0.0,74.76799774169922,True,True,49.61000061035156,0.0,75.86599731445312,True,True,58.15999984741211,0.0,80.36599731445312,True,True,59.4900016784668,-0.10999999940395355,,,,47.624000549316406,210.0019989013672,47.98400115966797,184.0,46.0,
2021-08-25 11:30:00,,,,,59.119998931884766,0.0,79.21399688720703,True,True,100.0,0.0,76.15399932861328,True,True,86.83999633789062,0.0,75.47000122070312,True,True,80.27999877929688,0.0,92.13800048828125,True,True,78.95999908447266,0.0,76.58599853515625,True,True,90.43000030517578,0.0,86.68399810791016,True,True,67.4000015258789,0.0,80.49199676513672,True,True,100.0,0.0,84.39800262451172,True,True,47.5099983215332,0.0,74.73200225830078,True,True,54.86000061035156,0.0,75.9020004272461,True,True,55.41999816894531,0.0,81.44599914550781,True,True,59.439998626708984,-0.11999999731779099,,,,47.7140007019043,210.0019989013672,48.09199905395508,184.0,46.0,
2021-08-25 11:45:00,,,,,60.810001373291016,0.0,80.25800323486328,True,True,100.0,0.0,76.31600189208984,True,True,93.12999725341797,0.0,75.52400207519531,True,True,83.94000244140625,0.0,91.36399841308594,True,True,82.5999984741211,0.0,82.95800018310547,True,True,100.0,0.0,86.86399841308594,True,True,67.95999908447266,0.0,81.1760025024414,True,True,100.0,0.0,85.06400299072266,True,True,44.439998626708984,0.0,74.6780014038086,True,True,52.459999084472656,0.0,75.88400268554688,True,True,53.5,0.0,82.04000091552734,True,True,59.459999084472656,-0.17000000178813934,,,,47.75,210.0019989013672,48.11000061035156,192.0,48.0,
2021-08-25 12:00:00,,,,,59.93000030517578,0.0,79.21399688720703,True,True,100.0,0.0,79.75399780273438,True,True,92.29000091552734,0.0,75.54199981689453,True,True,90.83000183105469,0.0,88.5199966430664,True,True,84.43000030517578,0.0,83.08399963378906,True,True,100.0,0.0,87.2239990234375,True,True,68.81999969482422,0.0,81.5,True,True,100.0,0.0,84.9739990234375,True,True,46.0099983215332,0.0,74.6240005493164,True,True,52.029998779296875,0.0,75.93800354003906,True,True,57.630001068115234,0.0,82.50800323486328,True,True,59.40999984741211,-0.14000000059604645,,,,47.624000549316406,210.0019989013672,48.055999755859375,184.0,46.0,
2021-08-25 12:15:00,,,,,60.61000061035156,0.0,80.41999816894531,True,True,100.0,0.0,80.83399963378906,True,True,91.08000183105469,0.0,75.52400207519531,True,True,97.08000183105469,0.0,88.21399688720703,True,True,90.08999633789062,0.0,82.58000183105469,True,True,100.0,0.0,87.04399871826172,True,True,71.43000030517578,0.0,82.36399841308594,True,True,100.0,0.0,85.98200225830078,True,True,46.33000183105469,0.0,74.6240005493164,True,True,55.63999938964844,0.0,75.9739990234375,True,True,52.59000015258789,0.0,83.15599822998047,True,True,59.40999984741211,-0.14000000059604645,,,,47.5880012512207,210.0019989013672,47.948001861572266,192.0,48.0,
2021-08-25 12:30:00,,,,,61.83000183105469,0.0,79.89800262451172,True,True,100.0,0.0,81.3740005493164,True,True,92.95999908447266,0.0,75.52400207519531,True,True,93.80000305175781,0.0,88.59200286865234,True,True,92.08999633789062,0.0,82.83200073242188,True,True,100.0,0.0,87.44000244140625,True,True,69.77999877929688,0.0,82.5979995727539,True,True,100.0,0.0,86.55799865722656,True,True,44.66999816894531,0.0,74.552001953125,True,True,57.0,0.0,75.99199676513672,True,True,56.04999923706055,0.0,83.46199798583984,True,True,59.4900016784668,-0.1599999964237213,,,,47.858001708984375,210.0019989013672,48.236000061035156,192.0,48.0,
2021-08-25 12:45:00,,,,,61.70000076293945,0.0,79.35800170898438,True,True,100.0,0.0,82.94000244140625,True,True,97.83000183105469,0.0,77.66600036621094,True,True,100.0,0.0,89.58200073242188,True,True,95.48999786376953,0.0,82.99400329589844,True,True,100.0,0.0,86.91799926757812,True,True,69.30999755859375,0.0,82.29199981689453,True,True,100.0,0.0,85.89199829101562,True,True,43.880001068115234,0.0,74.53399658203125,True,True,48.130001068115234,0.0,75.99199676513672,True,True,57.86000061035156,0.0,83.08399963378906,True,True,59.43000030517578,-0.1599999964237213,,,,47.75,210.0019989013672,48.07400131225586,184.0,46.0,
2021-08-25 13:00:00,,,,,63.63999938964844,0.0,79.5199966430664,True,True,100.0,0.0,82.70600128173828,True,True,99.68000030517578,0.0,80.95999908447266,True,True,100.0,0.0,88.91600036621094,True,True,88.62000274658203,0.0,82.27400207519531,True,True,91.70999908447266,0.0,86.9000015258789,True,True,70.0999984741211,0.0,82.11199951171875,True,True,100.0,0.0,86.28800201416016,True,True,46.2599983215332,0.0,74.49800109863281,True,True,52.869998931884766,0.0,76.02799987792969,True,True,62.95000076293945,0.0,82.7239990234375,True,True,59.43000030517578,-0.14000000059604645,,,,47.7140007019043,210.0019989013672,48.145999908447266,200.0,50.0,
2021-08-25 13:15:00,,,,,64.72000122070312,0.0,79.5199966430664,True,True,100.0,0.0,82.27400207519531,True,True,100.0,0.0,77.0,True,True,100.0,0.0,89.16799926757812,True,True,89.45999908447266,0.0,82.63400268554688,True,True,88.97000122070312,0.0,87.36799621582031,True,True,72.2699966430664,0.0,82.4540023803711,True,True,100.0,0.0,86.52200317382812,True,True,44.06999969482422,0.0,74.552001953125,True,True,51.349998474121094,0.0,76.11799621582031,True,True,55.79999923706055,0.0,82.86799621582031,True,True,59.4900016784668,-0.14999999105930328,,,,47.5880012512207,210.0019989013672,48.00199890136719,192.0,48.0,
2021-08-25 13:30:00,,,,,67.94000244140625,0.0,78.49400329589844,True,True,100.0,0.0,81.39199829101562,True,True,100.0,0.0,75.99199676513672,True,True,100.0,0.0,90.21199798583984,True,True,92.01000213623047,0.0,82.7239990234375,True,True,100.0,0.0,87.2959976196289,True,True,71.83999633789062,0.0,81.78800201416016,True,True,100.0,0.0,85.7300033569336,True,True,48.310001373291016,0.0,74.58799743652344,True,True,49.08000183105469,0.0,76.08200073242188,True,True,62.060001373291016,0.0,82.34600067138672,True,True,59.529998779296875,-0.14000000059604645,,,,49.604000091552734,210.0019989013672,50.305999755859375,192.0,48.0,
2021-08-25 13:45:00,,,,,71.69000244140625,0.0,78.24199676513672,True,True,100.0,0.0,79.9520034790039,True,True,100.0,0.0,81.80599975585938,True,True,100.0,0.0,89.97799682617188,True,True,100.0,0.0,82.99400329589844,True,True,100.0,0.0,87.4219970703125,True,True,71.43000030517578,0.0,81.78800201416016,True,True,100.0,0.0,85.96399688720703,True,True,45.56999969482422,0.0,74.66000366210938,True,True,58.130001068115234,0.0,76.1719970703125,True,True,63.09000015258789,0.0,82.34600067138672,True,True,59.4900016784668,-0.14999999105930328,,,,47.5880012512207,210.0019989013672,47.965999603271484,184.0,46.0,
2021-08-25 14:00:00,,,,,76.20999908447266,0.0,84.0739974975586,True,True,100.0,0.0,82.97599792480469,True,True,100.0,0.0,79.89800262451172,True,True,100.0,0.0,92.49800109863281,True,True,100.0,0.0,83.80400085449219,True,True,100.0,0.0,88.447998046875,True,True,72.43000030517578,0.0,82.07599639892578,True,True,98.41999816894531,0.0,81.4280014038086,True,True,48.88999938964844,0.0,74.8219985961914,True,True,61.040000915527344,0.0,76.1719970703125,True,True,65.51000213623047,0.0,82.41799926757812,True,True,59.5099983215332,-0.1599999964237213,,,,47.875999450683594,210.0019989013672,48.27199935913086,192.0,48.0,
2021-08-25 14:15:00,,,,,72.52999877929688,0.0,84.03800201416016,True,True,90.8499984741211,0.0,80.38400268554688,True,True,100.0,0.0,80.25800323486328,True,True,100.0,0.0,92.6780014038086,True,True,100.0,0.0,85.38800048828125,True,True,100.0,0.0,89.0780029296875,True,True,72.5999984741211,0.0,82.04000091552734,True,True,100.0,0.0,86.23400115966797,True,True,47.630001068115234,0.0,74.91200256347656,True,True,61.630001068115234,0.0,76.33399963378906,True,True,68.30999755859375,0.0,82.58000183105469,True,True,59.4900016784668,-0.1599999964237213,,,,47.7140007019043,210.0019989013672,48.055999755859375,200.0,50.0,
2021-08-25 14:30:00,,,,,77.55000305175781,0.0,84.81199645996094,True,True,90.69000244140625,0.0,80.63600158691406,True,True,100.0,0.0,80.56400299072266,True,True,91.16999816894531,0.0,92.51599884033203,True,True,100.0,0.0,85.02799987792969,True,True,100.0,0.0,88.50199890136719,True,True,73.63999938964844,0.0,82.5260009765625,True,True,100.0,0.0,86.54000091552734,True,True,47.84000015258789,0.0,74.98400115966797,True,True,56.790000915527344,0.0,76.35199737548828,True,True,64.45999908447266,0.0,82.9219970703125,True,True,59.470001220703125,-0.14999999105930328,,,,47.821998596191406,210.0019989013672,48.236000061035156,200.0,50.0,
2021-08-25 14:45:00,,,,,78.61000061035156,0.0,84.19999694824219,True,True,93.55000305175781,0.0,78.27799987792969,True,True,100.0,0.0,79.5739974975586,True,True,90.91000366210938,0.0,93.27200317382812,True,True,96.12000274658203,0.0,84.48799896240234,True,True,100.0,0.0,88.3759994506836,True,True,73.33999633789062,0.0,82.88600158691406,True,True,99.98999786376953,0.0,87.18800354003906,True,True,49.220001220703125,0.0,75.0199966430664,True,True,60.119998931884766,0.0,76.42400360107422,True,True,67.41000366210938,0.0,83.28199768066406,True,True,59.38999938964844,-0.1899999976158142,,,,47.731998443603516,210.0019989013672,48.18199920654297,200.0,50.0,
2021-08-25 15:00:00,,,,,84.23999786376953,0.0,82.70600128173828,True,True,100.0,0.0,77.3239974975586,True,True,100.0,0.0,76.83799743652344,True,True,99.16000366210938,0.0,92.6780014038086,True,True,100.0,0.0,81.46399688720703,True,True,100.0,0.0,88.48400115966797,True,True,63.36000061035156,0.0,75.88400268554688,True,True,100.0,0.0,87.44000244140625,True,True,52.439998626708984,0.0,75.09200286865234,True,True,58.31999969482422,0.0,76.53199768066406,True,True,71.2699966430664,0.0,84.11000061035156,True,True,59.470001220703125,-0.17000000178813934,,,,47.821998596191406,210.0019989013672,48.25400161743164,192.0,48.0,
2021-08-25 15:15:00,,,,,86.62999725341797,0.0,84.48799896240234,True,True,100.0,0.0,77.0719985961914,True,True,99.06999969482422,0.0,76.44200134277344,True,True,100.0,0.0,93.52400207519531,True,True,92.66999816894531,0.0,84.0739974975586,True,True,87.20999908447266,0.0,88.1240005493164,True,True,73.16000366210938,0.0,82.68800354003906,True,True,100.0,0.0,87.20600128173828,True,True,52.459999084472656,0.0,75.09200286865234,True,True,60.220001220703125,0.0,76.6760025024414,True,True,69.83999633789062,0.0,83.76799774169922,True,True,59.43000030517578,-0.17000000178813934,,,,47.551998138427734,210.0019989013672,48.00199890136719,200.0,50.0,
2021-08-25 15:30:00,,,,,87.47000122070312,0.0,81.60800170898438,True,True,100.0,0.0,76.89199829101562,True,True,100.0,0.0,76.47799682617188,True,True,100.0,0.0,93.88400268554688,True,True,90.06999969482422,0.0,82.9219970703125,True,True,91.12999725341797,0.0,87.76399993896484,True,True,63.68000030517578,0.0,75.99199676513672,True,True,100.0,0.0,87.13400268554688,True,True,52.880001068115234,0.0,75.16400146484375,True,True,54.560001373291016,0.0,76.63999938964844,True,True,67.83999633789062,0.0,84.23600006103516,True,True,59.5,-0.19999998807907104,,,,47.534000396728516,210.0019989013672,47.9119987487793,192.0,48.0,
2021-08-25 15:45:00,,,,,85.69000244140625,0.0,83.01200103759766,True,True,100.0,0.0,76.83799743652344,True,True,100.0,0.0,79.80799865722656,True,True,100.0,0.0,93.34400177001953,True,True,100.0,0.0,83.6780014038086,True,True,90.20999908447266,0.0,87.40399932861328,True,True,64.33999633789062,0.0,79.03399658203125,True,True,100.0,0.0,87.24199676513672,True,True,51.70000076293945,0.0,75.19999694824219,True,True,66.77999877929688,0.0,76.83799743652344,True,True,71.41999816894531,0.0,84.14600372314453,True,True,59.40999984741211,-0.1899999976158142,,,,47.46200180053711,210.0019989013672,47.858001708984375,184.0,46.0,
2021-08-25 16:00:00,,,,,92.76000213623047,0.0,84.25399780273438,True,True,93.0199966430664,0.0,76.91000366210938,True,True,100.0,0.0,76.78399658203125,True,True,99.7300033569336,0.0,93.91999816894531,True,True,100.0,0.0,83.17400360107422,True,True,92.56999969482422,0.0,86.64800262451172,True,True,67.0,0.0,82.48999786376953,True,True,100.0,0.0,86.86399841308594,True,True,52.79999923706055,0.0,75.21800231933594,True,True,58.68000030517578,0.0,76.81999969482422,True,True,71.68000030517578,0.0,83.40799713134766,True,True,59.470001220703125,-0.1599999964237213,,,,47.40800094604492,210.0019989013672,47.7140007019043,200.0,50.0,
2021-08-25 16:15:00,,,,,83.7300033569336,0.0,79.98799896240234,True,True,100.0,0.0,77.05400085449219,True,True,100.0,0.0,76.40599822998047,True,True,100.0,0.0,93.81199645996094,True,True,100.0,0.0,83.38999938964844,True,True,95.58000183105469,0.0,86.55799865722656,True,True,65.38999938964844,0.0,82.2020034790039,True,True,100.0,0.0,86.68399810791016,True,True,52.02000045776367,0.0,75.29000091552734,True,True,58.16999816894531,0.0,76.91000366210938,True,True,70.45999908447266,0.0,82.7959976196289,True,True,59.470001220703125,-0.14000000059604645,,,,47.444000244140625,210.0019989013672,47.875999450683594,192.0,48.0,
2021-08-25 16:30:00,,,,,81.93000030517578,0.0,77.9540023803711,True,True,100.0,0.0,76.83799743652344,True,True,100.0,0.0,76.26200103759766,True,True,100.0,0.0,94.15399932861328,True,True,100.0,0.0,83.44400024414062,True,True,93.70999908447266,0.0,86.8280029296875,True,True,66.01000213623047,0.0,82.12999725341797,True,True,100.0,0.0,86.34200286865234,True,True,53.06999969482422,0.0,75.27200317382812,True,True,53.83000183105469,0.0,76.94599914550781,True,True,72.97000122070312,0.0,82.9219970703125,True,True,59.45000076293945,-0.14999999105930328,,,,47.19200134277344,210.0019989013672,47.678001403808594,200.0,50.0,
2021-08-25 16:45:00,,,,,89.7300033569336,0.0,77.23400115966797,True,True,100.0,0.0,76.38800048828125,True,True,100.0,0.0,76.20800018310547,True,True,100.0,0.0,93.52400207519531,True,True,88.81999969482422,0.0,83.19200134277344,True,True,92.94999694824219,0.0,85.98200225830078,True,True,69.0999984741211,0.0,81.93199920654297,True,True,100.0,0.0,85.91000366210938,True,True,56.720001220703125,0.0,75.32599639892578,True,True,61.529998779296875,0.0,77.01799774169922,True,True,77.20999908447266,0.0,83.10199737548828,True,True,59.38999938964844,-0.14999999105930328,,,,44.79800033569336,210.0019989013672,45.571998596191406,192.0,48.0,
2021-08-25 17:00:00,,,,,77.36000061035156,0.0,76.74800109863281,True,True,88.5199966430664,0.0,76.51399993896484,True,True,90.69000244140625,0.0,76.08200073242188,True,True,92.47000122070312,0.0,94.1719970703125,True,True,71.02999877929688,0.0,83.46199798583984,True,True,72.61000061035156,0.0,86.34200286865234,True,True,64.83000183105469,0.0,81.87799835205078,True,True,100.0,0.0,85.69400024414062,True,True,52.400001525878906,0.0,75.30799865722656,True,True,68.33999633789062,0.0,77.08999633789062,True,True,74.06999969482422,0.0,82.81400299072266,True,True,59.4900016784668,-0.1599999964237213,,,,59.45000076293945,210.0019989013672,59.09000015258789,184.0,46.0,
2021-08-25 17:15:00,,,,,88.0,0.0,76.60399627685547,True,True,90.70999908447266,0.0,76.49600219726562,True,True,95.69999694824219,0.0,76.0459976196289,True,True,97.98999786376953,0.0,93.99199676513672,True,True,96.05999755859375,0.0,79.25,True,True,93.58999633789062,0.0,86.08999633789062,True,True,64.75,0.0,81.80599975585938,True,True,100.0,0.0,85.0459976196289,True,True,48.86000061035156,0.0,75.29000091552734,True,True,60.709999084472656,0.0,77.16200256347656,True,True,73.83000183105469,0.0,83.10199737548828,True,True,59.5099983215332,-0.14999999105930328,,,,46.20199966430664,210.0019989013672,46.652000427246094,192.0,48.0,
2021-08-25 17:30:00,,,,,85.91000366210938,0.0,77.2699966430664,True,True,87.97000122070312,0.0,76.44200134277344,True,True,84.4000015258789,0.0,76.08200073242188,True,True,84.44000244140625,0.0,94.06400299072266,True,True,81.87000274658203,0.0,80.92400360107422,True,True,84.80000305175781,0.0,85.96399688720703,True,True,57.400001525878906,0.0,82.18399810791016,True,True,100.0,0.0,85.0459976196289,True,True,49.529998779296875,0.0,75.27200317382812,True,True,57.45000076293945,0.0,77.197998046875,True,True,64.01000213623047,0.0,83.28199768066406,True,True,59.56999969482422,-0.17000000178813934,,,,45.194000244140625,210.0019989013672,45.75199890136719,176.0,44.0,
2021-08-25 17:45:00,,,,,77.4800033569336,0.0,76.85600280761719,True,True,91.12999725341797,0.0,76.49600219726562,True,True,81.25,0.0,75.93800354003906,True,True,78.5999984741211,0.0,93.88400268554688,True,True,82.5199966430664,0.0,82.63400268554688,True,True,77.63999938964844,0.0,84.75800323486328,True,True,78.44000244140625,0.0,82.00399780273438,True,True,100.0,0.0,85.44200134277344,True,True,64.55999755859375,0.0,75.34400177001953,True,True,73.06999969482422,0.0,77.14399719238281,True,True,91.79000091552734,0.0,83.0479965209961,True,True,59.459999084472656,-0.10999999940395355,,,,46.4900016784668,210.0019989013672,46.97600173950195,176.0,44.0,
2021-08-25 18:00:00,,,,,73.41999816894531,0.0,76.6760025024414,True,True,97.7300033569336,0.0,76.49600219726562,True,True,79.2300033569336,0.0,75.93800354003906,True,True,76.33999633789062,0.0,93.41600036621094,True,True,74.26000213623047,0.0,81.39199829101562,True,True,75.05000305175781,0.0,83.98400115966797,True,True,60.380001068115234,0.0,81.80599975585938,True,True,97.11000061035156,0.0,83.53399658203125,True,True,55.93000030517578,0.0,75.34400177001953,True,True,59.7599983215332,0.0,77.197998046875,True,True,65.94000244140625,0.0,82.86799621582031,True,True,59.529998779296875,-0.17000000178813934,,,,45.284000396728516,210.0019989013672,45.625999450683594,176.0,44.0,
2021-08-25 18:15:00,,,,,70.08000183105469,0.0,76.2979965209961,True,True,100.0,0.0,76.49600219726562,True,True,77.1500015258789,0.0,75.83000183105469,True,True,72.80999755859375,0.0,93.14600372314453,True,True,72.16000366210938,0.0,80.29399871826172,True,True,71.97000122070312,0.0,83.35399627685547,True,True,58.83000183105469,0.0,81.5719985961914,True,True,96.79000091552734,0.0,78.40399932861328,True,True,46.31999969482422,0.0,75.27200317382812,True,True,60.54999923706055,0.0,77.14399719238281,True,True,68.12000274658203,0.0,82.14800262451172,True,True,59.4900016784668,-0.14999999105930328,,,,44.99599838256836,210.0019989013672,45.428001403808594,176.0,44.0,
2021-08-25 18:30:00,,,,,68.25,0.0,76.31600189208984,True,True,94.4000015258789,0.0,76.47799682617188,True,True,75.55999755859375,0.0,75.86599731445312,True,True,69.91999816894531,0.6899999976158142,93.05599975585938,True,True,66.37000274658203,0.0,75.47000122070312,True,True,64.4000015258789,0.0,82.68800354003906,True,True,60.2599983215332,0.0,80.90599822998047,True,True,98.87000274658203,0.0,81.64399719238281,True,True,43.709999084472656,0.0,75.19999694824219,True,True,58.060001373291016,0.0,77.14399719238281,True,True,68.12999725341797,0.0,80.99600219726562,True,True,59.54999923706055,-0.14000000059604645,,,,44.762001037597656,210.0019989013672,45.194000244140625,168.0,42.0,
2021-08-25 18:45:00,,,,,70.5199966430664,0.0,76.44200134277344,True,True,100.0,0.0,76.47799682617188,True,True,77.05999755859375,0.0,75.7760009765625,True,True,67.47000122070312,1.090000033378601,92.53399658203125,True,True,65.45999908447266,0.0,76.1719970703125,True,True,65.76000213623047,0.0,81.89600372314453,True,True,58.2400016784668,0.0,79.98799896240234,True,True,99.45999908447266,0.0,76.35199737548828,True,True,44.4900016784668,0.0,75.18199920654297,True,True,56.88999938964844,0.0,77.14399719238281,True,True,65.87000274658203,0.0,79.86199951171875,True,True,59.459999084472656,-0.11999999731779099,,,,44.56399917602539,210.0019989013672,44.92399978637695,168.0,42.0,
2021-08-25 19:00:00,,,,,63.880001068115234,0.0,76.31600189208984,True,True,100.0,0.0,76.45999908447266,True,True,74.08000183105469,0.0,75.72200012207031,True,True,63.83000183105469,2.680000066757202,91.99400329589844,True,True,68.08000183105469,0.0,78.08000183105469,True,True,60.41999816894531,0.0,81.21199798583984,True,True,58.9900016784668,0.0,79.39399719238281,True,True,99.5199966430664,0.0,76.35199737548828,True,True,42.900001525878906,0.0,75.16400146484375,True,True,53.130001068115234,0.0,76.98200225830078,True,True,59.0,0.0,79.1780014038086,True,True,59.5,-0.11999999731779099,,,,44.3120002746582,210.0019989013672,44.70800018310547,168.0,42.0,
2021-08-25 19:15:00,,,,,62.66999816894531,0.0,76.33399963378906,True,True,96.20999908447266,0.0,76.49600219726562,True,True,79.95999908447266,0.0,75.75800323486328,True,True,61.88999938964844,2.559999942779541,91.54399871826172,True,True,64.20999908447266,0.0,75.59600067138672,True,True,60.09000015258789,0.0,80.43800354003906,True,True,55.709999084472656,0.0,78.5479965209961,True,True,94.54000091552734,0.0,76.38800048828125,True,True,42.939998626708984,0.0,75.09200286865234,True,True,50.79999923706055,0.0,76.96399688720703,True,True,56.209999084472656,0.0,78.27799987792969,True,True,59.5,-0.10999999940395355,,,,44.29399871826172,210.0019989013672,44.70800018310547,168.0,42.0,
2021-08-25 19:30:00,,,,,61.02000045776367,0.0,76.35199737548828,True,True,100.0,0.0,76.49600219726562,True,True,79.08000183105469,0.0,75.68599700927734,True,True,59.290000915527344,3.109999895095825,91.07599639892578,True,True,57.77000045776367,0.0,74.83999633789062,True,True,58.56999969482422,0.0,79.53800201416016,True,True,54.849998474121094,0.0,77.97200012207031,True,True,93.62999725341797,0.0,76.1719970703125,True,True,42.63999938964844,0.0,75.0199966430664,True,True,47.16999816894531,0.0,76.96399688720703,True,True,55.95000076293945,0.0,77.37799835205078,True,True,59.45000076293945,-0.17000000178813934,,,,44.150001525878906,210.0019989013672,44.492000579833984,168.0,42.0,
2021-08-25 19:45:00,,,,,65.16000366210938,0.0,76.26200103759766,True,True,100.0,0.0,76.40599822998047,True,True,80.62000274658203,0.0,75.68599700927734,True,True,59.560001373291016,0.8399999737739563,90.64399719238281,True,True,61.09000015258789,0.0,74.64199829101562,True,True,57.810001373291016,0.0,79.59200286865234,True,True,55.040000915527344,0.0,77.18000030517578,True,True,89.80999755859375,0.0,76.13600158691406,True,True,42.93000030517578,0.0,75.00199890136719,True,True,52.369998931884766,0.0,76.8740005493164,True,True,55.20000076293945,0.0,76.2979965209961,True,True,59.4900016784668,-0.17000000178813934,,,,44.36600112915039,210.0019989013672,44.869998931884766,160.0,40.0,
2021-08-25 20:00:00,,,,,61.970001220703125,0.0,76.26200103759766,True,True,100.0,0.0,76.31600189208984,True,True,74.0,0.0,75.68599700927734,True,True,55.349998474121094,2.940000057220459,90.24800109863281,True,True,57.61000061035156,0.0,74.552001953125,True,True,54.56999969482422,0.0,78.58399963378906,True,True,55.709999084472656,0.0,76.38800048828125,True,True,92.11000061035156,0.0,76.24400329589844,True,True,39.77000045776367,0.0,75.0199966430664,True,True,54.81999969482422,0.0,76.78399658203125,True,True,55.04999923706055,0.0,75.52400207519531,True,True,59.5,-0.14000000059604645,,,,43.82600021362305,210.0019989013672,44.2400016784668,160.0,40.0,
2021-08-25 20:15:00,,,,,52.38999938964844,0.0,75.9739990234375,True,True,100.0,0.0,76.37000274658203,True,True,73.81999969482422,0.0,75.68599700927734,True,True,54.08000183105469,2.440000057220459,89.56400299072266,True,True,53.95000076293945,0.0,74.22799682617188,True,True,53.279998779296875,0.0,78.24199676513672,True,True,54.560001373291016,0.0,75.75800323486328,True,True,91.54000091552734,0.0,76.02799987792969,True,True,36.77000045776367,0.0,74.98400115966797,True,True,46.88999938964844,0.0,76.78399658203125,True,True,51.5,0.0,74.552001953125,True,True,59.470001220703125,-0.14999999105930328,,,,44.94200134277344,210.0019989013672,45.08599853515625,168.0,42.0,
2021-08-25 20:30:00,,,,,56.599998474121094,0.0,75.9020004272461,True,True,100.0,0.0,76.31600189208984,True,True,72.97000122070312,0.0,75.68599700927734,True,True,55.36000061035156,0.0,89.51000213623047,True,True,47.849998474121094,4.539999961853027,74.4260025024414,True,True,55.599998474121094,0.0,77.77400207519531,True,True,52.45000076293945,0.0,75.0739974975586,True,True,92.3499984741211,0.0,76.02799987792969,True,True,41.06999969482422,0.0,74.98400115966797,True,True,49.56999969482422,0.0,76.78399658203125,True,True,50.90999984741211,0.0,73.76000213623047,True,True,59.45000076293945,-0.19999998807907104,,,,43.84400177001953,210.0019989013672,44.3120002746582,160.0,40.0,
2021-08-25 20:45:00,,,,,53.4900016784668,0.0,76.02799987792969,True,True,100.0,0.0,76.44200134277344,True,True,73.58999633789062,0.0,75.7040023803711,True,True,52.529998779296875,0.0,89.00599670410156,True,True,53.79999923706055,0.0,74.38999938964844,True,True,52.709999084472656,0.0,77.34200286865234,True,True,60.279998779296875,0.0,74.01200103759766,True,True,90.7300033569336,0.0,75.9739990234375,True,True,40.119998931884766,0.0,74.947998046875,True,True,45.25,0.0,76.71199798583984,True,True,52.22999954223633,0.0,73.04000091552734,True,True,59.529998779296875,-0.17000000178813934,,,,44.00600051879883,210.0019989013672,44.402000427246094,152.0,38.0,
2021-08-25 21:00:00,,,,,58.0,0.0,75.81199645996094,True,True,100.0,0.0,76.2979965209961,True,True,74.81999969482422,0.0,75.66799926757812,True,True,51.58000183105469,0.0,88.62799835205078,True,True,52.11000061035156,0.0,74.38999938964844,True,True,53.040000915527344,0.0,76.74800109863281,True,True,64.08999633789062,0.0,73.34600067138672,True,True,92.72000122070312,0.0,75.79399871826172,True,True,42.09000015258789,0.0,75.00199890136719,True,True,44.65999984741211,0.0,76.58599853515625,True,True,53.099998474121094,0.0,72.66200256347656,True,True,59.40999984741211,-0.1599999964237213,,,,44.347999572753906,210.0019989013672,44.74399948120117,160.0,40.0,
2021-08-25 21:15:00,,,,,50.43000030517578,0.0,76.15399932861328,True,True,100.0,0.0,76.27999877929688,True,True,73.05999755859375,0.0,75.63200378417969,True,True,50.650001525878906,0.0,88.39399719238281,True,True,50.369998931884766,0.0,74.44400024414062,True,True,52.459999084472656,0.0,76.38800048828125,True,True,57.70000076293945,0.0,72.55400085449219,True,True,92.52999877929688,0.0,76.08200073242188,True,True,41.470001220703125,0.0,74.91200256347656,True,True,45.709999084472656,0.0,76.58599853515625,True,True,50.79999923706055,0.0,71.94200134277344,True,True,59.5099983215332,-0.1599999964237213,,,,44.41999816894531,210.0019989013672,44.83399963378906,160.0,40.0,
2021-08-25 21:30:00,,,,,54.189998626708984,0.0,76.02799987792969,True,True,100.0,0.0,76.31600189208984,True,True,71.44999694824219,0.0,75.7040023803711,True,True,50.13999938964844,0.0,88.16000366210938,True,True,49.16999816894531,0.0,74.19200134277344,True,True,51.650001525878906,0.0,76.20800018310547,True,True,58.810001373291016,0.0,72.1760025024414,True,True,92.93000030517578,0.0,75.8479995727539,True,True,39.45000076293945,0.0,74.98400115966797,True,True,47.970001220703125,0.0,76.58599853515625,True,True,50.75,0.0,71.45600128173828,True,True,59.470001220703125,-0.14000000059604645,,,,44.36600112915039,210.0019989013672,44.83399963378906,152.0,38.0,
2021-08-25 21:45:00,,,,,52.310001373291016,0.0,75.9020004272461,True,True,100.0,0.0,76.33399963378906,True,True,70.37000274658203,0.0,75.59600067138672,True,True,48.83000183105469,0.0,87.60199737548828,True,True,46.849998474121094,0.0,74.13800048828125,True,True,50.880001068115234,0.0,75.86599731445312,True,True,58.5,0.0,71.70800018310547,True,True,94.5199966430664,0.0,75.7760009765625,True,True,39.18000030517578,0.0,74.91200256347656,True,True,49.20000076293945,0.0,76.47799682617188,True,True,51.40999984741211,0.0,71.04199981689453,True,True,59.54999923706055,-0.11999999731779099,,,,44.36600112915039,210.0019989013672,44.83399963378906,160.0,40.0,
2021-08-25 22:00:00,,,,,50.900001525878906,0.0,75.9020004272461,True,True,100.0,0.0,76.31600189208984,True,True,69.0199966430664,0.0,75.54199981689453,True,True,47.849998474121094,0.0,87.56600189208984,True,True,49.81999969482422,0.0,74.06600189208984,True,True,49.83000183105469,0.0,75.73999786376953,True,True,58.66999816894531,0.0,71.45600128173828,True,True,93.97000122070312,0.0,75.7040023803711,True,True,40.220001220703125,0.0,74.91200256347656,True,True,47.810001373291016,0.0,76.45999908447266,True,True,47.150001525878906,0.0,71.16799926757812,True,True,59.529998779296875,-0.11999999731779099,,,,44.00600051879883,210.0019989013672,44.45600128173828,152.0,38.0,
2021-08-25 22:15:00,,,,,51.220001220703125,0.0,76.08200073242188,True,True,95.2300033569336,0.0,76.2979965209961,True,True,71.5,0.0,75.68599700927734,True,True,49.40999984741211,0.0,87.49400329589844,True,True,51.63999938964844,0.0,74.0479965209961,True,True,50.68000030517578,0.0,75.4520034790039,True,True,57.540000915527344,0.0,71.3479995727539,True,True,93.62000274658203,0.0,75.81199645996094,True,True,40.70000076293945,0.0,74.947998046875,True,True,42.97999954223633,0.0,76.42400360107422,True,True,47.09000015258789,0.0,71.65399932861328,True,True,59.5099983215332,-0.1599999964237213,,,,44.41999816894531,210.0019989013672,44.99599838256836,152.0,38.0,
2021-08-25 22:30:00,,,,,49.439998626708984,0.0,75.83000183105469,True,True,92.54000091552734,0.0,76.26200103759766,True,True,67.9800033569336,0.0,75.59600067138672,True,True,46.189998626708984,0.0,87.24199676513672,True,True,49.56999969482422,0.0,74.06600189208984,True,True,47.38999938964844,0.0,75.16400146484375,True,True,57.61000061035156,0.0,71.2040023803711,True,True,89.1500015258789,0.0,75.81199645996094,True,True,38.5,0.0,74.85800170898438,True,True,51.45000076293945,0.0,76.42400360107422,True,True,47.95000076293945,0.0,71.43800354003906,True,True,59.43000030517578,-0.11999999731779099,,,,43.89799880981445,210.0019989013672,44.347999572753906,152.0,38.0,
2021-08-25 22:45:00,,,,,48.939998626708984,0.0,75.95600128173828,True,True,94.79000091552734,0.0,76.20800018310547,True,True,65.19000244140625,0.0,75.59600067138672,True,True,45.0099983215332,0.0,87.31400299072266,True,True,48.810001373291016,0.0,74.01200103759766,True,True,50.2599983215332,0.0,75.0199966430664,True,True,57.31999969482422,0.0,70.98799896240234,True,True,86.06999969482422,0.0,75.68599700927734,True,True,38.43000030517578,0.0,74.8219985961914,True,True,52.0099983215332,0.0,76.42400360107422,True,True,40.63999938964844,1.5199999809265137,71.45600128173828,True,True,59.470001220703125,-0.1599999964237213,,,,43.48400115966797,210.0019989013672,43.95199966430664,144.0,36.0,
2021-08-25 23:00:00,,,,,51.790000915527344,0.0,75.75800323486328,True,True,100.0,0.0,76.1719970703125,True,True,73.06999969482422,0.0,75.63200378417969,True,True,48.31999969482422,0.0,87.38600158691406,True,True,51.68000030517578,0.0,73.83200073242188,True,True,43.91999816894531,0.0,74.85800170898438,True,True,56.720001220703125,0.0,70.9520034790039,True,True,91.62999725341797,0.0,75.88400268554688,True,True,38.15999984741211,0.0,74.80400085449219,True,True,67.23999786376953,0.0,76.38800048828125,True,True,47.66999816894531,0.0,71.29399871826172,True,True,59.5,-0.14000000059604645,,,,43.124000549316406,210.0019989013672,43.48400115966797,152.0,38.0,
2021-08-25 23:15:00,,,,,51.58000183105469,0.0,75.25399780273438,True,True,97.58999633789062,0.0,76.1719970703125,True,True,68.75,0.0,75.63200378417969,True,True,47.68000030517578,0.0,87.52999877929688,True,True,49.70000076293945,0.0,73.97599792480469,True,True,52.88999938964844,0.0,74.6780014038086,True,True,55.0,0.0,70.75399780273438,True,True,86.56999969482422,0.0,75.72200012207031,True,True,37.91999816894531,0.0,74.83999633789062,True,True,45.959999084472656,0.0,76.38800048828125,True,True,46.56999969482422,0.0,71.09600067138672,True,True,59.45000076293945,-0.10999999940395355,,,,43.71799850463867,210.0019989013672,44.060001373291016,152.0,38.0,
2021-08-25 23:30:00,,,,,57.439998626708984,0.0,75.32599639892578,True,True,100.0,0.0,76.11799621582031,True,True,72.47000122070312,0.0,75.5780029296875,True,True,48.88999938964844,0.0,86.88200378417969,True,True,51.31999969482422,0.0,73.9219970703125,True,True,54.04999923706055,0.0,74.64199829101562,True,True,60.029998779296875,0.0,70.59200286865234,True,True,88.38999938964844,0.0,75.72200012207031,True,True,42.34000015258789,0.0,74.78600311279297,True,True,55.22999954223633,0.0,76.33399963378906,True,True,48.369998931884766,0.0,71.16799926757812,True,True,59.45000076293945,-0.1599999964237213,,,,45.17599868774414,210.0019989013672,45.284000396728516,152.0,38.0,
2021-08-25 23:45:00,,,,,55.68000030517578,0.0,75.72200012207031,True,True,100.0,0.0,75.95600128173828,True,True,77.37000274658203,0.0,75.66799926757812,True,True,55.25,0.0,86.84600067138672,True,True,47.86000061035156,0.0,73.9219970703125,True,True,57.630001068115234,0.0,74.38999938964844,True,True,57.90999984741211,0.0,70.55599975585938,True,True,92.41999816894531,0.0,75.7040023803711,True,True,41.04999923706055,0.0,74.80400085449219,True,True,46.720001220703125,0.0,76.33399963378906,True,True,48.290000915527344,0.0,70.86199951171875,True,True,59.470001220703125,-0.14999999105930328,,,,46.77799987792969,210.0019989013672,47.19200134277344,144.0,36.0,
2021-08-26 00:00:00,,,,,55.09000015258789,0.0,75.7040023803711,True,True,100.0,0.0,76.15399932861328,True,True,75.97000122070312,0.0,75.68599700927734,True,True,55.470001220703125,0.0,86.66600036621094,True,True,47.72999954223633,0.0,73.94000244140625,True,True,55.470001220703125,0.0,74.26399993896484,True,True,59.61000061035156,0.0,70.41200256347656,True,True,88.41000366210938,0.0,75.7760009765625,True,True,42.720001220703125,0.0,74.78600311279297,True,True,42.380001068115234,0.0,76.24400329589844,True,True,50.88999938964844,0.0,70.82599639892578,True,True,59.459999084472656,-0.1599999964237213,,,,46.11199951171875,210.0019989013672,46.47200012207031,152.0,38.0,
2021-08-26 00:15:00,,,,,51.880001068115234,0.0,75.50599670410156,True,True,95.47000122070312,0.0,76.11799621582031,True,True,75.7699966430664,0.0,75.5780029296875,True,True,53.650001525878906,0.0,86.34200286865234,True,True,53.9900016784668,0.0,73.88600158691406,True,True,53.040000915527344,0.0,74.28199768066406,True,True,65.2699966430664,0.0,70.3759994506836,True,True,97.33999633789062,0.0,75.68599700927734,True,True,44.61000061035156,0.0,74.73200225830078,True,True,47.93000030517578,0.0,76.24400329589844,True,True,49.279998779296875,0.0,70.73600006103516,True,True,59.45000076293945,-0.10999999940395355,,,,45.96799850463867,210.0019989013672,46.45399856567383,152.0,38.0,
2021-08-26 00:30:00,,,,,55.79999923706055,0.0,75.4520034790039,True,True,99.20999908447266,0.0,76.13600158691406,True,True,75.38999938964844,0.0,75.50599670410156,True,True,53.45000076293945,0.0,86.34200286865234,True,True,52.060001373291016,0.0,73.81400299072266,True,True,52.2599983215332,0.0,74.15599822998047,True,True,61.130001068115234,0.0,70.26799774169922,True,True,100.0,0.0,75.68599700927734,True,True,44.459999084472656,0.0,74.78600311279297,True,True,48.689998626708984,0.0,76.24400329589844,True,True,51.970001220703125,0.0,70.53800201416016,True,True,59.4900016784668,-0.19999998807907104,,,,45.91400146484375,210.0019989013672,46.327999114990234,144.0,36.0,
2021-08-26 00:45:00,,,,,59.88999938964844,0.0,73.97599792480469,True,True,100.0,0.0,76.13600158691406,True,True,77.20999908447266,0.0,75.61399841308594,True,True,55.66999816894531,0.0,86.61199951171875,True,True,46.810001373291016,0.0,73.81400299072266,True,True,51.279998779296875,0.0,74.24600219726562,True,True,60.099998474121094,0.0,70.26799774169922,True,True,100.0,0.0,75.68599700927734,True,True,43.630001068115234,0.0,74.73200225830078,True,True,44.77000045776367,0.0,76.20800018310547,True,True,52.470001220703125,0.0,70.55599975585938,True,True,59.45000076293945,-0.17000000178813934,,,,47.875999450683594,210.0019989013672,49.29800033569336,152.0,38.0,
2021-08-26 01:00:00,,,,,55.689998626708984,0.0,73.54399871826172,True,True,94.97000122070312,0.0,76.08200073242188,True,True,77.66999816894531,0.0,75.48799896240234,True,True,52.34000015258789,0.0,86.66600036621094,True,True,47.099998474121094,0.0,73.7959976196289,True,True,50.790000915527344,0.0,73.90399932861328,True,True,59.22999954223633,0.0,70.1780014038086,True,True,100.0,0.0,75.55999755859375,True,True,41.209999084472656,0.0,74.6780014038086,True,True,50.68000030517578,0.0,76.19000244140625,True,True,47.689998626708984,0.0,70.62799835205078,True,True,59.4900016784668,-0.1899999976158142,,,,45.428001403808594,210.0019989013672,45.84199905395508,152.0,38.0,
2021-08-26 01:15:00,,,,,55.56999969482422,0.0,74.33599853515625,True,True,100.0,0.0,76.0999984741211,True,True,76.7300033569336,0.0,75.50599670410156,True,True,51.66999816894531,0.0,86.80999755859375,True,True,52.72999954223633,0.0,73.81400299072266,True,True,51.060001373291016,0.0,73.8499984741211,True,True,57.650001525878906,0.0,70.447998046875,True,True,100.0,0.0,75.63200378417969,True,True,40.959999084472656,0.0,74.58799743652344,True,True,47.630001068115234,0.0,76.1719970703125,True,True,44.599998474121094,0.0,70.98799896240234,True,True,59.54999923706055,-0.17000000178813934,,,,46.70600128173828,210.0019989013672,47.08399963378906,144.0,36.0,
2021-08-26 01:30:00,,,,,54.43000030517578,0.0,75.0199966430664,True,True,100.0,0.0,76.11799621582031,True,True,78.52999877929688,0.0,75.52400207519531,True,True,56.31999969482422,0.0,86.52200317382812,True,True,45.86000061035156,0.0,73.7959976196289,True,True,52.720001220703125,0.0,73.48999786376953,True,True,57.400001525878906,0.0,70.48400115966797,True,True,100.0,0.0,75.63200378417969,True,True,44.880001068115234,0.0,74.64199829101562,True,True,54.029998779296875,0.0,76.11799621582031,True,True,47.349998474121094,0.0,70.91600036621094,True,True,59.459999084472656,-0.14000000059604645,,,,45.96799850463867,210.0019989013672,46.45399856567383,152.0,38.0,
2021-08-26 01:45:00,,,,,59.029998779296875,0.0,74.35399627685547,True,True,95.33000183105469,0.0,76.15399932861328,True,True,78.58000183105469,0.0,75.48799896240234,True,True,53.16999816894531,0.0,86.34200286865234,True,True,52.880001068115234,0.0,73.8499984741211,True,True,51.93000030517578,0.0,73.16600036621094,True,True,57.5099983215332,0.0,70.3759994506836,True,True,100.0,0.0,75.61399841308594,True,True,40.95000076293945,0.0,74.66000366210938,True,True,45.56999969482422,0.0,76.06400299072266,True,True,49.06999969482422,0.0,70.73600006103516,True,True,59.43000030517578,-0.14999999105930328,,,,46.20199966430664,210.0019989013672,46.66999816894531,144.0,36.0,
2021-08-26 02:00:00,,,,,55.2400016784668,0.0,73.90399932861328,True,True,100.0,0.0,75.9739990234375,True,True,82.62000274658203,0.0,75.55999755859375,True,True,52.41999816894531,0.0,86.05400085449219,True,True,49.72999954223633,0.0,73.76000213623047,True,True,50.560001373291016,0.0,73.14800262451172,True,True,60.79999923706055,0.0,70.052001953125,True,True,100.0,0.0,75.6500015258789,True,True,41.75,0.0,74.64199829101562,True,True,49.56999969482422,0.0,76.11799621582031,True,True,49.63999938964844,0.0,70.39399719238281,True,True,59.5,-0.09999999403953552,,,,46.16600036621094,210.0019989013672,46.61600112915039,152.0,38.0,
2021-08-26 02:15:00,,,,,54.130001068115234,0.0,74.33599853515625,True,True,95.62000274658203,0.0,76.1719970703125,True,True,80.20999908447266,0.0,75.5780029296875,True,True,52.209999084472656,0.0,86.0,True,True,46.5,0.0,73.68800354003906,True,True,50.970001220703125,0.0,73.04000091552734,True,True,59.83000183105469,0.0,69.87200164794922,True,True,100.0,0.0,75.66799926757812,True,True,41.400001525878906,0.0,74.6240005493164,True,True,49.970001220703125,0.0,76.08200073242188,True,True,51.08000183105469,0.0,70.41200256347656,True,True,59.470001220703125,-0.17000000178813934,,,,46.237998962402344,210.0019989013672,46.61600112915039,152.0,38.0,
2021-08-26 02:30:00,,,,,59.61000061035156,0.0,73.5979995727539,True,True,100.0,0.0,76.2979965209961,True,True,79.70999908447266,0.0,75.52400207519531,True,True,52.40999984741211,0.0,85.96399688720703,True,True,50.54999923706055,0.0,73.68800354003906,True,True,50.97999954223633,0.0,72.8239974975586,True,True,60.0,0.0,69.85399627685547,True,True,100.0,0.0,75.66799926757812,True,True,41.5099983215332,0.0,74.64199829101562,True,True,48.970001220703125,0.0,76.08200073242188,True,True,49.650001525878906,0.0,70.21399688720703,True,True,59.439998626708984,-0.14999999105930328,,,,46.327999114990234,210.0019989013672,46.70600128173828,144.0,36.0,
2021-08-26 02:45:00,,,,,55.220001220703125,0.0,73.4000015258789,True,True,100.0,0.0,76.22599792480469,True,True,79.54000091552734,0.0,75.5780029296875,True,True,52.0099983215332,0.0,85.802001953125,True,True,49.189998626708984,0.0,73.56199645996094,True,True,50.58000183105469,0.0,72.5719985961914,True,True,60.380001068115234,0.0,69.36799621582031,True,True,100.0,0.0,75.41600036621094,True,True,41.2400016784668,0.0,74.66000366210938,True,True,46.650001525878906,0.0,76.13600158691406,True,True,46.709999084472656,0.0,69.87200164794922,True,True,59.4900016784668,-0.14000000059604645,,,,46.20199966430664,210.0019989013672,46.5620002746582,152.0,38.0,
2021-08-26 03:00:00,,,,,54.81999969482422,0.0,73.36399841308594,True,True,100.0,0.0,76.20800018310547,True,True,79.81999969482422,0.0,75.52400207519531,True,True,51.970001220703125,0.0,85.6760025024414,True,True,50.099998474121094,0.0,73.63400268554688,True,True,50.58000183105469,0.0,72.78800201416016,True,True,60.11000061035156,0.0,68.98999786376953,True,True,100.0,0.0,75.68599700927734,True,True,41.38999938964844,0.0,74.66000366210938,True,True,46.4900016784668,0.0,76.08200073242188,True,True,46.08000183105469,0.0,69.2239990234375,True,True,59.40999984741211,-0.14999999105930328,,,,46.130001068115234,210.0019989013672,46.5620002746582,144.0,36.0,
2021-08-26 03:15:00,,,,,57.869998931884766,0.0,73.5979995727539,True,True,98.25,0.0,76.13600158691406,True,True,80.9000015258789,0.0,75.48799896240234,True,True,50.869998931884766,0.0,85.96399688720703,True,True,51.31999969482422,0.0,73.5260009765625,True,True,50.68000030517578,0.0,72.3740005493164,True,True,60.7400016784668,0.0,68.68399810791016,True,True,100.0,0.0,75.52400207519531,True,True,41.150001525878906,0.0,74.6240005493164,True,True,43.130001068115234,0.0,76.06400299072266,True,True,46.72999954223633,0.0,69.36799621582031,True,True,59.45000076293945,-0.14000000059604645,,,,46.05799865722656,210.0019989013672,46.45399856567383,152.0,38.0,
2021-08-26 03:30:00,,,,,54.040000915527344,0.0,72.84200286865234,True,True,94.4000015258789,0.0,76.11799621582031,True,True,80.98999786376953,0.0,75.50599670410156,True,True,50.7599983215332,0.0,85.35199737548828,True,True,51.06999969482422,0.0,73.54399871826172,True,True,48.20000076293945,0.0,72.28399658203125,True,True,61.77000045776367,0.0,68.64800262451172,True,True,100.0,0.0,75.39800262451172,True,True,40.43000030517578,0.0,74.60600280761719,True,True,48.880001068115234,0.0,76.06400299072266,True,True,49.7400016784668,0.0,69.0979995727539,True,True,59.459999084472656,-0.20999999344348907,,,,46.130001068115234,210.0019989013672,46.507999420166016,144.0,36.0,
2021-08-26 03:45:00,,,,,50.83000183105469,0.0,73.34600067138672,True,True,97.26000213623047,0.0,76.13600158691406,True,True,80.76000213623047,0.0,75.48799896240234,True,True,50.529998779296875,0.0,85.44200134277344,True,True,44.68000030517578,0.0,73.50800323486328,True,True,48.43000030517578,0.0,71.99600219726562,True,True,61.220001220703125,0.0,68.46800231933594,True,True,100.0,0.0,75.50599670410156,True,True,39.2400016784668,0.0,74.58799743652344,True,True,45.5099983215332,0.0,76.06400299072266,True,True,47.209999084472656,0.0,68.79199981689453,True,True,59.45000076293945,-0.1599999964237213,,,,46.14799880981445,210.0019989013672,46.5260009765625,152.0,38.0,
2021-08-26 04:00:00,,,,,58.0,0.0,73.68800354003906,True,True,98.12000274658203,0.0,76.13600158691406,True,True,80.47000122070312,0.0,75.50599670410156,True,True,51.0,0.0,85.42400360107422,True,True,45.66999816894531,0.0,73.50800323486328,True,True,48.279998779296875,0.0,71.70800018310547,True,True,61.029998779296875,0.0,68.44999694824219,True,True,100.0,0.0,75.43399810791016,True,True,44.59000015258789,0.0,74.6240005493164,True,True,51.86000061035156,0.0,76.02799987792969,True,True,49.88999938964844,0.0,68.9000015258789,True,True,59.470001220703125,-0.14999999105930328,,,,46.16600036621094,210.0019989013672,46.5620002746582,144.0,36.0,
2021-08-26 04:15:00,,,,,54.18000030517578,0.0,73.18399810791016,True,True,100.0,0.0,76.08200073242188,True,True,81.4800033569336,0.0,75.48799896240234,True,True,50.7400016784668,0.0,85.20800018310547,True,True,45.150001525878906,0.0,73.4540023803711,True,True,51.939998626708984,0.0,71.63600158691406,True,True,61.63999938964844,0.0,68.46800231933594,True,True,100.0,0.0,75.4520034790039,True,True,45.18000030517578,0.0,74.6240005493164,True,True,50.83000183105469,0.0,76.02799987792969,True,True,51.20000076293945,0.0,68.98999786376953,True,True,59.5,-0.14000000059604645,,,,46.20199966430664,210.0019989013672,46.597999572753906,152.0,38.0,
2021-08-26 04:30:00,,,,,58.7400016784668,0.0,73.63400268554688,True,True,98.5199966430664,0.0,76.15399932861328,True,True,82.52999877929688,0.0,75.4520034790039,True,True,50.72999954223633,0.0,85.24400329589844,True,True,49.040000915527344,0.0,73.4540023803711,True,True,48.33000183105469,0.0,71.4739990234375,True,True,61.959999084472656,0.0,68.41400146484375,True,True,100.0,0.0,75.30799865722656,True,True,42.939998626708984,0.0,74.6240005493164,True,True,53.77000045776367,0.0,75.99199676513672,True,True,49.130001068115234,0.0,68.77400207519531,True,True,59.5,-0.11999999731779099,,,,46.327999114990234,210.0019989013672,46.7239990234375,144.0,36.0,
2021-08-26 04:45:00,,,,,58.459999084472656,0.0,73.47200012207031,True,True,100.0,0.0,76.08200073242188,True,True,81.68000030517578,0.0,75.48799896240234,True,True,50.709999084472656,0.0,84.93800354003906,True,True,50.25,0.0,73.4540023803711,True,True,48.58000183105469,0.0,71.52799987792969,True,True,62.0099983215332,0.0,68.14399719238281,True,True,99.41999816894531,0.0,75.47000122070312,True,True,43.470001220703125,0.0,74.552001953125,True,True,52.52000045776367,0.0,75.9020004272461,True,True,46.22999954223633,0.0,68.73799896240234,True,True,59.4900016784668,-0.1899999976158142,,,,46.20199966430664,210.0019989013672,46.61600112915039,144.0,36.0,
2021-08-26 05:00:00,,,,,54.119998931884766,0.0,72.89600372314453,True,True,96.48999786376953,0.0,76.06400299072266,True,True,81.37999725341797,0.0,75.50599670410156,True,True,50.04999923706055,0.0,84.73999786376953,True,True,44.220001220703125,0.0,73.43599700927734,True,True,46.79999923706055,0.0,71.52799987792969,True,True,61.79999923706055,0.0,68.05400085449219,True,True,100.0,0.0,75.43399810791016,True,True,43.619998931884766,0.0,74.552001953125,True,True,50.130001068115234,0.0,75.88400268554688,True,True,50.7599983215332,0.0,68.64800262451172,True,True,59.470001220703125,-0.11999999731779099,,,,46.20199966430664,210.0019989013672,46.58000183105469,152.0,38.0,
2021-08-26 05:15:00,,,,,55.119998931884766,0.0,73.02200317382812,True,True,100.0,0.0,76.13600158691406,True,True,82.13999938964844,0.0,75.4520034790039,True,True,49.4900016784668,0.0,84.88400268554688,True,True,47.61000061035156,0.0,73.4540023803711,True,True,48.86000061035156,0.0,71.4020004272461,True,True,63.38999938964844,0.0,67.85600280761719,True,True,100.0,0.0,75.43399810791016,True,True,41.77000045776367,0.0,74.51599884033203,True,True,46.0099983215332,0.0,75.86599731445312,True,True,47.619998931884766,0.0,68.68399810791016,True,True,59.560001373291016,-0.10999999940395355,,,,46.07600021362305,210.0019989013672,46.507999420166016,144.0,36.0,
2021-08-26 05:30:00,,,,,57.43000030517578,0.0,72.84200286865234,True,True,94.37999725341797,0.0,76.11799621582031,True,True,82.62000274658203,0.0,75.4520034790039,True,True,49.400001525878906,0.0,84.8479995727539,True,True,45.40999984741211,0.0,73.4000015258789,True,True,48.790000915527344,0.0,71.2760009765625,True,True,60.220001220703125,0.0,67.74800109863281,True,True,100.0,0.0,75.36199951171875,True,True,40.959999084472656,0.0,74.4800033569336,True,True,51.91999816894531,0.0,75.86599731445312,True,True,50.63999938964844,0.0,68.46800231933594,True,True,59.459999084472656,-0.17000000178813934,,,,45.96799850463867,210.0019989013672,46.400001525878906,144.0,36.0,
2021-08-26 05:45:00,,,,,58.31999969482422,0.0,72.53600311279297,True,True,99.81999969482422,0.0,76.1719970703125,True,True,82.61000061035156,0.0,75.41600036621094,True,True,48.93000030517578,0.0,84.5780029296875,True,True,47.869998931884766,0.0,73.50800323486328,True,True,49.779998779296875,0.0,71.2760009765625,True,True,59.459999084472656,0.0,67.51399993896484,True,True,100.0,0.0,75.27200317382812,True,True,40.4900016784668,0.0,74.40799713134766,True,True,48.22999954223633,0.0,75.79399871826172,True,True,47.540000915527344,0.0,68.34200286865234,True,True,59.5,-0.1599999964237213,,,,45.78799819946289,210.0019989013672,46.27399826049805,144.0,36.0,
2021-08-26 06:00:00,,,,,54.439998626708984,0.0,72.697998046875,True,True,100.0,0.0,76.20800018310547,True,True,81.75,0.0,75.41600036621094,True,True,49.119998931884766,0.0,84.7760009765625,True,True,48.90999984741211,0.0,73.4000015258789,True,True,49.16999816894531,0.0,70.98799896240234,True,True,59.810001373291016,0.0,67.51399993896484,True,True,100.0,0.0,75.12799835205078,True,True,40.2599983215332,0.0,74.40799713134766,True,True,53.79999923706055,0.0,75.7760009765625,True,True,48.79999923706055,0.0,68.2699966430664,True,True,59.43000030517578,-0.11999999731779099,,,,45.87799835205078,210.0019989013672,46.327999114990234,144.0,36.0,
2021-08-26 06:15:00,,,,,52.459999084472656,0.0,72.75199890136719,True,True,96.0199966430664,0.0,76.15399932861328,True,True,83.19000244140625,0.0,75.37999725341797,True,True,48.45000076293945,0.0,84.9020004272461,True,True,46.779998779296875,0.0,73.4000015258789,True,True,48.0099983215332,0.0,70.86199951171875,True,True,59.939998626708984,0.0,67.51399993896484,True,True,100.0,0.0,75.05599975585938,True,True,41.97999954223633,0.0,74.40799713134766,True,True,48.72999954223633,0.0,75.75800323486328,True,True,47.63999938964844,0.0,68.2699966430664,True,True,59.5,-0.1899999976158142,,,,47.7859992980957,210.0019989013672,48.21799850463867,144.0,36.0,
2021-08-26 06:30:00,,,,,57.25,0.0,72.93199920654297,True,True,100.0,0.0,76.15399932861328,True,True,86.66999816894531,0.0,75.4520034790039,True,True,61.56999969482422,0.0,81.64399719238281,True,True,46.959999084472656,0.0,73.58000183105469,True,True,49.939998626708984,0.0,71.02400207519531,True,True,59.689998626708984,0.0,67.65799713134766,True,True,100.0,0.0,75.19999694824219,True,True,42.4900016784668,0.0,74.44400024414062,True,True,43.47999954223633,0.0,75.79399871826172,True,True,46.02000045776367,0.0,68.34200286865234,True,True,59.4900016784668,-0.19999998807907104,,,,47.38999938964844,210.0019989013672,47.84000015258789,144.0,36.0,
2021-08-26 06:45:00,,,,,61.279998779296875,0.0,73.3280029296875,True,True,100.0,0.0,75.93800354003906,True,True,85.48999786376953,0.0,75.4520034790039,True,True,59.70000076293945,0.0,78.72799682617188,True,True,47.84000015258789,0.0,73.76000213623047,True,True,49.54999923706055,0.0,71.25800323486328,True,True,59.560001373291016,0.0,68.03600311279297,True,True,100.0,0.0,75.05599975585938,True,True,41.0,0.0,74.37200164794922,True,True,49.400001525878906,0.0,75.7040023803711,True,True,46.2400016784668,0.0,68.52200317382812,True,True,59.470001220703125,-0.1599999964237213,,,,47.29999923706055,210.0019989013672,47.75,144.0,36.0,
2021-08-26 07:00:00,,,,,63.45000076293945,0.0,73.58000183105469,True,True,100.0,0.0,75.39800262451172,True,True,84.18000030517578,0.0,75.41600036621094,True,True,57.88999938964844,0.0,75.34400177001953,True,True,46.779998779296875,0.0,73.6520004272461,True,True,48.38999938964844,0.0,71.83399963378906,True,True,62.939998626708984,0.0,68.34200286865234,True,True,100.0,0.0,75.05599975585938,True,True,47.27000045776367,0.0,74.37200164794922,True,True,47.869998931884766,0.0,75.68599700927734,True,True,51.93000030517578,0.0,68.7020034790039,True,True,59.470001220703125,-0.1899999976158142,,,,49.11800003051758,210.0019989013672,50.1619987487793,152.0,38.0,
2021-08-26 07:15:00,,,,,48.70000076293945,0.0,73.3280029296875,True,True,100.0,0.0,75.9739990234375,True,True,79.98999786376953,0.0,75.43399810791016,True,True,57.279998779296875,0.0,80.72599792480469,True,True,43.88999938964844,0.0,73.61599731445312,True,True,53.84000015258789,0.0,71.65399932861328,True,True,62.65999984741211,0.0,69.00800323486328,True,True,100.0,0.0,75.16400146484375,True,True,41.189998626708984,0.0,74.44400024414062,True,True,46.900001525878906,0.0,75.68599700927734,True,True,49.9900016784668,0.0,69.40399932861328,True,True,59.45000076293945,-0.14000000059604645,,,,44.52799987792969,210.0019989013672,45.013999938964844,144.0,36.0,
2021-08-26 07:30:00,,,,,49.11000061035156,0.0,74.10199737548828,True,True,95.37999725341797,0.0,75.7760009765625,True,True,76.7300033569336,0.0,75.37999725341797,True,True,54.970001220703125,0.0,82.2020034790039,True,True,46.88999938964844,0.0,73.76000213623047,True,True,51.75,0.0,72.60800170898438,True,True,62.15999984741211,0.0,69.63800048828125,True,True,100.0,0.0,75.25399780273438,True,True,41.75,0.0,74.46199798583984,True,True,46.86000061035156,0.0,75.79399871826172,True,True,46.70000076293945,0.0,69.94400024414062,True,True,59.439998626708984,-0.1599999964237213,,,,43.555999755859375,210.0019989013672,44.00600051879883,136.0,34.0,
2021-08-26 07:45:00,,,,,57.630001068115234,0.0,75.18199920654297,True,True,96.30999755859375,0.0,75.81199645996094,True,True,80.87999725341797,0.0,75.36199951171875,True,True,58.13999938964844,0.0,82.50800323486328,True,True,53.119998931884766,0.0,74.02999877929688,True,True,53.040000915527344,0.0,72.98600006103516,True,True,61.290000915527344,0.0,69.78199768066406,True,True,100.0,0.0,75.30799865722656,True,True,42.61000061035156,0.0,74.49800109863281,True,True,51.18000030517578,0.0,75.81199645996094,True,True,49.83000183105469,0.0,70.23200225830078,True,True,59.529998779296875,-0.14999999105930328,,,,45.55400085449219,210.0019989013672,46.20199966430664,152.0,38.0,
2021-08-26 08:00:00,,,,,54.38999938964844,0.0,75.12799835205078,True,True,100.0,0.0,75.95600128173828,True,True,76.01000213623047,0.0,75.36199951171875,True,True,60.130001068115234,0.0,82.6520004272461,True,True,48.86000061035156,0.0,74.02999877929688,True,True,59.9900016784668,0.0,74.08399963378906,True,True,57.7400016784668,0.0,70.43000030517578,True,True,100.0,0.0,75.39800262451172,True,True,39.75,0.0,74.552001953125,True,True,43.189998626708984,0.0,75.91999816894531,True,True,44.09000015258789,0.0,70.9520034790039,True,True,59.439998626708984,-0.14000000059604645,,,,42.72800064086914,210.0019989013672,43.10599899291992,152.0,38.0,
2021-08-26 08:15:00,,,,,46.93000030517578,0.0,75.99199676513672,True,True,100.0,0.0,75.83000183105469,True,True,71.87000274658203,0.0,75.34400177001953,True,True,60.27000045776367,0.0,82.9219970703125,True,True,50.52000045776367,0.0,74.06600189208984,True,True,64.06999969482422,0.0,74.75,True,True,56.029998779296875,0.0,70.9520034790039,True,True,95.61000061035156,0.0,75.36199951171875,True,True,38.81999969482422,0.0,74.64199829101562,True,True,45.63999938964844,0.0,75.99199676513672,True,True,48.459999084472656,0.0,71.52799987792969,True,True,59.459999084472656,-0.14000000059604645,,,,43.71799850463867,210.0019989013672,44.02399826049805,160.0,40.0,
2021-08-26 08:30:00,,,,,43.779998779296875,0.0,75.5780029296875,True,True,100.0,0.0,75.95600128173828,True,True,73.80999755859375,0.0,75.34400177001953,True,True,62.06999969482422,0.0,83.22799682617188,True,True,53.93000030517578,0.0,74.13800048828125,True,True,65.1500015258789,0.0,75.95600128173828,True,True,57.7400016784668,0.0,71.74400329589844,True,True,98.56999969482422,0.0,75.52400207519531,True,True,43.54999923706055,0.0,74.60600280761719,True,True,44.08000183105469,0.0,76.15399932861328,True,True,51.15999984741211,0.0,72.24800109863281,True,True,59.45000076293945,-0.17000000178813934,,,,44.4739990234375,210.0019989013672,45.03200149536133,160.0,40.0,
2021-08-26 08:45:00,,,,,49.45000076293945,0.0,76.62200164794922,True,True,97.04000091552734,0.0,75.73999786376953,True,True,74.81999969482422,0.0,75.32599639892578,True,True,63.189998626708984,0.0,83.71399688720703,True,True,61.2400016784668,0.0,74.49800109863281,True,True,63.56999969482422,0.0,77.0719985961914,True,True,56.459999084472656,0.0,72.71600341796875,True,True,97.63999938964844,0.0,77.62999725341797,True,True,41.43000030517578,0.0,74.73200225830078,True,True,46.34000015258789,0.0,76.15399932861328,True,True,42.65999984741211,0.0,73.11199951171875,True,True,59.5099983215332,-0.11999999731779099,,,,44.45600128173828,210.0019989013672,44.90599822998047,168.0,42.0,
2021-08-26 09:00:00,,,,,52.970001220703125,0.0,76.26200103759766,True,True,100.0,0.0,75.79399871826172,True,True,73.88999938964844,0.0,75.41600036621094,True,True,63.630001068115234,0.0,84.34400177001953,True,True,54.939998626708984,0.0,74.40799713134766,True,True,66.66999816894531,0.0,78.40399932861328,True,True,55.810001373291016,0.0,73.5979995727539,True,True,100.0,0.0,77.7020034790039,True,True,40.880001068115234,0.0,74.76799774169922,True,True,49.45000076293945,0.0,76.1719970703125,True,True,51.7400016784668,0.0,74.01200103759766,True,True,59.4900016784668,-0.14000000059604645,,,,44.00600051879883,210.0019989013672,44.492000579833984,168.0,42.0,
2021-08-26 09:15:00,,,,,55.130001068115234,0.0,76.802001953125,True,True,100.0,0.0,75.95600128173828,True,True,76.12000274658203,0.0,75.41600036621094,True,True,61.22999954223633,0.0,85.58599853515625,True,True,71.27999877929688,0.0,78.3499984741211,True,True,65.98999786376953,0.0,79.89800262451172,True,True,59.31999969482422,0.0,74.73200225830078,True,True,100.0,0.0,78.36799621582031,True,True,45.93000030517578,0.0,74.83999633789062,True,True,48.779998779296875,0.0,76.1719970703125,True,True,45.400001525878906,0.0,75.09200286865234,True,True,59.43000030517578,-0.20999999344348907,,,,48.50600051879883,210.0019989013672,49.459999084472656,176.0,44.0,
2021-08-26 09:30:00,,,,,52.0099983215332,0.0,77.66600036621094,True,True,100.0,0.0,75.8479995727539,True,True,82.05999755859375,0.0,75.47000122070312,True,True,70.06999969482422,0.0,86.8280029296875,True,True,77.26000213623047,0.0,79.55599975585938,True,True,72.72000122070312,0.0,81.68000030517578,True,True,59.2400016784668,0.0,75.54199981689453,True,True,100.0,0.0,79.61000061035156,True,True,42.529998779296875,0.0,74.83999633789062,True,True,45.65999984741211,0.0,76.1719970703125,True,True,48.619998931884766,0.0,75.93800354003906,True,True,59.400001525878906,-0.14000000059604645,,,,45.608001708984375,210.0019989013672,46.05799865722656,176.0,44.0,
2021-08-26 09:45:00,,,,,56.150001525878906,0.0,77.05400085449219,True,True,98.73999786376953,0.0,75.95600128173828,True,True,82.62999725341797,0.0,75.41600036621094,True,True,67.63999938964844,0.0,87.65599822998047,True,True,75.93000030517578,0.0,80.3479995727539,True,True,75.8499984741211,0.0,82.83200073242188,True,True,58.56999969482422,0.0,76.76599884033203,True,True,100.0,0.0,80.36599731445312,True,True,41.619998931884766,0.0,74.947998046875,True,True,50.380001068115234,0.0,76.1719970703125,True,True,54.279998779296875,0.0,77.43199920654297,True,True,59.5,-0.11999999731779099,,,,45.95000076293945,210.0019989013672,46.29199981689453,184.0,46.0,
2021-08-26 10:00:00,,,,,55.470001220703125,0.0,77.16200256347656,True,True,100.0,0.0,75.9739990234375,True,True,83.56999969482422,0.0,75.50599670410156,True,True,69.55999755859375,0.0,88.41200256347656,True,True,77.76000213623047,0.0,81.86000061035156,True,True,79.80000305175781,0.0,84.6500015258789,True,True,63.91999816894531,0.0,77.7020034790039,True,True,100.0,0.0,81.08599853515625,True,True,45.20000076293945,0.0,75.0199966430664,True,True,53.689998626708984,0.0,76.1719970703125,True,True,52.880001068115234,0.0,77.97200012207031,True,True,59.43000030517578,-0.14999999105930328,,,,45.895999908447266,210.0019989013672,46.310001373291016,176.0,44.0,
2021-08-26 10:15:00,,,,,55.5,0.0,77.48600006103516,True,True,100.0,0.0,76.13600158691406,True,True,84.31999969482422,0.0,75.39800262451172,True,True,65.05999755859375,0.0,89.4020004272461,True,True,88.16000366210938,0.0,82.5260009765625,True,True,75.7300033569336,0.0,85.56800079345703,True,True,64.72000122070312,0.0,79.33999633789062,True,True,100.0,0.0,82.16600036621094,True,True,42.720001220703125,0.0,74.98400115966797,True,True,54.91999816894531,0.0,76.31600189208984,True,True,53.95000076293945,0.0,79.61000061035156,True,True,59.459999084472656,-24.969999313354492,,,,46.220001220703125,210.0019989013672,46.66999816894531,184.0,46.0,
2021-08-26 10:30:00,,,,,51.650001525878906,0.0,77.0,True,True,100.0,0.0,76.15399932861328,True,True,85.05000305175781,0.0,75.4520034790039,True,True,65.62999725341797,0.0,89.51000213623047,True,True,79.80000305175781,0.0,78.4219970703125,True,True,80.05000305175781,0.0,86.7020034790039,True,True,64.54000091552734,0.0,80.43800354003906,True,True,100.0,0.0,83.58799743652344,True,True,42.20000076293945,0.0,75.00199890136719,True,True,52.09000015258789,0.0,76.22599792480469,True,True,51.13999938964844,0.0,81.05000305175781,True,True,59.4900016784668,-24.969999313354492,,,,46.237998962402344,210.0019989013672,46.54399871826172,184.0,46.0,
2021-08-26 10:45:00,,,,,53.06999969482422,0.0,76.60399627685547,True,True,100.0,0.0,76.1719970703125,True,True,87.72000122070312,0.0,75.5780029296875,True,True,65.63999938964844,0.0,90.15799713134766,True,True,82.18000030517578,0.0,83.35399627685547,True,True,90.55999755859375,0.0,88.25,True,True,65.1500015258789,0.0,81.44599914550781,True,True,100.0,0.0,79.26799774169922,True,True,42.529998779296875,0.0,75.0199966430664,True,True,54.790000915527344,0.0,76.20800018310547,True,True,49.650001525878906,0.0,82.22000122070312,True,True,59.459999084472656,-25.0,,,,46.832000732421875,210.0019989013672,47.263999938964844,184.0,46.0,
2021-08-26 11:00:00,,,,,58.459999084472656,0.0,78.0260009765625,True,True,100.0,0.0,76.13600158691406,True,True,87.0999984741211,0.0,75.55999755859375,True,True,65.37999725341797,0.0,90.10399627685547,True,True,72.73999786376953,0.0,83.78600311279297,True,True,94.19000244140625,0.0,88.77200317382812,True,True,67.16000366210938,0.0,82.29199981689453,True,True,100.0,0.0,76.53199768066406,True,True,42.119998931884766,0.0,74.98400115966797,True,True,51.16999816894531,0.0,76.20800018310547,True,True,57.41999816894531,0.0,83.28199768066406,True,True,59.45000076293945,-24.969999313354492,,,,47.029998779296875,210.0019989013672,47.444000244140625,184.0,46.0,
2021-08-26 11:15:00,,,,,53.029998779296875,0.0,78.13400268554688,True,True,100.0,0.0,76.31600189208984,True,True,93.4000015258789,0.0,75.5780029296875,True,True,66.52999877929688,0.0,90.78800201416016,True,True,74.91000366210938,0.0,83.26399993896484,True,True,92.9000015258789,0.0,89.58200073242188,True,True,61.04999923706055,0.0,81.80599975585938,True,True,100.0,0.0,77.73799896240234,True,True,38.5,0.0,74.98400115966797,True,True,54.0099983215332,0.0,76.22599792480469,True,True,56.84000015258789,0.0,84.34400177001953,True,True,59.459999084472656,-25.0,,,,47.5880012512207,210.0019989013672,47.93000030517578,176.0,44.0,
2021-08-26 11:30:00,,,,,57.810001373291016,0.0,76.65799713134766,True,True,100.0,0.0,76.19000244140625,True,True,88.41000366210938,0.0,75.5780029296875,True,True,62.459999084472656,0.0,91.5979995727539,True,True,77.37000274658203,0.0,85.20800018310547,True,True,93.0199966430664,0.0,90.31999969482422,True,True,66.27999877929688,0.0,82.5260009765625,True,True,100.0,0.0,83.53399658203125,True,True,45.220001220703125,0.0,75.00199890136719,True,True,53.58000183105469,0.0,76.31600189208984,True,True,49.33000183105469,0.0,85.06400299072266,True,True,59.439998626708984,-24.969999313354492,,,,47.731998443603516,210.0019989013672,48.16400146484375,184.0,46.0,
2021-08-26 11:45:00,,,,,59.150001525878906,0.0,76.802001953125,True,True,95.9000015258789,0.0,76.26200103759766,True,True,97.04000091552734,0.0,75.6500015258789,True,True,63.68000030517578,0.0,91.83200073242188,True,True,83.87000274658203,0.0,80.5999984741211,True,True,85.97000122070312,0.0,91.34600067138672,True,True,64.88999938964844,0.0,84.14600372314453,True,True,100.0,0.0,87.1520004272461,True,True,46.7400016784668,0.0,74.98400115966797,True,True,48.22999954223633,0.0,76.2979965209961,True,True,49.63999938964844,0.0,86.1259994506836,True,True,59.45000076293945,-24.969999313354492,,,,48.36199951171875,210.0019989013672,48.757999420166016,184.0,46.0,
2021-08-26 12:00:00,,,,,63.0099983215332,0.0,76.47799682617188,True,True,100.0,0.0,76.2979965209961,True,True,100.0,0.0,75.6500015258789,True,True,68.08000183105469,0.0,92.33599853515625,True,True,84.08999633789062,0.0,80.29399871826172,True,True,90.73999786376953,0.0,91.9219970703125,True,True,63.0099983215332,0.0,84.66799926757812,True,True,100.0,0.0,86.88200378417969,True,True,44.959999084472656,0.0,75.03800201416016,True,True,51.0099983215332,0.0,76.31600189208984,True,True,54.970001220703125,0.0,86.64800262451172,True,True,59.45000076293945,-25.0,,,,45.91400146484375,210.0019989013672,46.7599983215332,184.0,46.0,
2021-08-26 12:15:00,,,,,53.20000076293945,0.0,77.73799896240234,True,True,90.7300033569336,0.0,76.31600189208984,True,True,92.27999877929688,0.0,75.68599700927734,True,True,56.45000076293945,0.0,92.31800079345703,True,True,84.0199966430664,0.0,85.1719970703125,True,True,80.5199966430664,0.0,92.24600219726562,True,True,61.18000030517578,0.0,85.20800018310547,True,True,99.12999725341797,0.0,83.69599914550781,True,True,42.63999938964844,0.0,75.03800201416016,True,True,52.29999923706055,0.0,76.35199737548828,True,True,55.529998779296875,0.0,87.90799713134766,True,True,59.5099983215332,-25.0,,,,43.77199935913086,210.0019989013672,44.20399856567383,176.0,44.0,
2021-08-26 12:30:00,,,,,52.43000030517578,0.0,77.30599975585938,True,True,95.08999633789062,0.0,76.11799621582031,True,True,90.33999633789062,0.0,75.68599700927734,True,True,55.779998779296875,0.0,92.19200134277344,True,True,80.61000061035156,0.0,80.31199645996094,True,True,84.9800033569336,0.0,91.90399932861328,True,True,64.01000213623047,0.0,85.81999969482422,True,True,100.0,0.0,80.09600067138672,True,True,43.16999816894531,0.0,75.0739974975586,True,True,56.189998626708984,0.0,76.37000274658203,True,True,52.130001068115234,0.0,88.48400115966797,True,True,59.459999084472656,-24.969999313354492,,,,44.3120002746582,210.0019989013672,44.79800033569336,184.0,46.0,
2021-08-26 12:45:00,,,,,42.099998474121094,0.0,76.11799621582031,True,True,99.66999816894531,0.0,76.31600189208984,True,True,90.0,0.0,75.63200378417969,True,True,54.779998779296875,0.0,92.552001953125,True,True,88.05999755859375,0.0,85.55000305175781,True,True,71.69999694824219,0.0,91.4540023803711,True,True,55.93000030517578,0.0,86.197998046875,True,True,100.0,0.0,88.62799835205078,True,True,40.560001373291016,0.0,75.09200286865234,True,True,49.2400016784668,0.0,76.40599822998047,True,True,53.54999923706055,0.0,88.98799896240234,True,True,59.45000076293945,-25.0,,,,45.481998443603516,210.0019989013672,45.805999755859375,184.0,46.0,
2021-08-26 13:00:00,,,,,55.209999084472656,0.0,76.08200073242188,True,True,100.0,0.0,76.22599792480469,True,True,88.87000274658203,0.0,75.63200378417969,True,True,54.84000015258789,0.0,93.34400177001953,True,True,78.83000183105469,0.0,79.03399658203125,True,True,75.70999908447266,0.0,92.01200103759766,True,True,54.68000030517578,0.0,86.03600311279297,True,True,100.0,0.0,77.14399719238281,True,True,37.779998779296875,0.0,75.16400146484375,True,True,53.06999969482422,0.0,76.44200134277344,True,True,54.43000030517578,0.0,88.77200317382812,True,True,59.540000915527344,-25.0,,,,46.7239990234375,210.0019989013672,47.066001892089844,176.0,44.0,
2021-08-26 13:15:00,,,,,53.810001373291016,0.0,76.11799621582031,True,True,100.0,0.0,76.19000244140625,True,True,90.66000366210938,0.0,75.63200378417969,True,True,57.779998779296875,0.0,94.24400329589844,True,True,80.76000213623047,0.0,76.58599853515625,True,True,77.20999908447266,0.0,92.0479965209961,True,True,52.93000030517578,0.0,85.802001953125,True,True,100.0,0.0,78.04399871826172,True,True,46.380001068115234,0.0,75.11000061035156,True,True,47.959999084472656,0.0,76.42400360107422,True,True,53.22999954223633,0.0,88.33999633789062,True,True,59.45000076293945,-25.0,,,,48.433998107910156,210.0019989013672,48.7760009765625,184.0,46.0,
2021-08-26 13:30:00,,,,,63.630001068115234,0.0,78.4219970703125,True,True,100.0,0.0,76.20800018310547,True,True,96.2699966430664,0.0,75.63200378417969,True,True,60.18000030517578,0.0,94.53199768066406,True,True,86.01000213623047,0.0,76.06400299072266,True,True,83.16000366210938,0.0,91.63400268554688,True,True,56.15999984741211,0.0,86.10800170898438,True,True,100.0,0.0,76.802001953125,True,True,45.779998779296875,0.0,75.29000091552734,True,True,47.59000015258789,0.0,76.53199768066406,True,True,60.22999954223633,0.0,88.447998046875,True,True,59.5099983215332,-24.969999313354492,,,,49.35200119018555,210.0019989013672,49.71200180053711,184.0,46.0,
2021-08-26 13:45:00,,,,,72.1500015258789,0.0,88.39399719238281,True,True,95.7300033569336,0.0,76.31600189208984,True,True,100.0,0.0,75.72200012207031,True,True,63.20000076293945,0.0,94.24400329589844,True,True,100.0,0.0,85.63999938964844,True,True,99.2300033569336,0.0,92.0479965209961,True,True,60.619998931884766,0.0,86.25199890136719,True,True,100.0,0.0,76.74800109863281,True,True,45.9900016784668,0.0,75.36199951171875,True,True,55.939998626708984,0.0,76.71199798583984,True,True,51.720001220703125,0.0,88.80799865722656,True,True,59.4900016784668,-24.969999313354492,,,,50.32400131225586,210.0019989013672,50.737998962402344,176.0,44.0,
2021-08-26 14:00:00,,,,,71.69999694824219,0.0,86.52200317382812,True,True,100.0,0.0,76.35199737548828,True,True,100.0,0.0,75.75800323486328,True,True,65.25,0.0,93.7040023803711,True,True,100.0,0.0,87.60199737548828,True,True,100.0,0.0,91.70600128173828,True,True,60.869998931884766,0.0,86.55799865722656,True,True,100.0,0.0,76.78399658203125,True,True,49.220001220703125,0.0,75.37999725341797,True,True,54.790000915527344,0.0,76.71199798583984,True,True,59.77000045776367,0.0,88.3759994506836,True,True,59.5099983215332,-24.969999313354492,,,,50.071998596191406,210.0019989013672,50.50400161743164,176.0,44.0,
2021-08-26 14:15:00,,,,,66.66000366210938,0.0,82.50800323486328,True,True,98.0999984741211,0.0,76.2979965209961,True,True,100.0,0.0,75.79399871826172,True,True,66.19999694824219,0.0,94.60399627685547,True,True,100.0,0.0,83.6240005493164,True,True,100.0,0.0,92.58799743652344,True,True,62.130001068115234,0.0,85.9280014038086,True,True,100.0,0.0,76.53199768066406,True,True,45.72999954223633,0.0,75.52400207519531,True,True,60.7400016784668,0.0,76.89199829101562,True,True,61.04999923706055,0.0,88.16000366210938,True,True,59.5,-25.0,,,,49.8380012512207,210.0019989013672,50.36000061035156,184.0,46.0,
2021-08-26 14:30:00,,,,,72.2300033569336,0.0,82.86799621582031,True,True,98.23999786376953,0.0,76.35199737548828,True,True,100.0,0.0,75.73999786376953,True,True,66.19000244140625,0.0,94.62200164794922,True,True,100.0,0.0,80.09600067138672,True,True,100.0,0.0,92.35399627685547,True,True,66.08000183105469,0.0,86.0719985961914,True,True,100.0,0.0,76.802001953125,True,True,54.810001373291016,0.0,75.48799896240234,True,True,82.08999633789062,0.0,77.0719985961914,True,True,61.349998474121094,0.0,88.10600280761719,True,True,59.4900016784668,-25.0,,,,49.784000396728516,210.0019989013672,50.18000030517578,184.0,46.0,
2021-08-26 14:45:00,,,,,91.9800033569336,0.0,86.0,True,True,100.0,0.0,76.35199737548828,True,True,100.0,0.0,75.8479995727539,True,True,79.02999877929688,0.0,96.40399932861328,True,True,100.0,0.0,87.2239990234375,True,True,100.0,0.0,91.81400299072266,True,True,64.56999969482422,0.0,86.39600372314453,True,True,100.0,0.0,76.83799743652344,True,True,51.0,0.0,75.63200378417969,True,True,60.09000015258789,0.0,77.1259994506836,True,True,67.5,0.0,88.08799743652344,True,True,59.4900016784668,-25.0,,,,50.720001220703125,210.0019989013672,51.422000885009766,184.0,46.0,
2021-08-26 15:00:00,,,,,81.2699966430664,0.0,87.40399932861328,True,True,94.02999877929688,0.0,76.49600219726562,True,True,100.0,0.0,75.88400268554688,True,True,71.16999816894531,0.0,95.7020034790039,True,True,86.18000030517578,0.0,86.41400146484375,True,True,79.62999725341797,0.0,91.36399841308594,True,True,62.29999923706055,0.0,86.59400177001953,True,True,100.0,0.0,76.78399658203125,True,True,47.31999969482422,0.0,75.66799926757812,True,True,64.43000030517578,0.0,77.23400115966797,True,True,67.66999816894531,0.0,88.33999633789062,True,True,59.4900016784668,-25.0,,,,50.018001556396484,210.0019989013672,50.395999908447266,184.0,46.0,
2021-08-26 15:15:00,,,,,80.41999816894531,0.0,84.03800201416016,True,True,99.27999877929688,0.0,76.47799682617188,True,True,100.0,0.0,75.86599731445312,True,True,70.3499984741211,0.0,95.79199981689453,True,True,87.37000274658203,0.0,81.12200164794922,True,True,71.86000061035156,0.0,90.94999694824219,True,True,65.56999969482422,0.0,87.13400268554688,True,True,100.0,0.0,76.83799743652344,True,True,53.41999816894531,0.0,75.81199645996094,True,True,67.45999908447266,0.0,77.25199890136719,True,True,71.44000244140625,0.0,88.26799774169922,True,True,59.470001220703125,-25.0,,,,49.47800064086914,210.0019989013672,49.891998291015625,184.0,46.0,
2021-08-26 15:30:00,,,,,80.62000274658203,0.0,83.60600280761719,True,True,100.0,0.0,76.44200134277344,True,True,100.0,0.0,75.95600128173828,True,True,68.12999725341797,0.0,95.79199981689453,True,True,90.83999633789062,0.0,87.90799713134766,True,True,62.5,0.0,90.33799743652344,True,True,63.939998626708984,0.0,87.2239990234375,True,True,100.0,0.0,76.8740005493164,True,True,49.70000076293945,0.0,75.8479995727539,True,True,67.68000030517578,0.0,77.43199920654297,True,True,80.36000061035156,0.0,88.06999969482422,True,True,59.470001220703125,-25.0,,,,48.45199966430664,210.0019989013672,48.88399887084961,176.0,44.0,
2021-08-26 15:45:00,,,,,88.37999725341797,0.0,87.47599792480469,True,True,100.0,0.0,76.53199768066406,True,True,100.0,0.0,76.0459976196289,True,True,78.72000122070312,0.0,95.86399841308594,True,True,100.0,0.0,83.22799682617188,True,True,76.81999969482422,0.0,90.28399658203125,True,True,64.45999908447266,0.0,86.37799835205078,True,True,100.0,0.0,76.81999969482422,True,True,58.119998931884766,0.0,75.88400268554688,True,True,68.13999938964844,0.0,77.43199920654297,True,True,76.33000183105469,0.0,87.85399627685547,True,True,59.459999084472656,-24.989999771118164,,,,49.279998779296875,210.0019989013672,49.8380012512207,184.0,46.0,
2021-08-26 16:00:00,,,,,97.5999984741211,0.0,86.86399841308594,True,True,100.0,0.0,76.49600219726562,True,True,99.76000213623047,0.0,75.95600128173828,True,True,70.4000015258789,0.0,96.4219970703125,True,True,94.12999725341797,0.0,87.2239990234375,True,True,75.77999877929688,0.0,90.73400115966797,True,True,61.65999984741211,0.0,86.43199920654297,True,True,100.0,0.0,76.96399688720703,True,True,53.06999969482422,0.0,75.86599731445312,True,True,69.02999877929688,0.0,77.50399780273438,True,True,75.33999633789062,0.0,87.9800033569336,True,True,59.439998626708984,-24.969999313354492,,,,49.099998474121094,210.0019989013672,49.513999938964844,176.0,44.0,
2021-08-26 16:15:00,,,,,100.0,0.0,87.08000183105469,True,True,100.0,0.0,76.47799682617188,True,True,100.0,0.0,76.0459976196289,True,True,91.4800033569336,0.0,97.5739974975586,True,True,100.0,0.0,86.59400177001953,True,True,92.72000122070312,0.0,90.21199798583984,True,True,62.709999084472656,0.0,86.37799835205078,True,True,100.0,0.0,76.802001953125,True,True,55.65999984741211,0.0,75.9020004272461,True,True,59.45000076293945,0.0,77.50399780273438,True,True,72.29000091552734,0.0,87.85399627685547,True,True,59.470001220703125,-24.969999313354492,,,,51.69200134277344,210.0019989013672,52.62799835205078,176.0,44.0,
2021-08-26 16:30:00,,,,,84.44000244140625,0.0,83.02999877929688,True,True,100.0,0.0,76.65799713134766,True,True,97.94999694824219,0.0,76.06400299072266,True,True,75.91000366210938,0.0,97.33999633789062,True,True,84.9000015258789,0.0,78.60199737548828,True,True,81.55999755859375,0.0,89.88800048828125,True,True,63.279998779296875,0.0,86.16200256347656,True,True,100.0,0.0,76.9280014038086,True,True,49.470001220703125,0.0,75.86599731445312,True,True,67.7300033569336,0.0,77.61199951171875,True,True,80.9000015258789,0.0,87.85399627685547,True,True,59.5,-24.959999084472656,,,,48.79399871826172,210.0019989013672,49.29800033569336,184.0,46.0,
2021-08-26 16:45:00,,,,,85.2699966430664,0.0,80.49199676513672,True,True,100.0,0.0,76.71199798583984,True,True,82.7300033569336,0.0,76.02799987792969,True,True,67.87999725341797,0.0,97.01599884033203,True,True,81.41000366210938,0.0,80.13200378417969,True,True,76.56999969482422,0.0,89.61799621582031,True,True,65.91999816894531,0.0,86.39600372314453,True,True,97.77999877929688,0.0,76.81999969482422,True,True,55.630001068115234,0.0,75.86599731445312,True,True,70.12000274658203,0.0,77.61199951171875,True,True,81.73999786376953,0.0,87.85399627685547,True,True,59.459999084472656,-25.0,,,,48.09199905395508,210.0019989013672,48.41600036621094,176.0,44.0,
2021-08-26 17:00:00,,,,,86.47000122070312,0.0,81.5719985961914,True,True,100.0,0.0,76.71199798583984,True,True,77.9000015258789,0.0,75.95600128173828,True,True,59.0099983215332,0.0,97.25,True,True,76.62999725341797,0.0,78.45800018310547,True,True,85.38999938964844,0.0,89.29399871826172,True,True,66.51000213623047,0.0,86.25199890136719,True,True,100.0,0.0,76.94599914550781,True,True,55.939998626708984,0.0,75.99199676513672,True,True,80.01000213623047,0.0,77.8280029296875,True,True,86.22000122070312,0.0,87.90799713134766,True,True,59.470001220703125,-25.0,,,,47.066001892089844,210.0019989013672,47.551998138427734,176.0,44.0,
2021-08-26 17:15:00,,,,,100.0,0.0,79.01599884033203,True,True,100.0,0.0,76.71199798583984,True,True,97.69000244140625,0.0,75.91999816894531,True,True,64.9000015258789,0.0,96.81800079345703,True,True,93.51000213623047,0.0,80.5459976196289,True,True,82.88999938964844,0.0,88.97000122070312,True,True,61.13999938964844,0.0,85.7300033569336,True,True,96.98999786376953,0.0,76.89199829101562,True,True,53.7400016784668,0.0,75.81199645996094,True,True,68.87999725341797,0.0,77.68399810791016,True,True,80.7699966430664,0.0,87.45800018310547,True,True,59.54999923706055,-25.0,,,,56.354000091552734,210.0019989013672,57.61399841308594,176.0,44.0,
2021-08-26 17:30:00,,,,,96.19999694824219,0.0,81.6259994506836,True,True,100.0,0.0,76.60399627685547,True,True,92.55999755859375,0.0,75.93800354003906,True,True,70.19999694824219,0.0,96.52999877929688,True,True,80.41000366210938,0.0,76.20800018310547,True,True,90.66999816894531,0.0,88.64600372314453,True,True,58.61000061035156,0.0,85.74800109863281,True,True,99.19999694824219,0.0,76.78399658203125,True,True,53.56999969482422,0.0,75.8479995727539,True,True,65.29000091552734,0.0,77.64800262451172,True,True,78.31999969482422,0.0,87.13400268554688,True,True,59.470001220703125,-24.969999313354492,,,,49.65800094604492,210.0019989013672,50.18000030517578,168.0,42.0,
2021-08-26 17:45:00,,,,,100.0,0.0,81.13999938964844,True,True,100.0,0.0,76.6760025024414,True,True,100.0,0.0,75.93800354003906,True,True,87.80999755859375,0.0,95.93599700927734,True,True,93.62999725341797,0.0,77.10800170898438,True,True,100.0,0.0,88.10600280761719,True,True,57.189998626708984,0.0,85.0999984741211,True,True,95.6500015258789,0.0,76.78399658203125,True,True,47.099998474121094,0.0,75.75800323486328,True,True,63.7400016784668,0.0,77.50399780273438,True,True,68.5999984741211,0.0,86.37799835205078,True,True,59.459999084472656,-24.989999771118164,,,,53.167999267578125,210.0019989013672,54.06800079345703,168.0,42.0,
2021-08-26 18:00:00,,,,,96.16999816894531,0.0,81.78800201416016,True,True,100.0,0.0,76.6760025024414,True,True,98.69000244140625,0.0,75.99199676513672,True,True,69.29000091552734,0.0,95.57599639892578,True,True,82.58999633789062,0.0,76.08200073242188,True,True,85.45999908447266,0.0,87.60199737548828,True,True,70.29000091552734,0.0,84.91999816894531,True,True,100.0,0.0,76.56800079345703,True,True,58.61000061035156,0.0,75.9020004272461,True,True,84.52999877929688,0.0,77.61199951171875,True,True,97.22000122070312,0.0,86.34200286865234,True,True,59.45000076293945,-25.0,,,,59.23400115966797,210.0019989013672,58.35200119018555,168.0,42.0,
2021-08-26 18:15:00,,,,,100.0,0.0,80.85199737548828,True,True,100.0,0.0,76.6760025024414,True,True,100.0,0.0,76.06400299072266,True,True,100.0,0.0,95.86399841308594,True,True,100.0,0.0,83.71399688720703,True,True,100.0,0.0,86.8280029296875,True,True,63.290000915527344,0.0,84.55999755859375,True,True,100.0,0.0,76.60399627685547,True,True,51.400001525878906,0.0,75.7040023803711,True,True,69.87000274658203,0.0,77.61199951171875,True,True,83.94999694824219,0.0,85.71199798583984,True,True,59.5,-25.0,,,,61.53799819946289,210.0019989013672,62.02399826049805,168.0,42.0,
2021-08-26 18:30:00,,,,,100.0,0.0,80.58200073242188,True,True,100.0,0.0,76.7300033569336,True,True,100.0,0.0,76.24400329589844,True,True,100.0,0.0,95.0719985961914,True,True,100.0,0.0,81.19400024414062,True,True,100.0,0.0,85.94599914550781,True,True,65.0999984741211,0.0,84.25399780273438,True,True,100.0,0.0,76.71199798583984,True,True,52.150001525878906,0.0,75.59600067138672,True,True,81.66000366210938,0.0,77.61199951171875,True,True,84.33000183105469,0.0,85.35199737548828,True,True,59.470001220703125,-24.989999771118164,,,,60.54800033569336,210.0019989013672,60.96200180053711,168.0,42.0,
2021-08-26 18:45:00,,,,,100.0,0.0,80.49199676513672,True,True,100.0,0.0,77.03600311279297,True,True,100.0,0.0,76.45999908447266,True,True,100.0,0.0,89.69000244140625,True,True,100.0,0.0,81.8239974975586,True,True,96.80999755859375,0.0,84.9739990234375,True,True,93.19000244140625,0.0,83.6780014038086,True,True,100.0,0.0,76.65799713134766,True,True,67.9800033569336,0.0,75.7040023803711,True,True,87.38999938964844,0.0,77.61199951171875,True,True,100.0,0.0,84.47000122070312,True,True,59.470001220703125,-25.0,,,,54.6619987487793,210.0019989013672,55.14799880981445,168.0,42.0,
2021-08-26 19:00:00,,,,,94.08000183105469,0.0,79.9520034790039,True,True,100.0,0.0,77.197998046875,True,True,100.0,0.0,76.35199737548828,True,True,100.0,0.0,88.03399658203125,True,True,95.93000030517578,0.0,81.01399993896484,True,True,95.58000183105469,0.0,83.96600341796875,True,True,100.0,0.0,82.81400299072266,True,True,100.0,0.0,76.56800079345703,True,True,74.08000183105469,0.0,75.81199645996094,True,True,100.0,0.0,77.79199981689453,True,True,100.0,0.0,83.58799743652344,True,True,59.439998626708984,-25.0,,,,53.36600112915039,210.0019989013672,53.85200119018555,168.0,42.0,
2021-08-26 19:15:00,,,,,97.6500015258789,0.0,79.25,True,True,97.70999908447266,0.0,78.1520004272461,True,True,100.0,0.0,76.35199737548828,True,True,100.0,0.0,86.59400177001953,True,True,92.31999969482422,0.0,79.86199951171875,True,True,95.98999786376953,0.0,82.95800018310547,True,True,100.0,0.0,81.98600006103516,True,True,100.0,0.0,77.14399719238281,True,True,68.44000244140625,0.0,75.79399871826172,True,True,97.63999938964844,0.0,77.79199981689453,True,True,100.0,0.0,81.98600006103516,True,True,59.45000076293945,-24.969999313354492,,,,52.231998443603516,210.0019989013672,52.66400146484375,176.0,44.0,
2021-08-26 19:30:00,,,,,96.0,0.0,78.49400329589844,True,True,100.0,0.0,77.23400115966797,True,True,100.0,0.0,76.35199737548828,True,True,100.0,0.0,85.7300033569336,True,True,90.76000213623047,0.0,79.26799774169922,True,True,92.80999755859375,0.0,82.07599639892578,True,True,88.13999938964844,0.0,81.03199768066406,True,True,100.0,0.0,77.21600341796875,True,True,54.029998779296875,0.0,75.68599700927734,True,True,72.23999786376953,0.0,77.64800262451172,True,True,76.31999969482422,0.0,80.61799621582031,True,True,59.5,-25.0,,,,52.15999984741211,210.0019989013672,52.66400146484375,168.0,42.0,
2021-08-26 19:45:00,,,,,97.31999969482422,0.0,77.91799926757812,True,True,100.0,0.0,77.14399719238281,True,True,100.0,0.0,76.31600189208984,True,True,100.0,0.0,85.53199768066406,True,True,86.88999938964844,0.0,77.1259994506836,True,True,90.08999633789062,0.0,81.302001953125,True,True,85.16000366210938,0.0,80.02400207519531,True,True,100.0,0.0,76.40599822998047,True,True,53.75,0.0,75.52400207519531,True,True,67.22000122070312,0.0,77.50399780273438,True,True,66.97000122070312,0.0,79.1780014038086,True,True,59.4900016784668,-24.969999313354492,,,,51.45800018310547,210.0019989013672,51.90800094604492,168.0,42.0,
2021-08-26 20:00:00,,,,,89.63999938964844,0.0,77.23400115966797,True,True,100.0,0.0,76.83799743652344,True,True,100.0,0.0,76.2979965209961,True,True,100.0,0.0,85.02799987792969,True,True,81.54000091552734,0.0,75.63200378417969,True,True,97.93000030517578,0.0,80.99600219726562,True,True,84.5199966430664,0.0,78.99800109863281,True,True,100.0,0.0,76.40599822998047,True,True,52.599998474121094,0.0,75.4520034790039,True,True,64.4800033569336,0.0,77.50399780273438,True,True,62.95000076293945,0.0,77.73799896240234,True,True,59.459999084472656,-25.0,,,,50.77399826049805,210.0019989013672,51.242000579833984,160.0,40.0,
2021-08-26 20:15:00,,,,,95.33999633789062,0.0,76.89199829101562,True,True,100.0,0.0,76.85600280761719,True,True,100.0,0.0,76.26200103759766,True,True,100.0,0.0,84.4520034790039,True,True,71.16999816894531,0.0,75.30799865722656,True,True,91.0999984741211,0.0,80.2760009765625,True,True,83.22000122070312,0.0,78.00800323486328,True,True,100.0,0.0,76.37000274658203,True,True,51.68000030517578,0.0,75.50599670410156,True,True,67.81999969482422,0.0,77.41400146484375,True,True,62.689998626708984,0.0,76.62200164794922,True,True,59.4900016784668,-25.0,,,,50.41400146484375,210.0019989013672,50.88199996948242,168.0,42.0,
2021-08-26 20:30:00,,,,,91.33999633789062,0.0,76.62200164794922,True,True,100.0,0.0,77.0,True,True,100.0,0.0,76.22599792480469,True,True,100.0,0.0,84.59600067138672,True,True,68.19000244140625,0.0,74.85800170898438,True,True,95.19999694824219,0.0,80.00599670410156,True,True,81.19000244140625,0.0,77.28800201416016,True,True,100.0,0.0,76.22599792480469,True,True,50.709999084472656,0.0,75.37999725341797,True,True,67.68000030517578,0.0,77.3239974975586,True,True,61.31999969482422,0.0,75.75800323486328,True,True,59.4900016784668,-25.0,,,,50.23400115966797,210.0019989013672,50.66600036621094,160.0,40.0,
2021-08-26 20:45:00,,,,,85.06999969482422,0.0,76.9280014038086,True,True,100.0,0.0,77.08999633789062,True,True,100.0,0.0,76.20800018310547,True,True,100.0,0.0,84.16400146484375,True,True,62.630001068115234,0.0,74.78600311279297,True,True,92.87999725341797,0.0,79.55599975585938,True,True,78.8499984741211,0.0,76.63999938964844,True,True,99.44999694824219,0.0,76.1719970703125,True,True,50.209999084472656,0.0,75.36199951171875,True,True,70.44999694824219,0.0,77.3239974975586,True,True,60.31999969482422,0.0,75.0199966430664,True,True,59.459999084472656,-25.0,,,,50.071998596191406,210.0019989013672,50.50400161743164,160.0,40.0,
2021-08-26 21:00:00,,,,,88.88999938964844,0.0,77.01799774169922,True,True,100.0,0.0,76.83799743652344,True,True,99.79000091552734,0.0,76.08200073242188,True,True,100.0,0.0,84.0739974975586,True,True,67.72000122070312,0.0,74.6240005493164,True,True,97.76000213623047,0.0,79.25,True,True,76.97000122070312,0.0,76.08200073242188,True,True,100.0,0.0,76.19000244140625,True,True,50.349998474121094,0.0,75.37999725341797,True,True,61.220001220703125,0.0,77.23400115966797,True,True,57.84000015258789,0.0,74.4800033569336,True,True,59.529998779296875,-24.959999084472656,,,,50.1619987487793,210.0019989013672,50.55799865722656,160.0,40.0,
2021-08-26 21:15:00,,,,,86.55999755859375,0.0,76.69400024414062,True,True,100.0,0.0,76.85600280761719,True,True,100.0,0.0,76.0459976196289,True,True,100.0,0.0,84.14600372314453,True,True,69.33000183105469,0.0,74.56999969482422,True,True,98.93000030517578,0.0,79.03399658203125,True,True,76.9800033569336,0.0,75.9739990234375,True,True,100.0,0.0,75.93800354003906,True,True,48.90999984741211,0.0,75.41600036621094,True,True,61.41999816894531,0.0,77.25199890136719,True,True,57.810001373291016,0.0,74.552001953125,True,True,59.5,-24.969999313354492,,,,50.108001708984375,210.0019989013672,50.52199935913086,160.0,40.0,
2021-08-26 21:30:00,,,,,91.87000274658203,0.0,76.60399627685547,True,True,100.0,0.0,76.85600280761719,True,True,100.0,0.0,76.0999984741211,True,True,100.0,0.0,84.0739974975586,True,True,58.40999984741211,0.0,74.51599884033203,True,True,85.16999816894531,0.0,79.03399658203125,True,True,75.73999786376953,0.0,75.7760009765625,True,True,100.0,0.0,76.08200073242188,True,True,47.72999954223633,0.0,75.34400177001953,True,True,59.70000076293945,0.0,77.197998046875,True,True,58.279998779296875,0.0,74.49800109863281,True,True,59.470001220703125,-25.0,,,,50.09000015258789,210.0019989013672,50.540000915527344,152.0,38.0,
2021-08-26 21:45:00,,,,,81.69999694824219,0.0,76.44200134277344,True,True,100.0,0.0,77.01799774169922,True,True,100.0,0.0,76.08200073242188,True,True,100.0,0.0,83.60600280761719,True,True,64.52999877929688,0.0,74.44400024414062,True,True,86.43000030517578,0.0,78.76399993896484,True,True,75.75,0.0,75.47000122070312,True,True,100.0,0.0,76.02799987792969,True,True,47.29999923706055,0.0,75.30799865722656,True,True,62.9900016784668,0.0,77.14399719238281,True,True,59.810001373291016,0.0,74.15599822998047,True,True,59.470001220703125,-24.989999771118164,,,,49.85599899291992,210.0019989013672,50.305999755859375,152.0,38.0,
2021-08-26 22:00:00,,,,,78.20999908447266,0.0,76.26200103759766,True,True,100.0,0.0,77.03600311279297,True,True,100.0,0.0,76.0459976196289,True,True,100.0,0.0,83.64199829101562,True,True,59.150001525878906,0.0,74.35399627685547,True,True,81.36000061035156,0.0,77.91799926757812,True,True,75.01000213623047,0.0,75.25399780273438,True,True,100.0,0.0,75.93800354003906,True,True,47.41999816894531,0.0,75.25399780273438,True,True,56.779998779296875,0.0,77.1259994506836,True,True,58.970001220703125,0.0,73.94000244140625,True,True,59.4900016784668,-25.0,,,,49.604000091552734,210.0019989013672,50.0,152.0,38.0,
2021-08-26 22:15:00,,,,,73.73999786376953,0.0,76.2979965209961,True,True,100.0,0.0,77.03600311279297,True,True,100.0,0.0,76.02799987792969,True,True,100.0,0.0,83.51599884033203,True,True,54.310001373291016,0.0,74.31800079345703,True,True,77.66999816894531,0.0,77.84600067138672,True,True,73.26000213623047,0.0,74.89399719238281,True,True,100.0,0.0,75.9020004272461,True,True,46.09000015258789,0.0,75.30799865722656,True,True,61.7599983215332,0.0,77.1259994506836,True,True,56.56999969482422,0.0,73.7959976196289,True,True,59.54999923706055,-25.0,,,,49.38800048828125,210.0019989013672,49.8380012512207,152.0,38.0,
2021-08-26 22:30:00,,,,,77.55000305175781,0.0,76.22599792480469,True,True,92.70999908447266,0.0,77.01799774169922,True,True,100.0,0.0,76.0459976196289,True,True,100.0,0.0,83.37200164794922,True,True,61.40999984741211,0.0,74.28199768066406,True,True,79.76000213623047,0.0,77.3239974975586,True,True,77.33000183105469,0.0,74.19200134277344,True,True,100.0,0.0,75.9020004272461,True,True,48.59000015258789,0.0,75.25399780273438,True,True,57.9900016784668,0.0,76.96399688720703,True,True,55.54999923706055,0.0,73.56199645996094,True,True,59.5099983215332,-24.989999771118164,,,,49.316001892089844,210.0019989013672,49.74800109863281,144.0,36.0,
2021-08-26 22:45:00,,,,,76.37000274658203,0.0,76.40599822998047,True,True,98.62999725341797,0.0,76.89199829101562,True,True,100.0,0.0,75.91999816894531,True,True,100.0,0.0,82.76000213623047,True,True,58.189998626708984,0.0,74.20999908447266,True,True,74.41000366210938,0.0,76.94599914550781,True,True,75.41999816894531,0.0,73.8499984741211,True,True,100.0,0.0,75.9020004272461,True,True,48.369998931884766,0.0,75.21800231933594,True,True,55.54999923706055,0.0,76.96399688720703,True,True,55.119998931884766,0.0,73.22000122070312,True,True,59.5,-24.969999313354492,,,,49.369998931884766,210.0019989013672,49.8380012512207,152.0,38.0,
2021-08-26 23:00:00,,,,,81.48999786376953,0.0,75.9020004272461,True,True,100.0,0.0,76.6760025024414,True,True,100.0,0.0,75.93800354003906,True,True,100.0,0.0,82.90399932861328,True,True,60.099998474121094,0.0,74.26399993896484,True,True,76.58999633789062,0.0,76.33399963378906,True,True,73.69000244140625,0.0,73.30999755859375,True,True,99.80000305175781,0.0,75.88400268554688,True,True,47.88999938964844,0.0,75.19999694824219,True,True,56.709999084472656,0.0,76.89199829101562,True,True,56.4900016784668,0.0,72.84200286865234,True,True,59.40999984741211,-24.969999313354492,,,,48.21799850463867,210.0019989013672,48.757999420166016,144.0,36.0,
2021-08-26 23:15:00,,,,,82.58000183105469,0.0,75.63200378417969,True,True,100.0,0.0,76.6760025024414,True,True,100.0,0.0,75.93800354003906,True,True,100.0,0.0,82.5260009765625,True,True,56.86000061035156,0.0,74.19200134277344,True,True,75.05000305175781,0.0,76.15399932861328,True,True,71.62999725341797,0.0,72.89600372314453,True,True,100.0,0.0,75.9020004272461,True,True,44.52000045776367,0.0,75.12799835205078,True,True,52.18000030517578,0.0,76.83799743652344,True,True,55.34000015258789,0.0,72.44599914550781,True,True,59.439998626708984,-24.989999771118164,,,,48.88399887084961,210.0019989013672,49.172000885009766,144.0,36.0,
2021-08-26 23:30:00,,,,,92.5199966430664,0.0,75.79399871826172,True,True,100.0,0.0,76.60399627685547,True,True,100.0,0.0,75.99199676513672,True,True,100.0,0.0,82.47200012207031,True,True,61.86000061035156,0.0,74.13800048828125,True,True,81.8499984741211,0.0,75.9739990234375,True,True,72.66000366210938,0.0,72.60800170898438,True,True,100.0,0.0,75.81199645996094,True,True,47.7599983215332,0.0,75.11000061035156,True,True,58.06999969482422,0.0,76.83799743652344,True,True,57.040000915527344,0.0,72.12200164794922,True,True,59.5,-25.0,,,,51.04399871826172,210.0019989013672,50.95399856567383,144.0,36.0,
2021-08-26 23:45:00,,,,,100.0,0.0,75.59600067138672,True,True,100.0,0.0,76.49600219726562,True,True,100.0,0.0,76.06400299072266,True,True,100.0,0.0,82.58000183105469,True,True,68.11000061035156,0.0,74.19200134277344,True,True,85.12000274658203,0.0,75.72200012207031,True,True,71.16999816894531,0.0,72.46399688720703,True,True,100.0,0.0,75.8479995727539,True,True,49.880001068115234,0.0,75.16400146484375,True,True,62.90999984741211,0.0,76.83799743652344,True,True,54.560001373291016,0.0,71.81600189208984,True,True,59.459999084472656,-24.969999313354492,,,,53.077999114990234,210.0019989013672,53.4739990234375,144.0,36.0,
2021-08-27 00:00:00,,,,,100.0,0.0,75.59600067138672,True,True,100.0,0.0,76.65799713134766,True,True,100.0,0.0,76.06400299072266,True,True,100.0,0.0,81.6259994506836,True,True,64.41000366210938,0.0,74.19200134277344,True,True,83.2699966430664,0.0,75.5780029296875,True,True,73.38999938964844,0.0,72.03199768066406,True,True,100.0,0.0,75.75800323486328,True,True,50.59000015258789,0.0,75.09200286865234,True,True,59.7599983215332,0.0,76.76599884033203,True,True,59.09000015258789,0.0,71.45600128173828,True,True,59.529998779296875,-25.0,,,,52.01599884033203,210.0019989013672,52.448001861572266,144.0,36.0,
2021-08-27 00:15:00,,,,,82.37000274658203,0.0,75.79399871826172,True,True,100.0,0.0,77.23400115966797,True,True,100.0,0.0,76.0459976196289,True,True,100.0,0.0,81.6259994506836,True,True,69.5,0.0,74.0479965209961,True,True,84.0,0.0,75.0739974975586,True,True,83.66999816894531,0.0,71.61799621582031,True,True,100.0,0.0,75.83000183105469,True,True,55.06999969482422,0.0,75.11000061035156,True,True,59.90999984741211,0.0,76.76599884033203,True,True,62.61000061035156,0.0,71.04199981689453,True,True,59.45000076293945,-24.969999313354492,,,,53.3120002746582,210.0019989013672,53.689998626708984,152.0,38.0,
2021-08-27 00:30:00,,,,,86.5,0.0,74.40799713134766,True,True,100.0,0.0,76.15399932861328,True,True,100.0,0.0,76.08200073242188,True,True,100.0,0.0,82.07599639892578,True,True,73.0199966430664,0.0,74.06600189208984,True,True,89.58999633789062,0.0,74.93000030517578,True,True,83.61000061035156,0.0,71.31199645996094,True,True,100.0,0.0,75.86599731445312,True,True,54.619998931884766,0.0,75.16400146484375,True,True,67.12000274658203,0.0,76.76599884033203,True,True,64.0999984741211,0.0,71.58200073242188,True,True,59.540000915527344,-24.969999313354492,,,,53.36600112915039,210.0019989013672,53.762001037597656,144.0,36.0,
2021-08-27 00:45:00,,,,,90.06999969482422,0.0,74.28199768066406,True,True,93.08999633789062,0.0,77.75599670410156,True,True,100.0,0.0,76.08200073242188,True,True,100.0,0.0,80.72599792480469,True,True,73.47000122070312,0.0,74.02999877929688,True,True,89.5199966430664,0.0,74.58799743652344,True,True,83.76000213623047,0.0,70.93399810791016,True,True,100.0,0.0,75.81199645996094,True,True,51.099998474121094,0.0,75.09200286865234,True,True,64.13999938964844,0.0,76.76599884033203,True,True,62.790000915527344,0.0,71.3479995727539,True,True,59.38999938964844,-25.0,,,,54.194000244140625,210.0019989013672,54.104000091552734,144.0,36.0,
2021-08-27 01:00:00,,,,,83.69000244140625,0.0,74.46199798583984,True,True,100.0,0.0,77.8280029296875,True,True,100.0,0.0,76.0999984741211,True,True,100.0,0.0,81.08599853515625,True,True,60.08000183105469,0.0,73.99400329589844,True,True,86.72000122070312,0.0,74.22799682617188,True,True,89.88999938964844,0.0,70.50199890136719,True,True,100.0,0.0,75.81199645996094,True,True,54.689998626708984,0.0,75.0199966430664,True,True,66.55000305175781,0.0,76.7300033569336,True,True,65.79000091552734,0.0,70.39399719238281,True,True,59.43000030517578,-25.0,,,,47.56999969482422,210.0019989013672,48.055999755859375,152.0,38.0,
2021-08-27 01:15:00,,,,,77.45999908447266,0.0,74.53399658203125,True,True,100.0,0.0,77.68399810791016,True,True,97.33999633789062,0.0,76.0459976196289,True,True,88.95999908447266,0.0,81.15799713134766,True,True,58.13999938964844,0.0,73.90399932861328,True,True,76.6500015258789,0.0,74.10199737548828,True,True,89.97000122070312,0.0,70.23200225830078,True,True,100.0,0.0,75.75800323486328,True,True,56.11000061035156,0.0,75.00199890136719,True,True,70.62000274658203,0.0,76.65799713134766,True,True,67.51000213623047,0.0,70.50199890136719,True,True,59.5099983215332,-24.969999313354492,,,,48.45199966430664,210.0019989013672,48.79399871826172,144.0,36.0,
2021-08-27 01:30:00,,,,,79.08000183105469,0.0,74.30000305175781,True,True,100.0,0.0,77.34200286865234,True,True,96.55000305175781,0.0,75.99199676513672,True,True,89.30000305175781,0.0,81.60800170898438,True,True,57.79999923706055,0.0,73.76000213623047,True,True,80.44000244140625,0.0,73.56199645996094,True,True,95.83999633789062,0.0,69.87200164794922,True,True,100.0,0.0,75.93800354003906,True,True,57.52000045776367,0.0,75.00199890136719,True,True,64.98999786376953,0.0,76.60399627685547,True,True,69.12999725341797,0.0,70.14199829101562,True,True,59.470001220703125,-25.0,,,,49.53200149536133,210.0019989013672,49.891998291015625,144.0,36.0,
2021-08-27 01:45:00,,,,,86.52999877929688,0.0,74.12000274658203,True,True,100.0,0.0,77.18000030517578,True,True,99.88999938964844,0.0,75.88400268554688,True,True,92.66000366210938,0.0,80.72599792480469,True,True,59.599998474121094,0.0,73.76000213623047,True,True,77.47000122070312,0.0,73.48999786376953,True,True,78.30999755859375,0.0,69.58399963378906,True,True,97.87999725341797,0.0,75.75800323486328,True,True,47.63999938964844,0.0,74.96600341796875,True,True,57.83000183105469,0.0,76.55000305175781,True,True,58.33000183105469,0.0,70.26799774169922,True,True,59.5,-25.0,,,,50.77399826049805,210.0019989013672,51.13399887084961,144.0,36.0,
2021-08-27 02:00:00,,,,,81.19999694824219,0.0,73.30999755859375,True,True,100.0,0.0,77.3239974975586,True,True,100.0,0.0,75.9020004272461,True,True,100.0,0.0,81.01399993896484,True,True,60.369998931884766,0.0,73.68800354003906,True,True,83.11000061035156,0.0,73.30999755859375,True,True,79.81999969482422,0.0,69.65599822998047,True,True,100.0,0.0,75.63200378417969,True,True,47.060001373291016,0.0,74.91200256347656,True,True,56.810001373291016,0.0,76.45999908447266,True,True,58.66999816894531,0.0,70.03399658203125,True,True,59.5,-25.0,,,,50.97200012207031,210.0019989013672,51.422000885009766,144.0,36.0,
2021-08-27 02:15:00,,,,,87.19000244140625,0.0,73.07599639892578,True,True,99.23999786376953,0.0,76.89199829101562,True,True,100.0,0.0,75.88400268554688,True,True,100.0,0.0,80.13200378417969,True,True,62.290000915527344,0.0,73.7239990234375,True,True,80.66000366210938,0.0,72.8239974975586,True,True,82.06999969482422,0.0,69.52999877929688,True,True,100.0,0.0,75.54199981689453,True,True,51.5,0.0,74.91200256347656,True,True,58.40999984741211,0.0,76.42400360107422,True,True,59.560001373291016,0.0,69.94400024414062,True,True,59.439998626708984,-24.969999313354492,,,,52.15999984741211,210.0019989013672,52.62799835205078,144.0,36.0,
2021-08-27 02:30:00,,,,,93.56999969482422,0.0,72.66200256347656,True,True,100.0,0.0,76.78399658203125,True,True,100.0,0.0,75.9739990234375,True,True,100.0,0.0,79.97000122070312,True,True,58.13999938964844,0.0,73.63400268554688,True,True,82.33000183105469,0.0,72.697998046875,True,True,85.72000122070312,0.0,68.91799926757812,True,True,100.0,0.0,75.36199951171875,True,True,51.29999923706055,0.0,74.83999633789062,True,True,63.47999954223633,0.0,76.35199737548828,True,True,61.31999969482422,0.0,69.65599822998047,True,True,59.529998779296875,-24.959999084472656,,,,51.422000885009766,210.0019989013672,51.92599868774414,152.0,38.0,
2021-08-27 02:45:00,,,,,91.30000305175781,0.0,72.75199890136719,True,True,93.95999908447266,0.0,76.85600280761719,True,True,100.0,0.0,75.9020004272461,True,True,100.0,0.0,80.4020004272461,True,True,61.5099983215332,0.0,73.66999816894531,True,True,85.38999938964844,0.0,72.46399688720703,True,True,85.12000274658203,0.0,68.73799896240234,True,True,100.0,0.0,75.36199951171875,True,True,51.33000183105469,0.0,74.83999633789062,True,True,62.470001220703125,0.0,76.26200103759766,True,True,59.380001068115234,0.0,69.2239990234375,True,True,59.54999923706055,-24.989999771118164,,,,51.08000183105469,210.0019989013672,51.47600173950195,144.0,36.0,
2021-08-27 03:00:00,,,,,88.38999938964844,0.0,72.66200256347656,True,True,100.0,0.0,76.60399627685547,True,True,100.0,0.0,75.9739990234375,True,True,100.0,0.0,80.2760009765625,True,True,61.349998474121094,0.0,73.68800354003906,True,True,81.47000122070312,0.0,72.15799713134766,True,True,91.44000244140625,0.0,68.75599670410156,True,True,100.0,0.0,75.50599670410156,True,True,52.29999923706055,0.0,74.76799774169922,True,True,66.13999938964844,0.0,76.27999877929688,True,True,64.41000366210938,0.0,69.1520004272461,True,True,59.529998779296875,-24.969999313354492,,,,51.242000579833984,210.0019989013672,51.619998931884766,144.0,36.0,
2021-08-27 03:15:00,,,,,90.4800033569336,0.0,73.07599639892578,True,True,100.0,0.0,76.71199798583984,True,True,100.0,0.0,75.9020004272461,True,True,100.0,0.0,79.82599639892578,True,True,61.709999084472656,0.0,73.58000183105469,True,True,84.94999694824219,0.0,71.74400329589844,True,True,88.62999725341797,0.0,68.44999694824219,True,True,100.0,0.0,75.5780029296875,True,True,48.849998474121094,0.0,74.80400085449219,True,True,61.52000045776367,0.0,76.22599792480469,True,True,62.22999954223633,0.0,68.7020034790039,True,True,59.4900016784668,-25.0,,,,51.242000579833984,210.0019989013672,51.67399978637695,144.0,36.0,
2021-08-27 03:30:00,,,,,92.52999877929688,0.0,72.7699966430664,True,True,98.06999969482422,0.0,76.49600219726562,True,True,100.0,0.0,75.86599731445312,True,True,100.0,0.0,79.77200317382812,True,True,56.84000015258789,0.0,73.50800323486328,True,True,85.12999725341797,0.0,71.56400299072266,True,True,88.41999816894531,0.0,68.91799926757812,True,True,100.0,0.0,75.37999725341797,True,True,48.70000076293945,0.0,74.83999633789062,True,True,59.2599983215332,0.0,76.35199737548828,True,True,58.79999923706055,0.0,69.1520004272461,True,True,59.43000030517578,-24.969999313354492,,,,51.29600143432617,210.0019989013672,51.74599838256836,144.0,36.0,
2021-08-27 03:45:00,,,,,89.73999786376953,0.0,72.8239974975586,True,True,100.0,0.0,76.58599853515625,True,True,100.0,0.0,75.93800354003906,True,True,100.0,0.0,79.84400177001953,True,True,56.43000030517578,0.0,73.54399871826172,True,True,81.58000183105469,0.0,71.49199676513672,True,True,89.02999877929688,0.0,68.46800231933594,True,True,100.0,0.0,75.39800262451172,True,True,50.20000076293945,0.0,74.83999633789062,True,True,60.7599983215332,0.0,76.35199737548828,True,True,61.54999923706055,0.0,68.97200012207031,True,True,59.529998779296875,-25.0,,,,51.27799987792969,210.0019989013672,51.65599822998047,144.0,36.0,
2021-08-27 04:00:00,,,,,95.41000366210938,0.0,72.51799774169922,True,True,100.0,0.0,76.2979965209961,True,True,100.0,0.0,75.93800354003906,True,True,100.0,0.0,79.5199966430664,True,True,65.63999938964844,0.0,73.50800323486328,True,True,81.45999908447266,0.0,71.16799926757812,True,True,90.43000030517578,0.0,68.57599639892578,True,True,100.0,0.0,75.4520034790039,True,True,48.84000015258789,0.0,74.76799774169922,True,True,59.279998779296875,0.0,76.31600189208984,True,True,60.900001525878906,0.0,68.73799896240234,True,True,59.459999084472656,-25.0,,,,51.1879997253418,210.0019989013672,51.619998931884766,144.0,36.0,
2021-08-27 04:15:00,,,,,91.77999877929688,0.0,72.39199829101562,True,True,100.0,0.0,76.13600158691406,True,True,100.0,0.0,75.93800354003906,True,True,100.0,0.0,79.5199966430664,True,True,60.77000045776367,0.0,73.36399841308594,True,True,80.5,0.0,70.64600372314453,True,True,88.75,0.0,68.44999694824219,True,True,100.0,0.0,75.39800262451172,True,True,48.630001068115234,0.0,74.80400085449219,True,True,56.63999938964844,0.0,76.2979965209961,True,True,60.959999084472656,0.0,68.79199981689453,True,True,59.43000030517578,-24.989999771118164,,,,51.13399887084961,210.0019989013672,51.566001892089844,144.0,36.0,
2021-08-27 04:30:00,,,,,96.58999633789062,0.0,71.52799987792969,True,True,100.0,0.0,76.31600189208984,True,True,100.0,0.0,75.86599731445312,True,True,100.0,0.0,79.71800231933594,True,True,60.060001373291016,0.0,73.41799926757812,True,True,80.19999694824219,0.0,70.98799896240234,True,True,87.93000030517578,0.0,67.98200225830078,True,True,100.0,0.0,75.27200317382812,True,True,49.599998474121094,0.0,74.76799774169922,True,True,62.560001373291016,0.0,76.24400329589844,True,True,60.36000061035156,0.0,68.28800201416016,True,True,59.439998626708984,-24.969999313354492,,,,51.0620002746582,210.0019989013672,51.49399948120117,152.0,38.0,
2021-08-27 04:45:00,,,,,94.22000122070312,0.0,71.29399871826172,True,True,100.0,0.0,76.35199737548828,True,True,100.0,0.0,75.93800354003906,True,True,100.0,0.0,79.82599639892578,True,True,59.66999816894531,0.0,73.4000015258789,True,True,80.26000213623047,0.0,71.16799926757812,True,True,87.0,0.0,68.14399719238281,True,True,100.0,0.0,75.25399780273438,True,True,49.529998779296875,0.0,74.76799774169922,True,True,59.779998779296875,0.0,76.24400329589844,True,True,58.59000015258789,0.0,68.34200286865234,True,True,59.4900016784668,-25.0,,,,50.88199996948242,210.0019989013672,51.31399917602539,144.0,36.0,
2021-08-27 05:00:00,,,,,100.0,0.0,71.92400360107422,True,True,100.0,0.0,76.33399963378906,True,True,100.0,0.0,75.88400268554688,True,True,100.0,0.0,79.53800201416016,True,True,59.650001525878906,0.0,73.41799926757812,True,True,83.22000122070312,0.0,70.97000122070312,True,True,87.44999694824219,0.0,67.89199829101562,True,True,100.0,0.0,75.21800231933594,True,True,49.34000015258789,0.0,74.73200225830078,True,True,61.349998474121094,0.0,76.20800018310547,True,True,61.310001373291016,0.0,68.41400146484375,True,True,59.45000076293945,-25.0,,,,50.88199996948242,210.0019989013672,51.31399917602539,144.0,36.0,
2021-08-27 05:15:00,,,,,96.83999633789062,0.0,71.6719970703125,True,True,100.0,0.0,76.31600189208984,True,True,100.0,0.0,75.86599731445312,True,True,100.0,0.0,79.68199920654297,True,True,62.41999816894531,0.0,73.30999755859375,True,True,79.51000213623047,0.0,70.64600372314453,True,True,89.47000122070312,0.0,67.89199829101562,True,True,100.0,0.0,75.27200317382812,True,True,48.279998779296875,0.0,74.73200225830078,True,True,58.09000015258789,0.0,76.1719970703125,True,True,61.150001525878906,0.0,68.52200317382812,True,True,59.4900016784668,-24.969999313354492,,,,50.88199996948242,210.0019989013672,51.31399917602539,144.0,36.0,
2021-08-27 05:30:00,,,,,97.45999908447266,0.0,71.65399932861328,True,True,100.0,0.0,76.31600189208984,True,True,100.0,0.0,75.83000183105469,True,True,100.0,0.0,79.3759994506836,True,True,57.66999816894531,0.0,73.3280029296875,True,True,78.98999786376953,0.0,70.59200286865234,True,True,87.9000015258789,0.0,67.31600189208984,True,True,100.0,0.0,75.12799835205078,True,True,47.970001220703125,0.0,74.73200225830078,True,True,60.91999816894531,0.0,76.11799621582031,True,True,56.720001220703125,0.0,68.0719985961914,True,True,59.45000076293945,-25.0,,,,50.46799850463867,210.0019989013672,51.0260009765625,144.0,36.0,
2021-08-27 05:45:00,,,,,93.7699966430664,0.0,72.03199768066406,True,True,100.0,0.0,76.35199737548828,True,True,100.0,0.0,75.8479995727539,True,True,100.0,0.0,79.46600341796875,True,True,54.130001068115234,0.0,73.36399841308594,True,True,84.12000274658203,0.0,70.73600006103516,True,True,87.11000061035156,0.0,67.26200103759766,True,True,100.0,0.0,75.16400146484375,True,True,49.70000076293945,0.0,74.71399688720703,True,True,59.79999923706055,0.0,76.06400299072266,True,True,60.16999816894531,0.0,67.8740005493164,True,True,59.439998626708984,-24.920000076293945,,,,50.108001708984375,210.0019989013672,50.540000915527344,144.0,36.0,
2021-08-27 06:00:00,,,,,98.33000183105469,0.0,72.3740005493164,True,True,93.5,0.0,76.49600219726562,True,True,100.0,0.0,75.81199645996094,True,True,100.0,0.0,79.69999694824219,True,True,53.83000183105469,0.0,73.29199981689453,True,True,72.75,0.0,70.80799865722656,True,True,86.5999984741211,0.0,67.31600189208984,True,True,100.0,0.0,75.09200286865234,True,True,47.72999954223633,0.0,74.6240005493164,True,True,59.79999923706055,0.0,76.0459976196289,True,True,56.15999984741211,0.0,67.9280014038086,True,True,59.470001220703125,-24.989999771118164,,,,50.071998596191406,210.0019989013672,50.46799850463867,144.0,36.0,
2021-08-27 06:15:00,,,,,100.0,0.0,72.78800201416016,True,True,100.0,0.0,76.13600158691406,True,True,100.0,0.0,75.79399871826172,True,True,100.0,0.0,79.35800170898438,True,True,57.5099983215332,0.0,73.27400207519531,True,True,71.66000366210938,0.0,70.41200256347656,True,True,85.94000244140625,0.0,67.2979965209961,True,True,100.0,0.0,75.25399780273438,True,True,46.47999954223633,0.0,74.56999969482422,True,True,61.75,0.0,75.9020004272461,True,True,56.25,0.0,67.802001953125,True,True,59.369998931884766,-25.0,,,,50.36000061035156,210.0019989013672,50.77399826049805,144.0,36.0,
2021-08-27 06:30:00,,,,,100.0,0.0,72.1760025024414,True,True,100.0,0.0,76.44200134277344,True,True,100.0,0.0,75.79399871826172,True,True,100.0,0.0,80.0780029296875,True,True,53.529998779296875,0.0,73.22000122070312,True,True,70.05999755859375,0.0,69.06199645996094,True,True,84.29000091552734,0.0,67.0999984741211,True,True,100.0,0.0,75.25399780273438,True,True,46.43000030517578,0.0,74.64199829101562,True,True,60.380001068115234,0.0,75.88400268554688,True,True,57.04999923706055,0.0,67.8740005493164,True,True,59.54999923706055,-25.0,,,,50.37799835205078,210.0019989013672,50.84600067138672,152.0,38.0,
2021-08-27 06:45:00,,,,,100.0,0.0,71.81600189208984,True,True,98.56999969482422,0.0,76.47799682617188,True,True,100.0,0.0,75.81199645996094,True,True,100.0,0.0,80.43800354003906,True,True,57.91999816894531,0.0,73.4000015258789,True,True,74.66999816894531,0.0,68.9000015258789,True,True,82.98999786376953,0.0,66.6500015258789,True,True,100.0,0.0,75.18199920654297,True,True,48.27000045776367,0.0,74.60600280761719,True,True,57.400001525878906,0.0,75.88400268554688,True,True,56.540000915527344,0.0,67.6760025024414,True,True,59.5,-24.989999771118164,,,,52.15999984741211,210.0019989013672,52.50199890136719,152.0,38.0,
2021-08-27 07:00:00,,,,,100.0,0.0,71.7979965209961,True,True,100.0,0.0,76.44200134277344,True,True,100.0,0.0,75.86599731445312,True,True,100.0,0.0,79.98799896240234,True,True,51.02000045776367,0.0,73.54399871826172,True,True,78.38999938964844,0.0,68.91799926757812,True,True,82.93000030517578,0.0,66.7040023803711,True,True,100.0,0.0,75.12799835205078,True,True,49.869998931884766,0.0,74.60600280761719,True,True,59.52000045776367,0.0,75.86599731445312,True,True,58.099998474121094,0.0,66.91999816894531,True,True,59.40999984741211,-24.969999313354492,,,,50.95399856567383,210.0019989013672,51.31399917602539,144.0,36.0,
2021-08-27 07:15:00,,,,,96.04000091552734,0.0,72.28399658203125,True,True,100.0,0.0,76.2979965209961,True,True,100.0,0.0,75.93800354003906,True,True,100.0,0.0,80.74400329589844,True,True,63.56999969482422,0.0,73.58000183105469,True,True,86.26000213623047,0.0,69.11599731445312,True,True,82.63999938964844,0.0,66.9020004272461,True,True,100.0,0.0,75.25399780273438,True,True,46.29999923706055,0.0,74.4800033569336,True,True,59.380001068115234,0.0,75.81199645996094,True,True,56.27000045776367,0.0,67.45999908447266,True,True,59.470001220703125,-25.0,,,,51.16999816894531,210.0019989013672,51.78200149536133,152.0,38.0,
2021-08-27 07:30:00,,,,,100.0,0.0,73.86799621582031,True,True,93.8499984741211,0.0,76.63999938964844,True,True,100.0,0.0,75.86599731445312,True,True,100.0,0.0,81.302001953125,True,True,68.30999755859375,0.0,73.54399871826172,True,True,83.52999877929688,0.0,69.74600219726562,True,True,87.0999984741211,0.0,66.91999816894531,True,True,100.0,0.0,75.36199951171875,True,True,50.41999816894531,0.0,74.66000366210938,True,True,59.93000030517578,0.0,75.81199645996094,True,True,56.77000045776367,0.0,67.802001953125,True,True,59.4900016784668,-25.0,,,,53.79800033569336,210.0019989013672,55.14799880981445,144.0,36.0,
2021-08-27 07:45:00,,,,,82.97000122070312,0.0,73.18399810791016,True,True,84.43000030517578,0.0,77.01799774169922,True,True,86.31999969482422,0.0,75.9020004272461,True,True,80.73999786376953,0.0,79.98799896240234,True,True,51.5,0.0,73.68800354003906,True,True,70.23999786376953,0.0,69.81800079345703,True,True,90.55999755859375,0.0,66.9020004272461,True,True,100.0,0.0,75.50599670410156,True,True,49.040000915527344,0.0,74.73200225830078,True,True,57.31999969482422,0.0,75.99199676513672,True,True,59.869998931884766,0.0,67.40599822998047,True,True,59.459999084472656,-24.950000762939453,,,,45.301998138427734,210.0019989013672,45.895999908447266,152.0,38.0,
2021-08-27 08:00:00,,,,,82.52999877929688,0.0,73.97599792480469,True,True,83.72000122070312,0.0,76.24400329589844,True,True,72.33999633789062,0.0,75.72200012207031,True,True,76.81999969482422,0.0,81.33799743652344,True,True,46.54999923706055,0.0,73.7239990234375,True,True,66.31999969482422,0.0,70.53800201416016,True,True,87.55999755859375,0.0,67.24400329589844,True,True,99.18000030517578,0.0,75.37999725341797,True,True,49.02000045776367,0.0,74.80400085449219,True,True,61.83000183105469,0.0,76.1719970703125,True,True,59.84000015258789,0.0,67.62200164794922,True,True,59.40999984741211,-25.0,,,,44.97800064086914,210.0019989013672,45.40999984741211,152.0,38.0,
2021-08-27 08:15:00,,,,,74.79000091552734,0.0,74.64199829101562,True,True,86.87999725341797,0.0,75.95600128173828,True,True,68.37000274658203,0.0,75.75800323486328,True,True,70.9800033569336,0.0,81.51799774169922,True,True,48.95000076293945,0.0,73.86799621582031,True,True,65.55000305175781,0.0,71.81600189208984,True,True,81.87000274658203,0.0,67.6760025024414,True,True,100.0,0.0,75.59600067138672,True,True,45.29999923706055,0.0,74.85800170898438,True,True,67.61000061035156,0.0,76.1719970703125,True,True,55.2599983215332,0.0,67.94599914550781,True,True,59.459999084472656,-24.989999771118164,,,,47.731998443603516,210.0019989013672,48.21799850463867,152.0,38.0,
2021-08-27 08:30:00,,,,,73.0999984741211,0.0,74.947998046875,True,True,91.88999938964844,0.0,75.95600128173828,True,True,68.79000091552734,0.0,75.72200012207031,True,True,73.30999755859375,0.0,82.11199951171875,True,True,50.27000045776367,0.0,73.88600158691406,True,True,60.45000076293945,0.0,73.00399780273438,True,True,68.54000091552734,0.0,68.34200286865234,True,True,81.80999755859375,0.0,75.34400177001953,True,True,40.04999923706055,0.0,74.78600311279297,True,True,50.45000076293945,0.0,76.20800018310547,True,True,48.36000061035156,0.0,68.7020034790039,True,True,59.529998779296875,-25.0,,,,43.10599899291992,210.0019989013672,43.48400115966797,160.0,40.0,
2021-08-27 08:45:00,,,,,63.869998931884766,0.0,75.54199981689453,True,True,93.61000061035156,0.0,75.81199645996094,True,True,65.6500015258789,0.0,75.66799926757812,True,True,68.83000183105469,0.0,82.2020034790039,True,True,46.560001373291016,0.0,73.90399932861328,True,True,67.83999633789062,0.0,74.40799713134766,True,True,66.69999694824219,0.0,69.27799987792969,True,True,77.23999786376953,0.0,75.41600036621094,True,True,44.29999923706055,0.0,74.8219985961914,True,True,48.83000183105469,0.0,76.20800018310547,True,True,49.79999923706055,0.0,69.72799682617188,True,True,59.439998626708984,-24.959999084472656,,,,42.58399963378906,210.0019989013672,42.944000244140625,168.0,42.0,
2021-08-27 09:00:00,,,,,67.01000213623047,0.0,75.9739990234375,True,True,98.2300033569336,0.0,75.95600128173828,True,True,66.58999633789062,0.0,75.66799926757812,True,True,66.37999725341797,0.0,82.90399932861328,True,True,42.41999816894531,0.0,73.86799621582031,True,True,61.709999084472656,0.0,76.0459976196289,True,True,69.7699966430664,0.0,70.30400085449219,True,True,76.9000015258789,0.0,75.50599670410156,True,True,45.529998779296875,0.0,74.8219985961914,True,True,54.529998779296875,0.0,76.20800018310547,True,True,54.970001220703125,0.0,70.55599975585938,True,True,59.439998626708984,-25.0,,,,42.944000244140625,210.0019989013672,43.30400085449219,160.0,40.0,
2021-08-27 09:15:00,,,,,64.69999694824219,0.0,75.95600128173828,True,True,95.76000213623047,0.0,75.81199645996094,True,True,66.31999969482422,0.0,75.63200378417969,True,True,70.27999877929688,0.0,83.13800048828125,True,True,45.720001220703125,0.0,73.94000244140625,True,True,68.25,0.0,77.30599975585938,True,True,63.02000045776367,0.0,71.70800018310547,True,True,80.12999725341797,0.0,75.48799896240234,True,True,37.20000076293945,0.0,74.8219985961914,True,True,49.5,0.0,76.20800018310547,True,True,51.25,0.0,72.06800079345703,True,True,59.470001220703125,-24.969999313354492,,,,42.81800079345703,210.0019989013672,43.124000549316406,160.0,40.0,
2021-08-27 09:30:00,,,,,70.16999816894531,0.0,76.15399932861328,True,True,100.0,0.0,75.9020004272461,True,True,70.2300033569336,0.0,75.6500015258789,True,True,81.97000122070312,0.0,83.89399719238281,True,True,49.0,0.0,73.88600158691406,True,True,73.02999877929688,0.0,78.74600219726562,True,True,64.27999877929688,0.0,73.16600036621094,True,True,80.70999908447266,0.0,75.55999755859375,True,True,44.349998474121094,0.0,74.83999633789062,True,True,51.779998779296875,0.0,76.20800018310547,True,True,51.0099983215332,0.0,73.29199981689453,True,True,59.459999084472656,-24.989999771118164,,,,45.24800109863281,210.0019989013672,45.73400115966797,160.0,40.0,
2021-08-27 09:45:00,,,,,70.91000366210938,0.0,76.802001953125,True,True,100.0,0.0,75.95600128173828,True,True,71.08999633789062,0.0,75.75800323486328,True,True,86.55000305175781,0.0,84.52400207519531,True,True,52.41999816894531,0.0,74.0479965209961,True,True,70.02999877929688,0.0,80.56400299072266,True,True,61.66999816894531,0.0,74.38999938964844,True,True,78.08999633789062,0.0,75.61399841308594,True,True,45.81999969482422,0.0,74.91200256347656,True,True,48.97999954223633,0.0,76.2979965209961,True,True,46.86000061035156,0.0,74.73200225830078,True,True,59.459999084472656,-24.989999771118164,,,,45.4640007019043,210.0019989013672,45.91400146484375,168.0,42.0,
2021-08-27 10:00:00,,,,,69.56999969482422,0.0,76.38800048828125,True,True,95.76000213623047,0.0,75.99199676513672,True,True,75.0,0.0,75.75800323486328,True,True,84.83999633789062,0.0,84.8479995727539,True,True,50.08000183105469,0.0,74.15599822998047,True,True,63.900001525878906,0.0,82.11199951171875,True,True,70.91000366210938,0.0,75.36199951171875,True,True,78.54000091552734,0.0,75.68599700927734,True,True,47.790000915527344,0.0,74.91200256347656,True,True,48.220001220703125,0.0,76.35199737548828,True,True,50.970001220703125,0.0,75.66799926757812,True,True,59.43000030517578,-25.0,,,,45.73400115966797,210.0019989013672,46.14799880981445,168.0,42.0,
2021-08-27 10:15:00,,,,,67.55000305175781,0.0,76.40599822998047,True,True,99.52999877929688,0.0,76.15399932861328,True,True,78.88999938964844,0.0,75.72200012207031,True,True,87.94000244140625,0.0,85.85600280761719,True,True,57.77000045776367,0.0,74.28199768066406,True,True,64.2699966430664,0.0,83.37200164794922,True,True,67.16999816894531,0.0,76.38800048828125,True,True,94.43000030517578,0.0,75.83000183105469,True,True,40.45000076293945,0.0,75.0199966430664,True,True,53.47999954223633,0.0,76.38800048828125,True,True,50.04999923706055,0.0,76.7300033569336,True,True,59.38999938964844,-25.0,,,,47.89400100708008,210.0019989013672,48.39799880981445,168.0,42.0,
2021-08-27 10:30:00,,,,,74.0199966430664,0.0,77.39600372314453,True,True,100.0,0.0,76.13600158691406,True,True,79.11000061035156,0.0,75.7040023803711,True,True,91.23999786376953,0.0,86.64800262451172,True,True,52.4900016784668,0.0,74.46199798583984,True,True,65.91999816894531,0.0,84.52400207519531,True,True,67.58999633789062,0.0,77.7020034790039,True,True,90.81999969482422,0.0,75.9739990234375,True,True,46.880001068115234,0.0,74.91200256347656,True,True,51.68000030517578,0.0,76.38800048828125,True,True,47.650001525878906,0.0,77.97200012207031,True,True,59.5,-24.989999771118164,,,,46.327999114990234,210.0019989013672,46.6879997253418,168.0,42.0,
2021-08-27 10:45:00,,,,,76.38999938964844,0.0,78.9260025024414,True,True,100.0,0.0,76.1719970703125,True,True,80.08999633789062,0.0,75.73999786376953,True,True,92.98999786376953,0.0,87.60199737548828,True,True,54.689998626708984,0.0,74.76799774169922,True,True,72.41999816894531,0.0,86.7020034790039,True,True,68.1500015258789,0.0,78.96199798583984,True,True,96.38999938964844,0.0,75.79399871826172,True,True,42.84000015258789,0.0,75.0199966430664,True,True,46.650001525878906,0.0,76.38800048828125,True,True,53.86000061035156,0.0,79.19599914550781,True,True,59.470001220703125,-25.0,,,,46.310001373291016,210.0019989013672,46.922000885009766,168.0,42.0,
2021-08-27 11:00:00,,,,,77.4000015258789,0.0,78.49400329589844,True,True,94.13999938964844,0.0,76.31600189208984,True,True,83.4800033569336,0.0,75.68599700927734,True,True,94.63999938964844,0.0,88.052001953125,True,True,53.939998626708984,0.0,75.00199890136719,True,True,63.689998626708984,0.0,87.11599731445312,True,True,69.08999633789062,0.0,80.38400268554688,True,True,100.0,0.0,76.0999984741211,True,True,48.22999954223633,0.0,75.09200286865234,True,True,56.54999923706055,0.0,76.38800048828125,True,True,48.130001068115234,0.0,81.2300033569336,True,True,59.45000076293945,-24.989999771118164,,,,46.43600082397461,210.0019989013672,46.7239990234375,176.0,44.0,
2021-08-27 11:15:00,,,,,79.83000183105469,0.0,78.67400360107422,True,True,100.0,0.0,76.2979965209961,True,True,84.05000305175781,0.0,75.79399871826172,True,True,100.0,0.0,88.41200256347656,True,True,62.59000015258789,0.0,75.25399780273438,True,True,70.2699966430664,0.0,87.56600189208984,True,True,66.66999816894531,0.0,81.8239974975586,True,True,100.0,0.0,76.06400299072266,True,True,42.43000030517578,0.0,75.09200286865234,True,True,52.16999816894531,0.0,76.40599822998047,True,True,59.900001525878906,0.0,82.9219970703125,True,True,59.459999084472656,-25.0,,,,46.652000427246094,210.0019989013672,47.15599822998047,168.0,42.0,
2021-08-27 11:30:00,,,,,73.12999725341797,0.0,77.55799865722656,True,True,100.0,0.0,76.22599792480469,True,True,87.52999877929688,0.0,75.79399871826172,True,True,100.0,0.0,89.3479995727539,True,True,62.689998626708984,0.0,75.21800231933594,True,True,64.4000015258789,0.0,88.1240005493164,True,True,66.37999725341797,0.0,82.77799987792969,True,True,100.0,0.0,76.13600158691406,True,True,43.540000915527344,0.0,75.11000061035156,True,True,53.900001525878906,0.0,76.40599822998047,True,True,50.95000076293945,0.0,83.947998046875,True,True,59.529998779296875,-24.989999771118164,,,,47.10200119018555,210.0019989013672,47.40800094604492,168.0,42.0,
2021-08-27 11:45:00,,,,,78.22000122070312,0.0,80.6719970703125,True,True,100.0,0.0,76.27999877929688,True,True,89.4800033569336,0.0,75.81199645996094,True,True,100.0,0.0,89.88800048828125,True,True,56.88999938964844,0.0,74.85800170898438,True,True,73.66999816894531,0.0,89.90599822998047,True,True,59.22999954223633,0.0,75.09200286865234,True,True,100.0,0.0,76.24400329589844,True,True,47.720001220703125,0.0,75.12799835205078,True,True,51.84000015258789,0.0,76.40599822998047,True,True,54.560001373291016,0.0,84.34400177001953,True,True,59.540000915527344,-24.989999771118164,,,,46.99399948120117,210.0019989013672,47.38999938964844,176.0,44.0,
2021-08-27 12:00:00,,,,,76.44999694824219,0.0,81.53600311279297,True,True,100.0,0.0,76.51399993896484,True,True,88.83000183105469,0.0,75.93800354003906,True,True,100.0,0.0,89.92400360107422,True,True,58.7400016784668,0.0,74.75,True,True,74.76000213623047,0.0,89.74400329589844,True,True,71.36000061035156,0.0,83.37200164794922,True,True,100.0,0.0,76.1719970703125,True,True,38.88999938964844,0.0,75.09200286865234,True,True,49.20000076293945,0.0,76.42400360107422,True,True,61.47999954223633,0.0,85.22599792480469,True,True,59.470001220703125,-24.969999313354492,,,,47.89400100708008,210.0019989013672,48.25400161743164,176.0,44.0,
2021-08-27 12:15:00,,,,,81.69000244140625,0.0,81.3740005493164,True,True,100.0,0.0,76.49600219726562,True,True,93.55999755859375,0.0,75.88400268554688,True,True,100.0,0.0,89.83399963378906,True,True,56.34000015258789,0.0,74.73200225830078,True,True,80.36000061035156,0.0,89.74400329589844,True,True,58.650001525878906,0.0,74.80400085449219,True,True,98.9800033569336,0.0,76.31600189208984,True,True,43.029998779296875,0.0,75.12799835205078,True,True,51.540000915527344,0.0,76.45999908447266,True,True,58.2599983215332,0.0,85.96399688720703,True,True,59.5099983215332,-25.0,,,,45.44599914550781,210.0019989013672,45.78799819946289,176.0,44.0,
2021-08-27 12:30:00,,,,,81.37999725341797,0.0,81.39199829101562,True,True,100.0,0.0,76.49600219726562,True,True,87.18000030517578,0.0,75.88400268554688,True,True,100.0,0.0,89.76200103759766,True,True,57.599998474121094,0.0,74.73200225830078,True,True,70.7699966430664,0.0,89.61799621582031,True,True,60.279998779296875,0.0,80.90599822998047,True,True,99.2300033569336,0.0,76.49600219726562,True,True,42.380001068115234,0.0,75.09200286865234,True,True,49.630001068115234,0.0,76.53199768066406,True,True,50.09000015258789,0.0,86.39600372314453,True,True,59.59000015258789,-24.969999313354492,,,,46.54399871826172,210.0019989013672,46.97600173950195,168.0,42.0,
2021-08-27 12:45:00,,,,,79.55999755859375,0.0,81.86000061035156,True,True,100.0,0.0,76.51399993896484,True,True,92.86000061035156,0.0,75.86599731445312,True,True,100.0,0.0,89.76200103759766,True,True,53.91999816894531,0.0,74.69599914550781,True,True,68.80000305175781,0.0,89.72599792480469,True,True,77.79000091552734,0.0,81.19400024414062,True,True,100.0,0.0,76.44200134277344,True,True,44.16999816894531,0.0,75.11000061035156,True,True,54.040000915527344,0.0,76.53199768066406,True,True,62.81999969482422,0.0,85.60399627685547,True,True,59.459999084472656,-25.0,,,,46.7239990234375,210.0019989013672,46.54399871826172,168.0,42.0,
2021-08-27 13:00:00,,,,,77.91000366210938,0.0,80.6719970703125,True,True,100.0,0.0,76.47799682617188,True,True,89.55000305175781,0.0,75.88400268554688,True,True,100.0,0.0,90.15799713134766,True,True,53.939998626708984,0.0,74.66000366210938,True,True,69.41999816894531,0.0,90.06800079345703,True,True,57.709999084472656,0.0,76.02799987792969,True,True,100.0,0.0,85.22599792480469,True,True,41.4900016784668,0.0,75.16400146484375,True,True,50.34000015258789,0.0,76.53199768066406,True,True,60.47999954223633,0.0,85.8740005493164,True,True,59.470001220703125,-25.0,,,,47.33599853515625,210.0019989013672,47.75,168.0,42.0,
2021-08-27 13:15:00,,,,,81.19999694824219,0.0,80.2040023803711,True,True,100.0,0.0,76.6760025024414,True,True,98.69999694824219,0.0,75.86599731445312,True,True,100.0,0.0,90.44599914550781,True,True,53.849998474121094,0.0,74.73200225830078,True,True,65.70999908447266,0.0,89.6719970703125,True,True,62.38999938964844,0.0,83.4260025024414,True,True,96.20999908447266,0.0,76.65799713134766,True,True,41.2400016784668,0.0,75.19999694824219,True,True,48.43000030517578,0.0,76.60399627685547,True,True,52.81999969482422,0.0,86.03600311279297,True,True,59.4900016784668,-25.0,,,,48.433998107910156,210.0019989013672,48.667999267578125,168.0,42.0,
2021-08-27 13:30:00,,,,,83.2300033569336,0.0,78.78199768066406,True,True,100.0,0.0,76.51399993896484,True,True,97.16000366210938,0.0,75.9020004272461,True,True,100.0,0.0,89.69000244140625,True,True,55.400001525878906,0.0,74.73200225830078,True,True,66.04000091552734,0.0,89.74400329589844,True,True,63.04999923706055,0.0,84.18199920654297,True,True,97.91999816894531,0.0,76.49600219726562,True,True,47.63999938964844,0.0,75.27200317382812,True,True,50.099998474121094,0.0,76.71199798583984,True,True,55.04999923706055,0.0,86.16200256347656,True,True,59.4900016784668,-25.0,,,,48.72200012207031,210.0019989013672,49.13600158691406,168.0,42.0,
2021-08-27 13:45:00,,,,,80.30000305175781,0.0,78.31400299072266,True,True,92.6500015258789,0.0,76.6760025024414,True,True,94.1500015258789,0.0,75.95600128173828,True,True,100.0,0.0,90.15799713134766,True,True,53.58000183105469,0.0,74.66000366210938,True,True,65.66000366210938,0.0,89.88800048828125,True,True,65.7699966430664,0.0,84.50599670410156,True,True,97.93000030517578,0.0,76.44200134277344,True,True,39.380001068115234,0.0,75.36199951171875,True,True,51.27000045776367,0.0,76.71199798583984,True,True,61.630001068115234,0.0,86.37799835205078,True,True,59.5099983215332,-24.969999313354492,,,,48.847999572753906,210.0019989013672,49.279998779296875,160.0,40.0,
2021-08-27 14:00:00,,,,,84.79000091552734,0.0,79.03399658203125,True,True,99.61000061035156,0.0,76.83799743652344,True,True,100.0,0.0,75.99199676513672,True,True,100.0,0.0,90.28399658203125,True,True,52.18000030517578,0.0,74.73200225830078,True,True,65.0199966430664,0.0,89.6719970703125,True,True,66.31999969482422,0.0,84.81199645996094,True,True,100.0,0.0,76.37000274658203,True,True,48.209999084472656,0.0,75.34400177001953,True,True,52.2599983215332,0.0,76.89199829101562,True,True,64.61000061035156,0.0,86.25199890136719,True,True,59.5,-24.950000762939453,,,,49.13600158691406,210.0019989013672,49.54999923706055,168.0,42.0,
2021-08-27 14:15:00,,,,,82.30000305175781,0.0,80.56400299072266,True,True,100.0,0.0,76.83799743652344,True,True,100.0,0.0,75.93800354003906,True,True,100.0,0.0,89.65399932861328,True,True,54.27000045776367,0.0,74.80400085449219,True,True,65.70999908447266,0.0,89.02400207519531,True,True,66.5,0.0,84.63200378417969,True,True,100.0,0.0,76.45999908447266,True,True,48.13999938964844,0.0,75.47000122070312,True,True,58.59000015258789,0.0,77.03600311279297,True,True,66.29000091552734,0.0,86.28800201416016,True,True,59.459999084472656,-25.0,,,,49.35200119018555,210.0019989013672,49.67599868774414,160.0,40.0,
2021-08-27 14:30:00,,,,,100.0,0.0,78.90799713134766,True,True,100.0,0.0,76.6760025024414,True,True,100.0,0.0,76.06400299072266,True,True,100.0,0.0,89.6719970703125,True,True,70.76000213623047,0.0,74.8219985961914,True,True,83.68000030517578,0.0,88.46600341796875,True,True,64.54000091552734,0.0,84.39800262451172,True,True,100.0,0.0,76.56800079345703,True,True,48.84000015258789,0.0,75.59600067138672,True,True,55.79999923706055,0.0,76.96399688720703,True,True,66.47000122070312,0.0,86.03600311279297,True,True,59.459999084472656,-25.0,,,,51.88999938964844,210.0019989013672,52.62799835205078,168.0,42.0,
2021-08-27 14:45:00,,,,,85.66999816894531,0.0,79.1240005493164,True,True,87.77999877929688,0.0,76.85600280761719,True,True,97.11000061035156,0.0,76.11799621582031,True,True,100.0,0.0,89.51000213623047,True,True,54.25,0.0,74.83999633789062,True,True,75.55999755859375,0.0,88.80799865722656,True,True,65.80000305175781,0.0,84.72200012207031,True,True,100.0,0.0,76.49600219726562,True,True,48.31999969482422,0.0,75.63200378417969,True,True,58.060001373291016,0.0,77.08999633789062,True,True,66.2699966430664,0.0,86.21600341796875,True,True,59.54999923706055,-25.0,,,,51.0620002746582,210.0019989013672,51.439998626708984,160.0,40.0,
2021-08-27 15:00:00,,,,,96.19999694824219,0.0,80.05999755859375,True,True,96.77999877929688,0.0,76.83799743652344,True,True,100.0,0.0,76.1719970703125,True,True,100.0,0.0,89.65399932861328,True,True,61.779998779296875,0.0,74.947998046875,True,True,80.16999816894531,0.0,88.93399810791016,True,True,69.98999786376953,0.0,84.37999725341797,True,True,100.0,0.0,76.60399627685547,True,True,49.310001373291016,0.0,75.59600067138672,True,True,51.689998626708984,0.0,77.16200256347656,True,True,69.97000122070312,0.0,85.60399627685547,True,True,59.45000076293945,-24.969999313354492,,,,51.242000579833984,210.0019989013672,51.83599853515625,168.0,42.0,
2021-08-27 15:15:00,,,,,100.0,0.0,79.48400115966797,True,True,96.47000122070312,0.0,76.83799743652344,True,True,100.0,0.0,76.24400329589844,True,True,100.0,0.0,89.43800354003906,True,True,73.16000366210938,0.0,74.96600341796875,True,True,84.83999633789062,0.0,88.9520034790039,True,True,72.01000213623047,0.0,84.19999694824219,True,True,99.7699966430664,0.0,76.76599884033203,True,True,50.689998626708984,0.0,75.8479995727539,True,True,70.97000122070312,0.0,77.44999694824219,True,True,86.63999938964844,0.0,85.11799621582031,True,True,59.5099983215332,-24.989999771118164,,,,55.81399917602539,210.0019989013672,56.965999603271484,168.0,42.0,
2021-08-27 15:30:00,,,,,75.80000305175781,0.0,79.39399719238281,True,True,100.0,0.0,76.76599884033203,True,True,100.0,0.0,76.33399963378906,True,True,97.41000366210938,0.0,89.83399963378906,True,True,59.18000030517578,0.0,74.98400115966797,True,True,80.4000015258789,0.0,88.5739974975586,True,True,76.55000305175781,0.0,84.12799835205078,True,True,99.44000244140625,0.0,76.6760025024414,True,True,53.59000015258789,0.0,75.81199645996094,True,True,68.6500015258789,0.0,77.3239974975586,True,True,88.91000366210938,0.0,85.42400360107422,True,True,59.4900016784668,-25.0,,,,51.97999954223633,210.0019989013672,52.448001861572266,168.0,42.0,
2021-08-27 15:45:00,,,,,73.83000183105469,0.0,79.69999694824219,True,True,100.0,0.0,76.85600280761719,True,True,93.0999984741211,0.0,76.35199737548828,True,True,100.0,0.0,89.51000213623047,True,True,63.2400016784668,0.0,75.16400146484375,True,True,77.4800033569336,0.0,88.68199920654297,True,True,72.30000305175781,0.0,84.39800262451172,True,True,100.0,0.0,76.802001953125,True,True,51.09000015258789,0.0,75.86599731445312,True,True,68.79000091552734,0.0,77.46800231933594,True,True,100.0,0.0,85.24400329589844,True,True,59.459999084472656,-25.0,,,,50.79199981689453,210.0019989013672,51.13399887084961,176.0,44.0,
2021-08-27 16:00:00,,,,,79.06999969482422,0.0,82.4000015258789,True,True,97.61000061035156,0.0,76.81999969482422,True,True,100.0,0.0,76.2979965209961,True,True,100.0,0.0,89.09600067138672,True,True,71.94999694824219,0.0,75.03800201416016,True,True,76.5,0.0,88.25,True,True,81.23999786376953,0.0,84.43399810791016,True,True,100.0,0.0,76.94599914550781,True,True,57.04999923706055,0.0,75.99199676513672,True,True,83.69999694824219,0.0,77.79199981689453,True,True,96.52999877929688,0.0,85.60399627685547,True,True,59.45000076293945,-25.0,,,,56.04800033569336,210.0019989013672,56.42599868774414,168.0,42.0,
2021-08-27 16:15:00,,,,,74.81999969482422,0.0,83.0479965209961,True,True,100.0,0.0,76.89199829101562,True,True,100.0,0.0,76.38800048828125,True,True,100.0,0.0,88.86199951171875,True,True,76.13999938964844,0.0,75.29000091552734,True,True,88.87000274658203,0.0,87.99800109863281,True,True,78.16999816894531,0.0,84.0199966430664,True,True,98.04000091552734,0.0,76.9280014038086,True,True,57.08000183105469,0.0,75.88400268554688,True,True,85.45999908447266,0.0,77.79199981689453,True,True,95.69000244140625,0.0,85.45999908447266,True,True,59.5,-24.950000762939453,,,,56.534000396728516,210.0019989013672,56.89400100708008,168.0,42.0,
2021-08-27 16:30:00,,,,,74.98999786376953,0.0,82.70600128173828,True,True,100.0,0.0,76.9280014038086,True,True,100.0,0.0,76.44200134277344,True,True,100.0,0.0,88.35800170898438,True,True,80.05000305175781,0.0,75.36199951171875,True,True,76.47000122070312,0.0,87.45800018310547,True,True,76.6500015258789,0.0,83.947998046875,True,True,100.0,0.0,76.78399658203125,True,True,57.439998626708984,0.0,75.88400268554688,True,True,73.05000305175781,0.0,77.64800262451172,True,True,85.91000366210938,0.0,85.49600219726562,True,True,59.470001220703125,-24.969999313354492,,,,56.89400100708008,210.0019989013672,57.39799880981445,168.0,42.0,
2021-08-27 16:45:00,,,,,73.0,0.0,82.81400299072266,True,True,100.0,0.0,78.45800018310547,True,True,100.0,0.0,76.51399993896484,True,True,100.0,0.0,88.23200225830078,True,True,76.9000015258789,0.0,75.4520034790039,True,True,77.75,0.0,87.47599792480469,True,True,91.98999786376953,0.0,84.03800201416016,True,True,100.0,0.0,76.9280014038086,True,True,65.68000030517578,0.0,75.99199676513672,True,True,86.75,0.0,77.64800262451172,True,True,98.44999694824219,0.0,85.56800079345703,True,True,59.4900016784668,-24.969999313354492,,,,51.54800033569336,210.0019989013672,52.0880012512207,168.0,42.0,
2021-08-27 17:00:00,,,,,65.22000122070312,0.0,82.3280029296875,True,True,100.0,0.0,80.31199645996094,True,True,100.0,0.0,76.42400360107422,True,True,100.0,0.0,87.0260009765625,True,True,70.93000030517578,0.0,75.19999694824219,True,True,70.11000061035156,0.0,86.46800231933594,True,True,99.70999908447266,0.0,83.947998046875,True,True,100.0,0.0,76.74800109863281,True,True,69.19000244140625,0.0,76.08200073242188,True,True,95.38999938964844,0.0,77.86399841308594,True,True,92.51000213623047,0.0,85.0459976196289,True,True,59.459999084472656,-24.950000762939453,,,,49.172000885009766,210.0019989013672,49.65800094604492,168.0,42.0,
2021-08-27 17:15:00,,,,,59.310001373291016,0.0,80.81600189208984,True,True,100.0,0.0,80.2040023803711,True,True,97.83999633789062,0.0,76.40599822998047,True,True,100.0,0.0,86.59400177001953,True,True,58.43000030517578,0.0,75.0199966430664,True,True,66.66000366210938,0.0,85.78399658203125,True,True,98.91999816894531,0.0,83.40799713134766,True,True,100.0,0.0,76.71199798583984,True,True,72.7699966430664,0.0,76.11799621582031,True,True,100.0,0.0,77.97200012207031,True,True,89.16000366210938,0.0,84.5780029296875,True,True,59.5099983215332,-24.969999313354492,,,,43.0880012512207,210.0019989013672,43.59199905395508,168.0,42.0,
2021-08-27 17:30:00,,,,,53.77000045776367,0.0,80.6719970703125,True,True,99.36000061035156,0.0,79.19599914550781,True,True,83.22000122070312,0.0,76.2979965209961,True,True,88.1500015258789,0.0,86.18000030517578,True,True,58.040000915527344,0.0,74.8219985961914,True,True,55.849998474121094,0.0,85.22599792480469,True,True,92.2300033569336,0.0,83.13800048828125,True,True,100.0,0.0,76.6760025024414,True,True,61.619998931884766,0.0,75.99199676513672,True,True,99.05000305175781,0.0,77.97200012207031,True,True,83.79000091552734,0.0,83.76799774169922,True,True,59.439998626708984,-25.0,,,,42.04399871826172,210.0019989013672,42.529998779296875,168.0,42.0,
2021-08-27 17:45:00,,,,,51.4900016784668,0.0,80.5999984741211,True,True,100.0,0.0,77.86399841308594,True,True,69.19999694824219,0.0,76.08200073242188,True,True,70.05000305175781,0.0,86.0,True,True,53.11000061035156,0.0,74.60600280761719,True,True,54.11000061035156,0.0,84.43399810791016,True,True,89.80999755859375,0.0,82.41799926757812,True,True,99.44999694824219,0.0,76.78399658203125,True,True,64.37999725341797,0.0,75.91999816894531,True,True,82.88999938964844,0.0,77.75599670410156,True,True,82.77999877929688,0.0,82.68800354003906,True,True,59.459999084472656,-25.0,,,,42.152000427246094,210.0019989013672,42.47600173950195,168.0,42.0,
2021-08-27 18:00:00,,,,,49.0,0.0,79.84400177001953,True,True,100.0,0.0,77.41400146484375,True,True,63.779998779296875,0.0,75.9739990234375,True,True,65.30999755859375,0.0,85.60399627685547,True,True,46.15999984741211,0.009999999776482582,74.56999969482422,True,True,50.119998931884766,0.0,83.76799774169922,True,True,65.25,2.3299999237060547,81.60800170898438,True,True,89.58000183105469,0.0,76.56800079345703,True,True,51.060001373291016,0.0,75.86599731445312,True,True,60.709999084472656,0.0,77.68399810791016,True,True,63.70000076293945,0.0,81.66200256347656,True,True,59.470001220703125,-25.0,,,,41.827999114990234,210.0019989013672,42.152000427246094,160.0,40.0,
2021-08-27 18:15:00,,,,,48.06999969482422,0.0,79.14199829101562,True,True,100.0,0.0,77.59400177001953,True,True,59.029998779296875,0.0,75.9739990234375,True,True,64.95999908447266,0.0,84.66799926757812,True,True,44.150001525878906,0.0,74.4800033569336,True,True,49.2599983215332,0.0,82.74199676513672,True,True,60.18000030517578,5.340000152587891,80.99600219726562,True,True,79.66000366210938,0.0,76.33399963378906,True,True,44.630001068115234,0.0,75.73999786376953,True,True,62.61000061035156,0.0,77.64800262451172,True,True,56.630001068115234,0.0,80.74400329589844,True,True,59.43000030517578,-25.0,,,,42.2239990234375,210.0019989013672,42.58399963378906,152.0,38.0,
2021-08-27 18:30:00,,,,,47.130001068115234,0.0,78.74600219726562,True,True,90.77999877929688,0.0,77.79199981689453,True,True,57.08000183105469,0.0,75.8479995727539,True,True,54.380001068115234,0.0,84.05599975585938,True,True,43.2400016784668,0.0,74.40799713134766,True,True,48.380001068115234,0.0,81.73400115966797,True,True,58.2400016784668,5.300000190734863,80.4739990234375,True,True,77.9800033569336,0.0,76.26200103759766,True,True,46.20000076293945,0.0,75.63200378417969,True,True,49.900001525878906,4.46999979019165,77.59400177001953,True,True,56.439998626708984,0.0,79.89800262451172,True,True,59.459999084472656,-25.0,,,,42.0260009765625,210.0019989013672,42.439998626708984,144.0,36.0,
2021-08-27 18:45:00,,,,,44.95000076293945,0.0,77.7020034790039,True,True,93.05000305175781,0.0,77.34200286865234,True,True,54.349998474121094,0.0,75.86599731445312,True,True,56.900001525878906,0.0,83.4260025024414,True,True,42.459999084472656,0.0,74.37200164794922,True,True,47.0,0.0,80.58200073242188,True,True,57.15999984741211,4.239999771118164,79.447998046875,True,True,75.06999969482422,0.0,76.44200134277344,True,True,40.130001068115234,0.0,75.54199981689453,True,True,51.06999969482422,0.5600000023841858,77.59400177001953,True,True,54.7400016784668,0.0,78.76399993896484,True,True,59.459999084472656,-25.0,,,,41.70199966430664,210.0019989013672,42.097999572753906,152.0,38.0,
2021-08-27 19:00:00,,,,,40.939998626708984,0.0,77.34200286865234,True,True,93.72000122070312,0.0,76.89199829101562,True,True,52.56999969482422,0.0,75.86599731445312,True,True,51.130001068115234,0.0,83.49800109863281,True,True,41.09000015258789,0.0,74.22799682617188,True,True,44.08000183105469,0.0,79.91600036621094,True,True,55.029998779296875,4.300000190734863,78.56600189208984,True,True,74.72000122070312,0.0,76.06400299072266,True,True,44.470001220703125,0.0,75.52400207519531,True,True,52.5,0.0,77.55799865722656,True,True,50.11000061035156,0.0,77.88200378417969,True,True,59.439998626708984,-25.0,,,,41.64799880981445,210.0019989013672,42.11600112915039,152.0,38.0,
2021-08-27 19:15:00,,,,,42.95000076293945,0.0,76.58599853515625,True,True,95.43000030517578,0.0,77.01799774169922,True,True,50.77000045776367,0.0,75.81199645996094,True,True,50.52000045776367,0.0,83.08399963378906,True,True,43.65999984741211,0.0,74.28199768066406,True,True,42.119998931884766,0.0,79.21399688720703,True,True,52.560001373291016,4.739999771118164,77.77400207519531,True,True,74.66999816894531,0.0,76.06400299072266,True,True,42.15999984741211,0.0,75.4520034790039,True,True,51.9900016784668,0.0,77.48600006103516,True,True,48.790000915527344,0.0,76.83799743652344,True,True,59.439998626708984,-25.0,,,,41.46799850463867,210.0019989013672,41.827999114990234,144.0,36.0,
2021-08-27 19:30:00,,,,,44.209999084472656,0.0,76.47799682617188,True,True,99.27999877929688,0.0,76.69400024414062,True,True,50.34000015258789,0.0,75.8479995727539,True,True,51.790000915527344,0.0,82.47200012207031,True,True,43.650001525878906,0.0,74.26399993896484,True,True,41.40999984741211,0.0,78.38600158691406,True,True,51.150001525878906,4.099999904632568,76.85600280761719,True,True,61.16999816894531,0.0,76.08200073242188,True,True,35.439998626708984,0.23999999463558197,75.43399810791016,True,True,50.150001525878906,0.0,77.28800201416016,True,True,48.04999923706055,0.0,75.5780029296875,True,True,59.4900016784668,-24.969999313354492,,,,41.32400131225586,210.0019989013672,41.75600051879883,144.0,36.0,
2021-08-27 19:45:00,,,,,33.459999084472656,0.0,76.27999877929688,True,True,100.0,0.0,76.85600280761719,True,True,51.939998626708984,0.0,75.75800323486328,True,True,51.31999969482422,0.0,82.70600128173828,True,True,39.77000045776367,0.0,74.15599822998047,True,True,33.20000076293945,4.730000019073486,78.31400299072266,True,True,49.310001373291016,3.950000047683716,76.15399932861328,True,True,58.540000915527344,0.0,75.86599731445312,True,True,38.369998931884766,0.0,75.37999725341797,True,True,46.88999938964844,0.0,77.16200256347656,True,True,48.290000915527344,0.0,74.71399688720703,True,True,59.470001220703125,-25.0,,,,41.55799865722656,210.0019989013672,41.93600082397461,144.0,36.0,
2021-08-27 20:00:00,,,,,38.540000915527344,0.0,76.40599822998047,True,True,100.0,0.0,76.51399993896484,True,True,47.18000030517578,0.0,75.79399871826172,True,True,52.18000030517578,0.0,81.84200286865234,True,True,38.630001068115234,0.0,74.19200134277344,True,True,45.83000183105469,0.0,77.66600036621094,True,True,47.900001525878906,3.259999990463257,75.66799926757812,True,True,59.93000030517578,0.0,75.75800323486328,True,True,37.75,0.0,75.37999725341797,True,True,39.290000915527344,2.440000057220459,77.14399719238281,True,True,46.939998626708984,0.0,73.94000244140625,True,True,59.40999984741211,-25.0,,,,41.88199996948242,210.0019989013672,42.242000579833984,152.0,38.0,
2021-08-27 20:15:00,,,,,39.13999938964844,0.0,76.26200103759766,True,True,100.0,0.0,76.6760025024414,True,True,47.9900016784668,0.0,75.7760009765625,True,True,53.91999816894531,0.0,81.6259994506836,True,True,43.540000915527344,0.0,74.15599822998047,True,True,45.90999984741211,0.0,77.05400085449219,True,True,48.2400016784668,0.9300000071525574,75.19999694824219,True,True,53.54999923706055,0.8299999833106995,75.75800323486328,True,True,38.75,0.0,75.30799865722656,True,True,43.45000076293945,0.0,77.03600311279297,True,True,46.59000015258789,0.0,73.4000015258789,True,True,59.439998626708984,-25.0,,,,44.4739990234375,210.0019989013672,44.41999816894531,144.0,36.0,
2021-08-27 20:30:00,,,,,43.41999816894531,0.0,76.62200164794922,True,True,100.0,0.0,76.49600219726562,True,True,52.029998779296875,0.0,75.88400268554688,True,True,56.68000030517578,0.0,81.21199798583984,True,True,38.97999954223633,0.0,74.15599822998047,True,True,48.56999969482422,0.0,76.53199768066406,True,True,46.52000045776367,0.5,74.6240005493164,True,True,56.459999084472656,0.0,75.81199645996094,True,True,34.5,0.0,75.32599639892578,True,True,39.75,1.2100000381469727,77.01799774169922,True,True,42.959999084472656,0.0,72.66200256347656,True,True,59.439998626708984,-25.0,,,,44.18600082397461,210.0019989013672,44.54600143432617,144.0,36.0,
2021-08-27 20:45:00,,,,,45.70000076293945,0.0,76.47799682617188,True,True,95.8499984741211,0.0,76.6760025024414,True,True,51.81999969482422,0.0,75.86599731445312,True,True,57.18000030517578,0.0,81.26599884033203,True,True,44.08000183105469,0.0,74.12000274658203,True,True,47.959999084472656,0.0,76.1719970703125,True,True,54.75,0.0,72.93199920654297,True,True,55.38999938964844,0.0,75.79399871826172,True,True,37.9900016784668,0.0,75.27200317382812,True,True,48.43000030517578,0.0,76.98200225830078,True,True,43.9900016784668,0.0,71.97799682617188,True,True,59.45000076293945,-25.0,,,,44.97800064086914,210.0019989013672,45.301998138427734,144.0,36.0,
2021-08-27 21:00:00,,,,,38.20000076293945,0.0,75.75800323486328,True,True,97.1500015258789,0.0,76.35199737548828,True,True,57.70000076293945,0.0,75.83000183105469,True,True,59.099998474121094,0.0,80.56400299072266,True,True,45.58000183105469,0.0,74.01200103759766,True,True,49.189998626708984,0.0,75.9020004272461,True,True,59.22999954223633,0.0,72.19400024414062,True,True,56.72999954223633,0.0,75.7760009765625,True,True,40.15999984741211,0.0,75.30799865722656,True,True,40.56999969482422,0.0,76.96399688720703,True,True,47.68000030517578,0.0,71.83399963378906,True,True,59.470001220703125,-25.0,,,,44.70800018310547,210.0019989013672,45.194000244140625,144.0,36.0,
2021-08-27 21:15:00,,,,,46.15999984741211,0.0,75.36199951171875,True,True,97.26000213623047,0.0,76.2979965209961,True,True,53.72999954223633,0.0,75.8479995727539,True,True,58.72999954223633,0.0,80.83399963378906,True,True,40.810001373291016,0.0,73.99400329589844,True,True,46.439998626708984,0.0,75.63200378417969,True,True,57.619998931884766,0.0,71.63600158691406,True,True,64.83000183105469,0.0,75.79399871826172,True,True,43.31999969482422,0.0,75.32599639892578,True,True,43.56999969482422,0.0,76.98200225830078,True,True,47.7400016784668,0.0,72.06800079345703,True,True,59.470001220703125,-25.0,,,,44.83399963378906,210.0019989013672,45.22999954223633,144.0,36.0,
2021-08-27 21:30:00,,,,,42.189998626708984,0.0,75.86599731445312,True,True,100.0,0.0,76.1719970703125,True,True,54.27000045776367,0.0,75.81199645996094,True,True,59.040000915527344,0.0,80.74400329589844,True,True,46.93000030517578,0.0,74.10199737548828,True,True,46.27000045776367,0.0,75.12799835205078,True,True,58.95000076293945,0.0,71.3479995727539,True,True,60.25,0.0,75.63200378417969,True,True,37.880001068115234,0.0,75.30799865722656,True,True,41.93000030517578,0.0,77.01799774169922,True,True,49.54999923706055,0.0,72.05000305175781,True,True,59.5,-25.0,,,,44.70800018310547,210.0019989013672,45.22999954223633,136.0,34.0,
2021-08-27 21:45:00,,,,,43.91999816894531,0.0,75.88400268554688,True,True,95.79000091552734,0.0,75.79399871826172,True,True,53.900001525878906,0.0,75.88400268554688,True,True,63.209999084472656,0.0,80.5999984741211,True,True,46.63999938964844,0.0,74.08399963378906,True,True,50.09000015258789,0.0,75.12799835205078,True,True,57.97999954223633,0.0,71.11399841308594,True,True,64.63999938964844,0.0,75.7760009765625,True,True,38.439998626708984,0.0,75.27200317382812,True,True,45.40999984741211,0.0,76.96399688720703,True,True,52.79999923706055,0.0,70.91600036621094,True,True,59.400001525878906,-25.0,,,,44.4379997253418,210.0019989013672,44.88800048828125,152.0,38.0,
2021-08-27 22:00:00,,,,,46.43000030517578,0.0,76.1719970703125,True,True,100.0,0.0,76.06400299072266,True,True,53.54999923706055,0.0,75.88400268554688,True,True,59.83000183105469,0.0,80.65399932861328,True,True,45.43000030517578,0.0,74.0479965209961,True,True,48.40999984741211,0.0,74.89399719238281,True,True,57.779998779296875,0.0,71.2040023803711,True,True,64.87000274658203,0.0,75.72200012207031,True,True,38.11000061035156,0.0,75.25399780273438,True,True,45.18000030517578,0.0,76.96399688720703,True,True,45.459999084472656,0.0,71.43800354003906,True,True,59.5,-25.0,,,,44.2760009765625,210.0019989013672,44.63600158691406,144.0,36.0,
2021-08-27 22:15:00,,,,,44.70000076293945,0.0,75.5780029296875,True,True,100.0,0.0,76.13600158691406,True,True,53.36000061035156,0.0,75.83000183105469,True,True,62.4900016784668,0.0,80.56400299072266,True,True,47.310001373291016,0.0,74.06600189208984,True,True,48.54999923706055,0.0,74.6240005493164,True,True,57.939998626708984,0.0,71.02400207519531,True,True,62.369998931884766,0.0,75.72200012207031,True,True,41.63999938964844,0.0,75.25399780273438,True,True,43.11000061035156,0.0,76.83799743652344,True,True,39.130001068115234,0.0,71.16799926757812,True,True,59.5099983215332,-25.0,,,,44.22200012207031,210.0019989013672,44.599998474121094,136.0,34.0,
2021-08-27 22:30:00,,,,,42.47999954223633,0.0,75.54199981689453,True,True,100.0,0.0,76.13600158691406,True,True,54.58000183105469,0.0,75.81199645996094,True,True,60.2599983215332,0.0,80.45600128173828,True,True,45.689998626708984,0.0,73.99400329589844,True,True,49.310001373291016,0.0,74.46199798583984,True,True,57.41999816894531,0.0,70.62799835205078,True,True,64.52999877929688,0.0,75.75800323486328,True,True,41.9900016784668,0.0,75.29000091552734,True,True,45.68000030517578,0.0,76.89199829101562,True,True,48.15999984741211,0.0,70.93399810791016,True,True,59.40999984741211,-25.0,,,,44.20399856567383,210.0019989013672,44.492000579833984,144.0,36.0,
2021-08-27 22:45:00,,,,,38.4900016784668,0.0,75.50599670410156,True,True,100.0,0.0,75.9020004272461,True,True,55.54999923706055,0.0,75.88400268554688,True,True,59.900001525878906,0.0,80.29399871826172,True,True,40.040000915527344,0.0,73.9219970703125,True,True,49.0,0.0,74.22799682617188,True,True,56.619998931884766,0.0,70.75399780273438,True,True,59.18000030517578,0.0,75.7040023803711,True,True,40.29999923706055,0.0,75.25399780273438,True,True,46.20000076293945,0.0,76.83799743652344,True,True,49.029998779296875,0.0,71.16799926757812,True,True,59.45000076293945,-24.989999771118164,,,,43.933998107910156,210.0019989013672,44.36600112915039,144.0,36.0,
2021-08-27 23:00:00,,,,,51.2400016784668,0.0,75.21800231933594,True,True,100.0,0.0,75.93800354003906,True,True,62.43000030517578,0.0,75.8479995727539,True,True,66.12999725341797,0.0,80.04199981689453,True,True,42.52000045776367,0.0,73.95800018310547,True,True,52.7400016784668,0.0,74.06600189208984,True,True,56.150001525878906,0.0,70.66400146484375,True,True,64.11000061035156,0.0,75.63200378417969,True,True,39.59000015258789,0.0,75.16400146484375,True,True,41.130001068115234,0.0,76.83799743652344,True,True,49.540000915527344,0.0,70.98799896240234,True,True,59.43000030517578,-25.0,,,,43.178001403808594,210.0019989013672,43.66400146484375,144.0,36.0,
2021-08-27 23:15:00,,,,,43.33000183105469,0.0,74.71399688720703,True,True,94.4000015258789,0.0,75.59600067138672,True,True,56.2599983215332,0.0,75.81199645996094,True,True,59.720001220703125,0.0,80.2760009765625,True,True,42.880001068115234,0.0,73.94000244140625,True,True,47.91999816894531,0.0,73.70600128173828,True,True,55.04999923706055,0.0,70.41200256347656,True,True,58.0099983215332,0.0,75.61399841308594,True,True,38.599998474121094,0.0,75.19999694824219,True,True,48.56999969482422,0.0,76.78399658203125,True,True,47.290000915527344,0.0,70.73600006103516,True,True,59.459999084472656,-24.989999771118164,,,,44.70800018310547,210.0019989013672,44.94200134277344,136.0,34.0,
2021-08-27 23:30:00,,,,,50.13999938964844,0.0,75.0199966430664,True,True,100.0,0.0,75.8479995727539,True,True,60.29999923706055,0.0,75.83000183105469,True,True,65.02999877929688,0.0,79.62799835205078,True,True,42.099998474121094,0.0,73.86799621582031,True,True,51.130001068115234,0.0,73.50800323486328,True,True,60.709999084472656,0.0,70.14199829101562,True,True,70.83000183105469,0.0,75.52400207519531,True,True,43.20000076293945,0.0,75.16400146484375,True,True,53.08000183105469,0.0,76.78399658203125,True,True,51.290000915527344,0.0,70.53800201416016,True,True,59.54999923706055,-25.0,,,,44.63600158691406,210.0019989013672,45.391998291015625,144.0,36.0,
2021-08-27 23:45:00,,,,,52.22999954223633,0.0,74.4800033569336,True,True,95.58000183105469,0.0,75.81199645996094,True,True,60.560001373291016,0.0,75.81199645996094,True,True,63.5,0.0,79.80799865722656,True,True,47.279998779296875,0.0,73.86799621582031,True,True,48.2599983215332,0.0,73.2020034790039,True,True,56.810001373291016,0.0,70.052001953125,True,True,69.18000030517578,0.0,75.75800323486328,True,True,39.290000915527344,0.0,75.14600372314453,True,True,40.95000076293945,0.0,76.74800109863281,True,True,45.52000045776367,0.0,69.36799621582031,True,True,59.439998626708984,-25.0,,,,45.986000061035156,210.0019989013672,46.327999114990234,144.0,36.0,
2021-08-28 00:00:00,,,,,49.790000915527344,0.0,73.76000213623047,True,True,100.0,0.0,75.7760009765625,True,True,66.83000183105469,0.0,75.81199645996094,True,True,74.61000061035156,0.0,79.69999694824219,True,True,48.279998779296875,0.0,73.86799621582031,True,True,55.04999923706055,0.0,72.84200286865234,True,True,62.7400016784668,0.0,69.3499984741211,True,True,68.63999938964844,0.0,75.41600036621094,True,True,41.95000076293945,0.0,75.19999694824219,True,True,44.810001373291016,0.0,76.74800109863281,True,True,41.369998931884766,0.0,69.94400024414062,True,True,59.470001220703125,-24.989999771118164,,,,45.78799819946289,210.0019989013672,46.310001373291016,136.0,34.0,
2021-08-28 00:15:00,,,,,44.099998474121094,0.0,73.97599792480469,True,True,100.0,0.0,75.7760009765625,True,True,60.81999969482422,0.0,75.81199645996094,True,True,66.20999908447266,0.0,79.33999633789062,True,True,44.470001220703125,0.0,73.86799621582031,True,True,51.310001373291016,0.0,72.5719985961914,True,True,58.880001068115234,0.0,69.2239990234375,True,True,73.87000274658203,0.0,75.59600067138672,True,True,42.310001373291016,0.0,75.0739974975586,True,True,46.779998779296875,0.0,76.71199798583984,True,True,49.470001220703125,0.0,69.78199768066406,True,True,59.40999984741211,-25.0,,,,44.85200119018555,210.0019989013672,45.26599884033203,144.0,36.0,
2021-08-28 00:30:00,,,,,53.7599983215332,0.0,73.7239990234375,True,True,97.44000244140625,0.0,75.7760009765625,True,True,65.0199966430664,0.0,75.79399871826172,True,True,71.6500015258789,0.0,79.89800262451172,True,True,47.75,0.0,73.7239990234375,True,True,53.04999923706055,0.0,72.19400024414062,True,True,63.66999816894531,0.0,69.0979995727539,True,True,76.08000183105469,0.0,75.66799926757812,True,True,44.43000030517578,0.0,75.11000061035156,True,True,54.34000015258789,0.0,76.6760025024414,True,True,41.7400016784668,0.0,69.52999877929688,True,True,59.40999984741211,-25.0,,,,44.18600082397461,210.0019989013672,44.689998626708984,144.0,36.0,
2021-08-28 00:45:00,,,,,52.7599983215332,0.0,73.07599639892578,True,True,94.0199966430664,0.0,75.7760009765625,True,True,58.939998626708984,0.0,75.75800323486328,True,True,64.06999969482422,0.0,79.71800231933594,True,True,41.90999984741211,0.0,73.70600128173828,True,True,49.2599983215332,0.0,72.39199829101562,True,True,59.88999938964844,0.0,69.04399871826172,True,True,83.61000061035156,0.0,75.61399841308594,True,True,40.529998779296875,0.0,75.12799835205078,True,True,44.689998626708984,0.0,76.60399627685547,True,True,49.40999984741211,0.0,69.63800048828125,True,True,59.4900016784668,-25.0,,,,45.194000244140625,210.0019989013672,45.698001861572266,136.0,34.0,
2021-08-28 01:00:00,,,,,50.150001525878906,0.0,72.6259994506836,True,True,100.0,0.0,75.7760009765625,True,True,60.08000183105469,0.0,75.7040023803711,True,True,65.16000366210938,0.0,79.19599914550781,True,True,47.63999938964844,0.0,73.74199676513672,True,True,55.20000076293945,0.0,72.21199798583984,True,True,59.970001220703125,0.0,69.20600128173828,True,True,84.7699966430664,0.0,75.48799896240234,True,True,40.20000076293945,0.0,75.05599975585938,True,True,50.41999816894531,0.0,76.60399627685547,True,True,47.40999984741211,0.0,69.3499984741211,True,True,59.5,-25.0,,,,46.27399826049805,210.0019989013672,46.6879997253418,144.0,36.0,
2021-08-28 01:15:00,,,,,53.689998626708984,0.0,72.96800231933594,True,True,100.0,0.0,75.81199645996094,True,True,59.79999923706055,0.0,75.72200012207031,True,True,69.75,0.0,79.14199829101562,True,True,47.77000045776367,0.0,73.63400268554688,True,True,49.83000183105469,0.0,72.03199768066406,True,True,57.150001525878906,0.0,68.86399841308594,True,True,82.2699966430664,0.0,75.4520034790039,True,True,40.720001220703125,0.0,75.0739974975586,True,True,44.75,0.0,76.58599853515625,True,True,45.43000030517578,0.0,69.40399932861328,True,True,59.43000030517578,-24.959999084472656,,,,45.26599884033203,210.0019989013672,45.698001861572266,136.0,34.0,
2021-08-28 01:30:00,,,,,49.95000076293945,0.0,73.25599670410156,True,True,100.0,0.0,75.75800323486328,True,True,59.61000061035156,0.0,75.63200378417969,True,True,66.12999725341797,0.0,79.28600311279297,True,True,42.84000015258789,0.0,73.6520004272461,True,True,49.209999084472656,0.0,72.08599853515625,True,True,60.040000915527344,0.0,68.91799926757812,True,True,84.04000091552734,0.0,75.4520034790039,True,True,40.83000183105469,0.0,74.98400115966797,True,True,44.880001068115234,0.0,76.49600219726562,True,True,50.66999816894531,0.0,69.2959976196289,True,True,59.529998779296875,-25.0,,,,47.10200119018555,210.0019989013672,47.444000244140625,144.0,36.0,
2021-08-28 01:45:00,,,,,62.599998474121094,0.0,74.15599822998047,True,True,97.94999694824219,0.0,75.8479995727539,True,True,59.849998474121094,0.0,75.7040023803711,True,True,71.66000366210938,0.0,79.28600311279297,True,True,40.72999954223633,0.0,73.54399871826172,True,True,50.45000076293945,0.0,71.76200103759766,True,True,61.91999816894531,0.0,68.73799896240234,True,True,82.63999938964844,0.0,75.4520034790039,True,True,43.900001525878906,0.0,74.947998046875,True,True,48.63999938964844,0.0,76.44200134277344,True,True,48.540000915527344,0.0,68.9540023803711,True,True,59.45000076293945,-25.0,,,,45.481998443603516,210.0019989013672,45.895999908447266,144.0,36.0,
2021-08-28 02:00:00,,,,,52.88999938964844,0.0,73.6520004272461,True,True,97.75,0.0,75.75800323486328,True,True,58.869998931884766,0.0,75.66799926757812,True,True,66.4000015258789,0.0,78.94400024414062,True,True,45.790000915527344,0.0,73.58000183105469,True,True,46.70000076293945,0.0,71.56400299072266,True,True,60.150001525878906,0.0,68.68399810791016,True,True,85.2699966430664,0.0,75.43399810791016,True,True,39.9900016784668,0.0,74.947998046875,True,True,48.540000915527344,0.0,76.42400360107422,True,True,45.959999084472656,0.0,68.9540023803711,True,True,59.5099983215332,-24.950000762939453,,,,45.44599914550781,210.0019989013672,45.82400131225586,136.0,34.0,
2021-08-28 02:15:00,,,,,48.7599983215332,0.0,73.4540023803711,True,True,100.0,0.0,75.59600067138672,True,True,60.04999923706055,0.0,75.63200378417969,True,True,66.62000274658203,0.0,78.65599822998047,True,True,43.75,0.0,73.4540023803711,True,True,46.220001220703125,0.0,71.29399871826172,True,True,65.31999969482422,0.0,68.3239974975586,True,True,82.30000305175781,0.0,75.43399810791016,True,True,42.15999984741211,0.0,74.89399719238281,True,True,44.880001068115234,0.0,76.38800048828125,True,True,50.0,0.0,68.93599700927734,True,True,59.5,-25.0,,,,46.90399932861328,210.0019989013672,47.04800033569336,144.0,36.0,
2021-08-28 02:30:00,,,,,49.22999954223633,0.0,72.87799835205078,True,True,98.06999969482422,0.0,75.7760009765625,True,True,62.79999923706055,0.0,75.73999786376953,True,True,67.79000091552734,0.0,79.1240005493164,True,True,46.459999084472656,0.0,73.50800323486328,True,True,46.43000030517578,0.0,71.2040023803711,True,True,58.810001373291016,0.0,67.91000366210938,True,True,87.72000122070312,0.0,75.34400177001953,True,True,39.65999984741211,0.0,74.8759994506836,True,True,47.09000015258789,0.0,76.38800048828125,True,True,44.619998931884766,0.0,68.37799835205078,True,True,59.4900016784668,-24.969999313354492,,,,45.301998138427734,210.0019989013672,45.75199890136719,136.0,34.0,
2021-08-28 02:45:00,,,,,50.380001068115234,0.0,71.85199737548828,True,True,96.56999969482422,0.0,75.7760009765625,True,True,62.220001220703125,0.0,75.7040023803711,True,True,65.91000366210938,0.0,79.14199829101562,True,True,45.689998626708984,0.0,73.50800323486328,True,True,45.45000076293945,0.0,71.2040023803711,True,True,59.88999938964844,0.0,67.8740005493164,True,True,83.38999938964844,0.0,75.19999694824219,True,True,42.81999969482422,0.0,74.80400085449219,True,True,49.97999954223633,0.0,76.26200103759766,True,True,45.720001220703125,0.0,68.39600372314453,True,True,59.439998626708984,-24.989999771118164,,,,45.374000549316406,210.0019989013672,45.805999755859375,144.0,36.0,
2021-08-28 03:00:00,,,,,47.20000076293945,0.0,71.7979965209961,True,True,100.0,0.0,75.63200378417969,True,True,63.150001525878906,0.0,75.7040023803711,True,True,65.05000305175781,0.0,79.33999633789062,True,True,47.540000915527344,0.0,73.4000015258789,True,True,49.689998626708984,0.0,70.447998046875,True,True,62.150001525878906,0.0,67.63999938964844,True,True,90.75,0.0,75.30799865722656,True,True,44.099998474121094,0.0,74.8219985961914,True,True,43.66999816894531,0.0,76.24400329589844,True,True,51.04999923706055,0.0,68.25199890136719,True,True,59.5,-25.0,,,,46.939998626708984,210.0019989013672,47.28200149536133,136.0,34.0,
2021-08-28 03:15:00,,,,,49.400001525878906,0.0,72.80599975585938,True,True,100.0,0.0,75.63200378417969,True,True,63.119998931884766,0.0,75.68599700927734,True,True,69.36000061035156,0.0,78.67400360107422,True,True,50.650001525878906,0.0,73.43599700927734,True,True,53.900001525878906,0.0,70.75399780273438,True,True,59.33000183105469,0.0,67.60399627685547,True,True,90.0999984741211,0.0,75.37999725341797,True,True,41.369998931884766,0.0,74.80400085449219,True,True,46.38999938964844,0.0,76.24400329589844,True,True,48.880001068115234,0.0,68.2699966430664,True,True,59.4900016784668,-25.0,,,,45.15800094604492,210.0019989013672,45.608001708984375,144.0,36.0,
2021-08-28 03:30:00,,,,,53.61000061035156,0.0,73.36399841308594,True,True,100.0,0.0,75.7760009765625,True,True,61.810001373291016,0.0,75.75800323486328,True,True,64.56999969482422,0.0,79.30400085449219,True,True,47.5099983215332,0.0,73.4000015258789,True,True,50.060001373291016,0.0,70.77200317382812,True,True,58.790000915527344,0.0,67.58599853515625,True,True,82.26000213623047,0.0,75.25399780273438,True,True,40.59000015258789,0.0,74.8759994506836,True,True,48.869998931884766,0.0,76.26200103759766,True,True,47.56999969482422,0.0,68.1259994506836,True,True,59.4900016784668,-25.0,,,,45.17599868774414,210.0019989013672,45.5359992980957,136.0,34.0,
2021-08-28 03:45:00,,,,,56.45000076293945,0.0,73.25599670410156,True,True,100.0,0.0,75.54199981689453,True,True,61.0,0.0,75.6500015258789,True,True,63.93000030517578,0.0,78.11599731445312,True,True,45.75,0.0,73.34600067138672,True,True,49.40999984741211,0.0,70.447998046875,True,True,63.439998626708984,0.0,67.96399688720703,True,True,94.30000305175781,0.0,75.19999694824219,True,True,42.869998931884766,0.0,74.83999633789062,True,True,47.439998626708984,0.0,76.24400329589844,True,True,51.599998474121094,0.0,68.1259994506836,True,True,59.5099983215332,-24.959999084472656,,,,45.03200149536133,210.0019989013672,45.44599914550781,144.0,36.0,
2021-08-28 04:00:00,,,,,48.22999954223633,0.0,72.35600280761719,True,True,99.48999786376953,0.0,75.36199951171875,True,True,60.7400016784668,0.0,75.59600067138672,True,True,66.4800033569336,0.0,77.93599700927734,True,True,28.81999969482422,3.7100000381469727,73.18399810791016,True,True,49.470001220703125,0.0,70.28600311279297,True,True,57.709999084472656,0.0,67.27999877929688,True,True,90.69000244140625,0.0,75.25399780273438,True,True,39.380001068115234,0.0,74.85800170898438,True,True,51.119998931884766,0.0,76.24400329589844,True,True,49.83000183105469,0.0,67.802001953125,True,True,59.45000076293945,-24.989999771118164,,,,44.88800048828125,210.0019989013672,45.35599899291992,136.0,34.0,
2021-08-28 04:15:00,,,,,47.189998626708984,0.0,72.26599884033203,True,True,100.0,0.0,75.41600036621094,True,True,59.47999954223633,0.0,75.5780029296875,True,True,63.33000183105469,0.0,77.93599700927734,True,True,40.91999816894531,0.0,73.07599639892578,True,True,49.040000915527344,0.0,70.19599914550781,True,True,57.29999923706055,0.0,67.06400299072266,True,True,86.75,0.0,75.27200317382812,True,True,39.810001373291016,0.0,74.80400085449219,True,True,48.310001373291016,0.0,76.22599792480469,True,True,44.880001068115234,0.0,67.71199798583984,True,True,59.38999938964844,-24.969999313354492,,,,44.762001037597656,210.0019989013672,45.194000244140625,144.0,36.0,
2021-08-28 04:30:00,,,,,44.84000015258789,0.0,71.88800048828125,True,True,100.0,0.0,75.19999694824219,True,True,58.84000015258789,0.0,75.5780029296875,True,True,62.7400016784668,0.0,77.79199981689453,True,True,40.33000183105469,0.0,73.3280029296875,True,True,48.849998474121094,0.0,70.052001953125,True,True,56.77000045776367,0.0,66.48799896240234,True,True,83.27999877929688,0.0,75.18199920654297,True,True,40.65999984741211,0.0,74.73200225830078,True,True,45.83000183105469,0.0,76.11799621582031,True,True,47.04999923706055,0.0,67.0459976196289,True,True,59.40999984741211,-25.0,,,,45.12200164794922,210.0019989013672,45.481998443603516,136.0,34.0,
2021-08-28 04:45:00,,,,,56.310001373291016,0.0,72.697998046875,True,True,100.0,0.0,75.23600006103516,True,True,67.2699966430664,0.0,75.54199981689453,True,True,69.20999908447266,0.0,77.3239974975586,True,True,49.560001373291016,0.0,73.14800262451172,True,True,55.83000183105469,0.0,67.83799743652344,True,True,56.310001373291016,0.0,66.52400207519531,True,True,86.77999877929688,0.0,75.14600372314453,True,True,40.2599983215332,0.0,74.73200225830078,True,True,49.209999084472656,0.0,76.06400299072266,True,True,49.4900016784668,0.0,66.86599731445312,True,True,59.56999969482422,-25.0,,,,49.72999954223633,210.0019989013672,50.34199905395508,283.3548278808594,42.0,
2021-08-28 05:00:00,,,,,47.91999816894531,0.0,72.3740005493164,True,True,96.70999908447266,0.0,75.21800231933594,True,True,64.58000183105469,0.0,75.50599670410156,True,True,73.05000305175781,0.0,77.75599670410156,True,True,45.470001220703125,0.0,73.2020034790039,True,True,54.27000045776367,0.0,67.26200103759766,True,True,58.52000045776367,0.0,66.30799865722656,True,True,87.80999755859375,0.0,75.03800201416016,True,True,39.70000076293945,0.0,74.6780014038086,True,True,43.310001373291016,0.0,76.0459976196289,True,True,49.34000015258789,0.0,66.63200378417969,True,True,59.439998626708984,-25.0,,,,46.29199981689453,210.0019989013672,46.97600173950195,135.30201721191406,28.0,
2021-08-28 05:15:00,,,,,54.650001525878906,0.0,71.58200073242188,True,True,99.0999984741211,0.0,75.41600036621094,True,True,63.150001525878906,0.0,75.55999755859375,True,True,67.51000213623047,0.0,77.68399810791016,True,True,41.650001525878906,0.0,73.18399810791016,True,True,51.290000915527344,0.0,67.06400299072266,True,True,57.16999816894531,0.0,65.89399719238281,True,True,88.66999816894531,0.0,75.03800201416016,True,True,36.84000015258789,0.0,74.6240005493164,True,True,49.04999923706055,0.0,75.91999816894531,True,True,44.939998626708984,0.0,66.39800262451172,True,True,59.470001220703125,-25.0,,,,45.73400115966797,210.0019989013672,46.27399826049805,136.0,34.0,
2021-08-28 05:30:00,,,,,49.88999938964844,0.0,71.36599731445312,True,True,100.0,0.0,75.11000061035156,True,True,62.75,0.0,75.52400207519531,True,True,65.41999816894531,0.0,77.75599670410156,True,True,53.66999816894531,0.0,72.96800231933594,True,True,50.79999923706055,0.0,66.9739990234375,True,True,64.76000213623047,0.0,65.96600341796875,True,True,96.12999725341797,0.0,75.05599975585938,True,True,41.369998931884766,0.0,74.6240005493164,True,True,52.560001373291016,0.0,75.88400268554688,True,True,49.27000045776367,0.0,66.39800262451172,True,True,59.439998626708984,-25.0,,,,45.194000244140625,210.0019989013672,45.571998596191406,144.0,36.0,
2021-08-28 05:45:00,,,,,54.7400016784668,0.0,71.16799926757812,True,True,100.0,0.0,75.30799865722656,True,True,62.68000030517578,0.0,75.5780029296875,True,True,64.76000213623047,0.0,78.2239990234375,True,True,46.11000061035156,0.0,72.91400146484375,True,True,50.91999816894531,0.0,67.2979965209961,True,True,59.7400016784668,0.0,66.12799835205078,True,True,100.0,0.0,75.05599975585938,True,True,39.189998626708984,0.0,74.58799743652344,True,True,54.11000061035156,0.0,75.86599731445312,True,True,49.470001220703125,0.0,65.96600341796875,True,True,59.470001220703125,-25.0,,,,45.284000396728516,210.0019989013672,45.698001861572266,144.0,36.0,
2021-08-28 06:00:00,,,,,49.52000045776367,0.0,71.61799621582031,True,True,100.0,0.0,75.27200317382812,True,True,63.16999816894531,0.0,75.5780029296875,True,True,64.44999694824219,0.0,77.72000122070312,True,True,44.599998474121094,0.0,73.00399780273438,True,True,51.0099983215332,0.0,66.95600128173828,True,True,57.86000061035156,0.0,66.4520034790039,True,True,96.33999633789062,0.0,74.98400115966797,True,True,40.61000061035156,0.0,74.552001953125,True,True,49.209999084472656,0.0,75.8479995727539,True,True,49.720001220703125,0.0,66.50599670410156,True,True,59.5,-24.969999313354492,,,,44.94200134277344,210.0019989013672,45.284000396728516,136.0,34.0,
2021-08-28 06:15:00,,,,,50.040000915527344,0.0,71.99600219726562,True,True,99.73999786376953,0.0,75.21800231933594,True,True,62.63999938964844,0.0,75.59600067138672,True,True,63.81999969482422,0.0,78.0979995727539,True,True,44.79999923706055,0.0,73.04000091552734,True,True,49.88999938964844,0.0,66.54199981689453,True,True,56.86000061035156,0.0,66.29000091552734,True,True,94.88999938964844,0.0,75.21800231933594,True,True,41.279998779296875,0.0,74.6240005493164,True,True,47.310001373291016,0.0,75.86599731445312,True,True,46.939998626708984,0.0,66.32599639892578,True,True,59.5099983215332,-25.0,,,,44.88800048828125,210.0019989013672,45.374000549316406,144.0,36.0,
2021-08-28 06:30:00,,,,,44.93000030517578,0.0,72.44599914550781,True,True,97.5,0.0,75.27200317382812,True,True,61.90999984741211,0.0,75.54199981689453,True,True,63.11000061035156,0.0,78.18800354003906,True,True,40.2599983215332,0.0,72.89600372314453,True,True,50.58000183105469,0.0,66.95600128173828,True,True,57.02000045776367,0.0,66.34400177001953,True,True,91.5999984741211,0.0,74.89399719238281,True,True,39.560001373291016,0.0,74.6240005493164,True,True,43.189998626708984,0.0,75.93800354003906,True,True,47.970001220703125,0.0,65.96600341796875,True,True,59.459999084472656,-24.959999084472656,,,,44.672000885009766,210.0019989013672,45.06800079345703,136.0,34.0,
2021-08-28 06:45:00,,,,,49.81999969482422,0.0,72.24800109863281,True,True,100.0,0.0,75.05599975585938,True,True,62.880001068115234,0.0,75.50599670410156,True,True,65.97000122070312,0.0,78.2959976196289,True,True,41.02000045776367,0.0,72.94999694824219,True,True,49.91999816894531,0.0,66.72200012207031,True,True,56.97999954223633,0.0,66.0739974975586,True,True,95.80000305175781,0.0,74.76799774169922,True,True,39.18000030517578,0.0,74.552001953125,True,True,48.060001373291016,0.0,75.93800354003906,True,True,46.66999816894531,0.0,66.55999755859375,True,True,59.439998626708984,-24.969999313354492,,,,44.599998474121094,210.0019989013672,45.04999923706055,144.0,36.0,
2021-08-28 07:00:00,,,,,50.90999984741211,0.0,72.78800201416016,True,True,100.0,0.0,75.21800231933594,True,True,62.150001525878906,0.0,75.48799896240234,True,True,62.029998779296875,0.0,77.9540023803711,True,True,42.630001068115234,0.0,73.02200317382812,True,True,49.15999984741211,0.0,66.79399871826172,True,True,56.779998779296875,0.0,66.27200317382812,True,True,93.80000305175781,0.0,74.78600311279297,True,True,39.9900016784668,0.0,74.58799743652344,True,True,45.52000045776367,0.0,75.91999816894531,True,True,46.90999984741211,0.0,66.39800262451172,True,True,59.43000030517578,-24.989999771118164,,,,45.96799850463867,210.0019989013672,47.04800033569336,136.0,34.0,
2021-08-28 07:15:00,,,,,43.15999984741211,0.0,72.44599914550781,True,True,100.0,0.0,75.43399810791016,True,True,55.779998779296875,0.0,75.55999755859375,True,True,58.630001068115234,0.0,78.60199737548828,True,True,40.720001220703125,0.0,73.00399780273438,True,True,48.060001373291016,0.0,67.31600189208984,True,True,55.0099983215332,0.0,66.12799835205078,True,True,94.66999816894531,0.0,74.78600311279297,True,True,38.810001373291016,0.0,74.552001953125,True,True,43.22999954223633,0.0,75.88400268554688,True,True,43.599998474121094,0.0,66.54199981689453,True,True,59.5,-25.0,,,,43.71799850463867,210.0019989013672,43.268001556396484,144.0,36.0,
2021-08-28 07:30:00,,,,,45.810001373291016,0.0,72.60800170898438,True,True,100.0,0.0,75.27200317382812,True,True,56.86000061035156,0.0,75.4520034790039,True,True,59.59000015258789,0.0,78.72799682617188,True,True,38.45000076293945,0.0,73.09400177001953,True,True,48.959999084472656,0.0,67.49600219726562,True,True,56.970001220703125,0.0,65.60600280761719,True,True,96.51000213623047,0.0,75.0199966430664,True,True,39.66999816894531,0.0,74.58799743652344,True,True,46.709999084472656,0.0,75.79399871826172,True,True,44.27000045776367,0.0,66.39800262451172,True,True,59.439998626708984,-24.969999313354492,,,,42.88999938964844,210.0019989013672,43.4119987487793,136.0,34.0,
2021-08-28 07:45:00,,,,,49.040000915527344,0.0,73.90399932861328,True,True,100.0,0.0,75.32599639892578,True,True,59.38999938964844,0.0,75.4520034790039,True,True,60.79999923706055,0.0,78.36799621582031,True,True,44.720001220703125,0.0,73.18399810791016,True,True,47.220001220703125,0.0,67.71199798583984,True,True,55.84000015258789,0.0,65.93000030517578,True,True,95.81999969482422,0.0,75.05599975585938,True,True,39.63999938964844,0.0,74.552001953125,True,True,45.970001220703125,0.0,75.75800323486328,True,True,49.15999984741211,0.0,66.68599700927734,True,True,59.43000030517578,-25.0,,,,44.00600051879883,210.0019989013672,44.99599838256836,144.0,36.0,
2021-08-28 08:00:00,,,,,37.79999923706055,0.0,74.8759994506836,True,True,100.0,0.0,75.43399810791016,True,True,58.040000915527344,0.0,75.48799896240234,True,True,59.2599983215332,0.0,78.44000244140625,True,True,43.56999969482422,0.0,73.2020034790039,True,True,48.470001220703125,0.0,67.96399688720703,True,True,56.61000061035156,0.0,65.89399719238281,True,True,88.2300033569336,0.0,75.03800201416016,True,True,39.16999816894531,0.0,74.552001953125,True,True,40.86000061035156,0.0,75.75800323486328,True,True,45.91999816894531,0.0,65.85800170898438,True,True,59.4900016784668,-24.989999771118164,,,,41.45000076293945,210.0019989013672,42.007999420166016,136.0,34.0,
2021-08-28 08:15:00,,,,,42.130001068115234,0.0,75.16400146484375,True,True,100.0,0.0,75.41600036621094,True,True,55.790000915527344,0.0,75.4520034790039,True,True,55.7400016784668,0.0,78.18800354003906,True,True,36.939998626708984,0.0,73.09400177001953,True,True,49.779998779296875,0.0,68.03600311279297,True,True,53.349998474121094,0.0,66.03800201416016,True,True,83.62999725341797,0.0,75.00199890136719,True,True,38.18000030517578,0.0,74.4800033569336,True,True,43.75,0.0,75.72200012207031,True,True,41.81999969482422,0.0,66.88400268554688,True,True,59.5099983215332,-25.0,,,,42.96200180053711,210.0019989013672,43.59199905395508,144.0,36.0,
2021-08-28 08:30:00,,,,,44.900001525878906,0.0,75.68599700927734,True,True,100.0,0.0,75.59600067138672,True,True,53.189998626708984,0.0,75.4520034790039,True,True,55.279998779296875,0.0,80.09600067138672,True,True,37.63999938964844,0.0,73.34600067138672,True,True,51.900001525878906,0.0,69.0979995727539,True,True,55.61000061035156,0.0,66.23600006103516,True,True,89.55000305175781,0.0,75.18199920654297,True,True,43.25,0.0,74.56999969482422,True,True,47.650001525878906,0.0,75.7040023803711,True,True,44.52000045776367,0.0,66.73999786376953,True,True,59.45000076293945,-24.989999771118164,,,,41.50400161743164,210.0019989013672,41.88199996948242,136.0,34.0,
2021-08-28 08:45:00,,,,,37.79999923706055,0.0,75.50599670410156,True,True,100.0,0.0,75.63200378417969,True,True,50.43000030517578,0.0,75.4520034790039,True,True,53.04999923706055,0.0,79.73600006103516,True,True,37.400001525878906,0.0,73.4000015258789,True,True,52.65999984741211,0.0,69.2959976196289,True,True,51.45000076293945,0.0,66.36199951171875,True,True,80.01000213623047,0.0,75.21800231933594,True,True,36.439998626708984,0.0,74.56999969482422,True,True,41.06999969482422,0.0,75.79399871826172,True,True,44.08000183105469,0.0,67.27999877929688,True,True,59.5099983215332,-24.969999313354492,,,,41.395999908447266,210.0019989013672,41.77399826049805,136.0,34.0,
2021-08-28 09:00:00,,,,,38.61000061035156,0.0,75.30799865722656,True,True,100.0,0.0,75.66799926757812,True,True,60.18000030517578,0.0,75.4520034790039,True,True,60.869998931884766,0.0,79.91600036621094,True,True,42.66999816894531,0.0,73.41799926757812,True,True,55.810001373291016,0.0,70.66400146484375,True,True,55.209999084472656,0.0,66.9739990234375,True,True,75.18000030517578,0.0,75.21800231933594,True,True,39.25,0.0,74.552001953125,True,True,45.61000061035156,0.0,75.7040023803711,True,True,44.119998931884766,0.0,67.98200225830078,True,True,59.4900016784668,-24.969999313354492,,,,42.2239990234375,210.0019989013672,42.47600173950195,144.0,36.0,
2021-08-28 09:15:00,,,,,40.0,0.0,75.72200012207031,True,True,100.0,0.0,75.93800354003906,True,True,56.849998474121094,0.0,75.52400207519531,True,True,57.75,0.0,80.77999877929688,True,True,43.189998626708984,0.0,73.36399841308594,True,True,53.34000015258789,0.0,72.84200286865234,True,True,50.97999954223633,0.0,67.20800018310547,True,True,73.66999816894531,0.0,75.18199920654297,True,True,34.91999816894531,0.0,74.51599884033203,True,True,42.04999923706055,0.0,75.75800323486328,True,True,43.79999923706055,0.0,67.56800079345703,True,True,59.459999084472656,-25.0,,,,43.034000396728516,210.0019989013672,43.448001861572266,136.0,34.0,
2021-08-28 09:30:00,,,,,38.369998931884766,0.0,75.88400268554688,True,True,100.0,0.0,76.38800048828125,True,True,56.04999923706055,0.0,75.48799896240234,True,True,58.75,0.0,81.12200164794922,True,True,42.63999938964844,0.0,73.58000183105469,True,True,55.63999938964844,0.0,73.56199645996094,True,True,54.5,0.0,68.01799774169922,True,True,75.61000061035156,0.0,75.27200317382812,True,True,39.79999923706055,0.0,74.552001953125,True,True,49.33000183105469,0.0,75.81199645996094,True,True,44.38999938964844,0.0,68.48600006103516,True,True,59.459999084472656,-25.0,,,,48.487998962402344,210.0019989013672,47.56999969482422,144.0,36.0,
2021-08-28 09:45:00,,,,,45.0,0.0,76.40599822998047,True,True,100.0,0.0,76.1719970703125,True,True,64.56999969482422,0.0,75.54199981689453,True,True,73.9800033569336,0.0,81.84200286865234,True,True,41.599998474121094,0.0,73.68800354003906,True,True,62.13999938964844,0.0,75.72200012207031,True,True,56.22999954223633,0.0,68.73799896240234,True,True,78.8499984741211,0.0,75.43399810791016,True,True,39.93000030517578,0.0,74.6780014038086,True,True,50.0099983215332,0.0,75.99199676513672,True,True,42.720001220703125,0.0,69.2239990234375,True,True,59.5,-25.0,,,,47.42599868774414,210.0019989013672,47.7140007019043,144.0,36.0,
2021-08-28 10:00:00,,,,,47.459999084472656,0.0,76.24400329589844,True,True,100.0,0.0,76.31600189208984,True,True,63.79999923706055,0.0,75.55999755859375,True,True,67.47000122070312,0.0,82.29199981689453,True,True,44.380001068115234,0.0,73.68800354003906,True,True,63.31999969482422,0.0,76.9280014038086,True,True,56.029998779296875,0.0,69.9260025024414,True,True,82.23999786376953,0.0,75.52400207519531,True,True,38.5,0.0,74.69599914550781,True,True,40.5099983215332,0.0,75.99199676513672,True,True,43.119998931884766,0.0,70.26799774169922,True,True,59.400001525878906,-24.969999313354492,,,,47.40800094604492,210.0019989013672,47.731998443603516,136.0,34.0,
2021-08-28 10:15:00,,,,,47.20000076293945,0.0,76.44200134277344,True,True,96.58999633789062,0.0,76.49600219726562,True,True,62.68000030517578,0.0,75.5780029296875,True,True,68.54000091552734,0.0,82.88600158691406,True,True,40.869998931884766,0.0,73.74199676513672,True,True,61.369998931884766,0.0,78.5479965209961,True,True,65.2699966430664,0.0,71.74400329589844,True,True,84.86000061035156,0.0,75.36199951171875,True,True,43.27000045776367,0.0,74.80400085449219,True,True,45.33000183105469,0.0,76.0459976196289,True,True,49.209999084472656,0.0,72.24800109863281,True,True,59.43000030517578,-25.0,,,,46.417999267578125,210.0019989013672,46.939998626708984,144.0,36.0,
2021-08-28 10:30:00,,,,,49.4900016784668,0.0,77.52200317382812,True,True,94.54000091552734,0.0,76.58599853515625,True,True,59.79999923706055,0.0,75.54199981689453,True,True,68.2300033569336,0.0,83.64199829101562,True,True,45.70000076293945,0.0,73.77799987792969,True,True,53.9900016784668,0.0,80.94200134277344,True,True,62.900001525878906,0.0,73.14800262451172,True,True,88.27999877929688,0.0,75.55999755859375,True,True,43.5,0.0,74.8219985961914,True,True,52.290000915527344,0.0,76.1719970703125,True,True,50.04999923706055,0.0,73.50800323486328,True,True,59.439998626708984,-24.989999771118164,,,,46.4900016784668,210.0019989013672,46.86800003051758,136.0,34.0,
2021-08-28 10:45:00,,,,,46.869998931884766,0.0,77.84600067138672,True,True,100.0,0.0,76.51399993896484,True,True,62.2400016784668,0.0,75.50599670410156,True,True,74.8499984741211,0.0,84.9739990234375,True,True,45.599998474121094,0.0,73.81400299072266,True,True,54.36000061035156,0.0,82.12999725341797,True,True,64.87999725341797,0.0,74.44400024414062,True,True,90.9800033569336,0.0,75.81199645996094,True,True,46.41999816894531,0.0,74.8759994506836,True,True,46.810001373291016,0.0,76.1719970703125,True,True,57.790000915527344,0.0,74.76799774169922,True,True,59.45000076293945,-24.969999313354492,,,,46.4900016784668,210.0019989013672,46.90399932861328,144.0,36.0,
2021-08-28 11:00:00,,,,,45.65999984741211,0.0,78.18800354003906,True,True,95.30000305175781,0.0,76.51399993896484,True,True,66.08000183105469,0.0,75.54199981689453,True,True,77.11000061035156,0.0,85.2979965209961,True,True,47.0099983215332,0.0,73.86799621582031,True,True,51.18000030517578,0.0,83.22799682617188,True,True,63.31999969482422,0.0,75.72200012207031,True,True,92.0199966430664,0.0,75.7040023803711,True,True,39.97999954223633,0.0,74.85800170898438,True,True,46.90999984741211,0.0,76.1719970703125,True,True,46.810001373291016,0.0,76.06400299072266,True,True,59.5099983215332,-24.969999313354492,,,,44.70800018310547,210.0019989013672,45.75199890136719,144.0,36.0,
2021-08-28 11:15:00,,,,,41.349998474121094,0.0,78.45800018310547,True,True,95.16999816894531,0.0,76.31600189208984,True,True,54.849998474121094,0.0,75.59600067138672,True,True,70.33999633789062,0.0,85.42400360107422,True,True,41.06999969482422,0.0,73.83200073242188,True,True,49.75,0.0,82.95800018310547,True,True,61.38999938964844,0.0,76.98200225830078,True,True,91.91999816894531,0.0,75.63200378417969,True,True,46.040000915527344,0.0,74.83999633789062,True,True,45.72999954223633,0.0,76.13600158691406,True,True,51.060001373291016,0.0,77.0719985961914,True,True,59.4900016784668,-24.969999313354492,,,,43.034000396728516,210.0019989013672,43.358001708984375,136.0,34.0,
2021-08-28 11:30:00,,,,,41.86000061035156,0.0,78.24199676513672,True,True,99.68000030517578,0.0,76.13600158691406,True,True,54.810001373291016,0.0,75.59600067138672,True,True,67.94000244140625,0.0,85.51399993896484,True,True,45.290000915527344,0.0,73.9219970703125,True,True,47.209999084472656,0.0,83.31800079345703,True,True,66.27999877929688,0.0,77.7020034790039,True,True,92.69999694824219,0.0,75.73999786376953,True,True,42.5,0.0,74.8219985961914,True,True,51.349998474121094,0.0,76.1719970703125,True,True,48.099998474121094,0.0,77.79199981689453,True,True,59.4900016784668,-25.0,,,,44.02399826049805,210.0019989013672,44.347999572753906,144.0,36.0,
2021-08-28 11:45:00,,,,,47.150001525878906,0.0,77.55799865722656,True,True,100.0,0.0,76.47799682617188,True,True,55.79999923706055,0.0,75.59600067138672,True,True,72.87000274658203,0.0,85.76599884033203,True,True,40.70000076293945,0.0,73.83200073242188,True,True,48.11000061035156,0.0,83.6780014038086,True,True,60.65999984741211,0.0,78.33200073242188,True,True,95.11000061035156,0.0,75.79399871826172,True,True,38.34000015258789,0.0,74.93000030517578,True,True,44.15999984741211,0.0,76.1719970703125,True,True,48.209999084472656,0.0,78.31400299072266,True,True,59.470001220703125,-24.989999771118164,,,,45.571998596191406,210.0019989013672,45.84199905395508,144.0,36.0,
2021-08-28 12:00:00,,,,,47.90999984741211,0.0,78.33200073242188,True,True,99.58000183105469,0.0,76.13600158691406,True,True,61.72999954223633,0.0,75.66799926757812,True,True,81.19000244140625,0.0,86.68399810791016,True,True,43.91999816894531,0.0,73.9219970703125,True,True,51.439998626708984,0.0,85.13600158691406,True,True,62.36000061035156,0.0,77.72000122070312,True,True,88.5,0.0,75.6500015258789,True,True,43.25,0.0,74.83999633789062,True,True,46.13999938964844,0.0,76.1719970703125,True,True,53.06999969482422,1.0099999904632568,77.59400177001953,True,True,59.439998626708984,-24.969999313354492,,,,45.4640007019043,210.0019989013672,46.4900016784668,144.0,36.0,
2021-08-28 12:15:00,,,,,52.61000061035156,0.0,77.61199951171875,True,True,97.62999725341797,0.0,76.33399963378906,True,True,64.04000091552734,0.0,75.73999786376953,True,True,83.33000183105469,0.0,87.00800323486328,True,True,49.029998779296875,0.0,74.01200103759766,True,True,55.04999923706055,0.0,84.61399841308594,True,True,63.61000061035156,0.0,78.20600128173828,True,True,84.27999877929688,0.0,75.68599700927734,True,True,36.13999938964844,0.0,74.83999633789062,True,True,48.5099983215332,0.0,76.13600158691406,True,True,46.880001068115234,0.0,77.97200012207031,True,True,59.45000076293945,-24.959999084472656,,,,48.11000061035156,210.0019989013672,48.45199966430664,136.0,34.0,
2021-08-28 12:30:00,,,,,51.900001525878906,0.0,78.40399932861328,True,True,100.0,0.0,76.31600189208984,True,True,68.36000061035156,0.0,75.7040023803711,True,True,88.08000183105469,0.0,87.18800354003906,True,True,45.06999969482422,0.0,74.06600189208984,True,True,57.22999954223633,0.0,85.47799682617188,True,True,66.9000015258789,0.0,78.85399627685547,True,True,82.81999969482422,0.0,75.61399841308594,True,True,45.68000030517578,0.0,74.83999633789062,True,True,42.400001525878906,0.0,76.15399932861328,True,True,44.459999084472656,0.0,78.81800079345703,True,True,59.40999984741211,-24.969999313354492,,,,49.8380012512207,210.0019989013672,50.43199920654297,144.0,36.0,
2021-08-28 12:45:00,,,,,55.81999969482422,0.0,79.14199829101562,True,True,100.0,0.0,76.33399963378906,True,True,68.1500015258789,0.0,75.75800323486328,True,True,92.98999786376953,0.0,87.27799987792969,True,True,49.959999084472656,0.0,74.13800048828125,True,True,56.11000061035156,0.0,85.8740005493164,True,True,68.27999877929688,0.0,80.02400207519531,True,True,91.0,0.0,75.81199645996094,True,True,41.810001373291016,0.0,74.91200256347656,True,True,46.540000915527344,0.0,76.1719970703125,True,True,53.029998779296875,0.0,80.43800354003906,True,True,59.4900016784668,-25.0,,,,51.097999572753906,210.0019989013672,51.45800018310547,136.0,34.0,
2021-08-28 13:00:00,,,,,50.7400016784668,0.0,78.60199737548828,True,True,100.0,0.0,76.42400360107422,True,True,68.81999969482422,0.0,75.79399871826172,True,True,96.91000366210938,0.0,87.13400268554688,True,True,49.290000915527344,0.0,74.10199737548828,True,True,56.45000076293945,0.0,85.56800079345703,True,True,71.66000366210938,0.0,80.49199676513672,True,True,97.33999633789062,0.0,75.93800354003906,True,True,44.75,0.0,75.00199890136719,True,True,53.29999923706055,0.0,76.31600189208984,True,True,55.41999816894531,0.0,81.03199768066406,True,True,59.5099983215332,-24.959999084472656,,,,49.38800048828125,210.0019989013672,49.801998138427734,144.0,36.0,
2021-08-28 13:15:00,,,,,52.040000915527344,0.0,78.63800048828125,True,True,100.0,0.0,76.47799682617188,True,True,70.7300033569336,0.0,75.81199645996094,True,True,99.80000305175781,0.0,87.06199645996094,True,True,48.099998474121094,0.0,74.19200134277344,True,True,56.650001525878906,0.0,84.16400146484375,True,True,74.7699966430664,0.0,80.31199645996094,True,True,100.0,0.0,75.99199676513672,True,True,43.349998474121094,0.0,74.91200256347656,True,True,53.84000015258789,0.0,76.35199737548828,True,True,60.41999816894531,0.0,80.7979965209961,True,True,59.45000076293945,-25.0,,,,49.29800033569336,210.0019989013672,49.67599868774414,152.0,38.0,
2021-08-28 13:30:00,,,,,50.95000076293945,0.0,78.31400299072266,True,True,100.0,0.0,76.83799743652344,True,True,71.27999877929688,0.0,75.88400268554688,True,True,100.0,0.0,86.25199890136719,True,True,52.02000045776367,0.0,74.19200134277344,True,True,56.2599983215332,0.0,83.26399993896484,True,True,76.86000061035156,0.0,79.61000061035156,True,True,100.0,0.0,75.95600128173828,True,True,46.529998779296875,0.0,75.0199966430664,True,True,52.470001220703125,0.0,76.40599822998047,True,True,60.15999984741211,0.0,79.71800231933594,True,True,59.529998779296875,-24.969999313354492,,,,49.24399948120117,210.0019989013672,49.67599868774414,144.0,36.0,
2021-08-28 13:45:00,,,,,51.79999923706055,0.0,78.56600189208984,True,True,100.0,0.0,76.49600219726562,True,True,72.63999938964844,0.0,75.8479995727539,True,True,98.0999984741211,0.0,86.48600006103516,True,True,47.70000076293945,0.0,74.19200134277344,True,True,56.4900016784668,0.0,83.33599853515625,True,True,76.25,0.0,80.36599731445312,True,True,100.0,0.0,76.13600158691406,True,True,47.79999923706055,0.0,75.11000061035156,True,True,55.66999816894531,0.0,76.53199768066406,True,True,61.099998474121094,0.0,80.87000274658203,True,True,59.54999923706055,-25.0,,,,49.513999938964844,210.0019989013672,49.67599868774414,144.0,36.0,
2021-08-28 14:00:00,,,,,53.119998931884766,0.0,78.4219970703125,True,True,100.0,0.0,77.05400085449219,True,True,73.62999725341797,0.0,75.86599731445312,True,True,100.0,0.0,86.03600311279297,True,True,48.33000183105469,0.0,74.19200134277344,True,True,58.540000915527344,0.0,82.30999755859375,True,True,78.58999633789062,0.0,81.03199768066406,True,True,100.0,0.0,76.06400299072266,True,True,47.31999969482422,0.0,75.19999694824219,True,True,51.349998474121094,0.0,76.53199768066406,True,True,62.13999938964844,0.0,81.55400085449219,True,True,59.45000076293945,-25.0,,,,48.88399887084961,210.0019989013672,49.316001892089844,144.0,36.0,
2021-08-28 14:15:00,,,,,53.630001068115234,0.0,78.60199737548828,True,True,100.0,0.0,76.69400024414062,True,True,73.06999969482422,0.0,75.86599731445312,True,True,100.0,0.0,86.8280029296875,True,True,48.099998474121094,0.0,74.19200134277344,True,True,56.38999938964844,0.0,82.30999755859375,True,True,77.94999694824219,0.0,80.00599670410156,True,True,100.0,0.0,76.15399932861328,True,True,48.91999816894531,0.0,75.27200317382812,True,True,59.15999984741211,0.0,76.71199798583984,True,True,65.45999908447266,0.0,80.99600219726562,True,True,59.439998626708984,-24.889999389648438,,,,48.9379997253418,210.0019989013672,49.35200119018555,144.0,36.0,
2021-08-28 14:30:00,,,,,53.20000076293945,0.0,77.64800262451172,True,True,100.0,0.0,76.62200164794922,True,True,80.44999694824219,0.0,75.79399871826172,True,True,99.22000122070312,0.0,87.67400360107422,True,True,47.7599983215332,0.0,74.30000305175781,True,True,56.619998931884766,0.0,81.53600311279297,True,True,80.33999633789062,0.0,80.1500015258789,True,True,100.0,0.0,76.11799621582031,True,True,47.9900016784668,0.0,75.27200317382812,True,True,57.290000915527344,0.0,76.76599884033203,True,True,68.06999969482422,0.0,80.69000244140625,True,True,59.5099983215332,-25.0,,,,48.54199981689453,210.0019989013672,48.95600128173828,144.0,36.0,
2021-08-28 14:45:00,,,,,52.84000015258789,0.0,77.01799774169922,True,True,100.0,0.0,76.47799682617188,True,True,73.20999908447266,0.0,75.73999786376953,True,True,89.63999938964844,0.0,86.25199890136719,True,True,48.189998626708984,0.0,74.28199768066406,True,True,56.22999954223633,0.0,79.77200317382812,True,True,78.66000366210938,0.0,79.447998046875,True,True,100.0,0.0,76.22599792480469,True,True,47.75,0.0,75.32599639892578,True,True,53.869998931884766,0.0,76.78399658203125,True,True,67.30000305175781,0.0,80.2040023803711,True,True,59.540000915527344,-25.0,,,,48.41600036621094,210.0019989013672,48.847999572753906,144.0,36.0,
2021-08-28 15:00:00,,,,,53.369998931884766,0.0,78.72799682617188,True,True,100.0,0.0,76.2979965209961,True,True,74.7699966430664,0.0,75.88400268554688,True,True,85.69000244140625,0.0,86.84600067138672,True,True,48.20000076293945,0.0,74.15599822998047,True,True,55.81999969482422,0.0,79.46600341796875,True,True,76.66999816894531,0.0,78.96199798583984,True,True,100.0,0.0,76.02799987792969,True,True,46.2400016784668,0.0,75.34400177001953,True,True,55.650001525878906,0.0,76.89199829101562,True,True,67.61000061035156,0.0,79.30400085449219,True,True,59.45000076293945,-24.969999313354492,,,,49.784000396728516,210.0019989013672,50.14400100708008,144.0,36.0,
2021-08-28 15:15:00,,,,,57.599998474121094,0.0,78.51200103759766,True,True,100.0,0.0,76.26200103759766,True,True,74.23999786376953,0.0,75.86599731445312,True,True,84.26000213623047,0.0,86.79199981689453,True,True,48.43000030517578,0.0,74.28199768066406,True,True,56.47999954223633,0.0,79.53800201416016,True,True,76.58999633789062,0.0,78.63800048828125,True,True,100.0,0.0,76.15399932861328,True,True,45.959999084472656,0.0,75.37999725341797,True,True,61.36000061035156,0.0,76.89199829101562,True,True,68.38999938964844,0.0,79.26799774169922,True,True,59.529998779296875,-25.0,,,,47.89400100708008,210.0019989013672,48.36199951171875,152.0,38.0,
2021-08-28 15:30:00,,,,,58.25,0.0,77.57599639892578,True,True,100.0,0.0,76.31600189208984,True,True,75.12999725341797,0.0,75.81199645996094,True,True,82.58999633789062,0.0,86.98999786376953,True,True,52.349998474121094,0.0,74.26399993896484,True,True,55.540000915527344,0.0,79.59200286865234,True,True,77.97000122070312,0.0,78.18800354003906,True,True,99.88999938964844,0.0,75.9739990234375,True,True,47.560001373291016,0.0,75.37999725341797,True,True,56.40999984741211,0.0,76.89199829101562,True,True,69.04000091552734,0.0,79.1780014038086,True,True,59.4900016784668,-25.0,,,,47.768001556396484,210.0019989013672,48.18199920654297,144.0,36.0,
2021-08-28 15:45:00,,,,,56.83000183105469,0.0,78.20600128173828,True,True,96.33000183105469,0.0,76.31600189208984,True,True,75.16000366210938,0.0,75.88400268554688,True,True,80.76000213623047,0.0,87.26000213623047,True,True,48.5,0.0,74.30000305175781,True,True,55.70000076293945,0.0,79.1240005493164,True,True,79.55000305175781,0.0,76.98200225830078,True,True,99.31999969482422,0.0,76.06400299072266,True,True,49.75,0.0,75.41600036621094,True,True,57.900001525878906,0.0,76.94599914550781,True,True,69.73999786376953,0.0,77.55799865722656,True,True,59.540000915527344,-24.969999313354492,,,,47.551998138427734,210.0019989013672,47.948001861572266,144.0,36.0,
2021-08-28 16:00:00,,,,,53.90999984741211,0.0,78.13400268554688,True,True,98.68000030517578,0.0,76.31600189208984,True,True,74.54000091552734,0.0,75.8479995727539,True,True,78.19000244140625,0.0,87.31400299072266,True,True,51.709999084472656,0.0,74.26399993896484,True,True,55.209999084472656,0.0,78.11599731445312,True,True,75.30999755859375,0.0,77.1259994506836,True,True,99.62999725341797,0.0,76.08200073242188,True,True,49.27000045776367,0.0,75.4520034790039,True,True,58.63999938964844,0.0,77.05400085449219,True,True,69.79000091552734,0.0,77.21600341796875,True,True,59.529998779296875,-24.969999313354492,,,,47.012001037597656,210.0019989013672,47.51599884033203,144.0,36.0,
2021-08-28 16:15:00,,,,,48.779998779296875,0.0,78.0979995727539,True,True,100.0,0.0,76.15399932861328,True,True,74.69000244140625,0.0,75.81199645996094,True,True,75.88999938964844,0.0,87.0260009765625,True,True,50.7400016784668,0.0,74.28199768066406,True,True,50.529998779296875,0.0,78.49400329589844,True,True,74.68000030517578,0.0,76.98200225830078,True,True,94.38999938964844,0.0,76.11799621582031,True,True,46.43000030517578,0.0,75.41600036621094,True,True,59.93000030517578,0.0,77.05400085449219,True,True,69.83999633789062,0.0,77.21600341796875,True,True,59.5,-25.0,,,,45.96799850463867,210.0019989013672,46.36399841308594,144.0,36.0,
2021-08-28 16:30:00,,,,,51.0,0.0,77.54000091552734,True,True,100.0,0.0,76.35199737548828,True,True,72.48999786376953,0.0,75.83000183105469,True,True,68.25,0.0,86.43199920654297,True,True,46.290000915527344,0.0,74.31800079345703,True,True,56.36000061035156,0.0,78.11599731445312,True,True,74.37000274658203,0.0,76.89199829101562,True,True,98.94000244140625,0.0,76.24400329589844,True,True,43.34000015258789,0.0,75.4520034790039,True,True,58.119998931884766,0.0,77.0719985961914,True,True,68.44999694824219,0.0,77.61199951171875,True,True,59.459999084472656,-24.969999313354492,,,,44.38399887084961,210.0019989013672,44.92399978637695,136.0,34.0,
2021-08-28 16:45:00,,,,,57.59000015258789,0.0,77.03600311279297,True,True,100.0,0.0,76.22599792480469,True,True,72.80999755859375,0.0,75.7760009765625,True,True,67.19000244140625,0.0,87.16999816894531,True,True,47.66999816894531,0.0,74.26399993896484,True,True,53.52000045776367,0.0,77.9540023803711,True,True,71.44999694824219,0.0,76.71199798583984,True,True,98.41000366210938,0.0,76.11799621582031,True,True,43.939998626708984,0.0,75.47000122070312,True,True,54.439998626708984,0.0,77.0719985961914,True,True,69.08999633789062,0.0,77.8280029296875,True,True,59.43000030517578,-25.0,,,,46.922000885009766,210.0019989013672,47.51599884033203,144.0,36.0,
2021-08-28 17:00:00,,,,,52.959999084472656,0.0,76.51399993896484,True,True,100.0,0.0,75.9739990234375,True,True,75.37999725341797,0.0,75.75800323486328,True,True,69.83000183105469,0.0,87.0260009765625,True,True,46.13999938964844,0.0,74.13800048828125,True,True,56.66999816894531,0.0,78.76399993896484,True,True,70.4000015258789,0.0,77.05400085449219,True,True,99.55999755859375,0.0,76.22599792480469,True,True,47.060001373291016,0.0,75.48799896240234,True,True,55.540000915527344,0.0,77.0719985961914,True,True,64.86000061035156,0.0,77.61199951171875,True,True,59.439998626708984,-25.0,,,,46.327999114990234,210.0019989013672,46.6879997253418,144.0,36.0,
2021-08-28 17:15:00,,,,,50.060001373291016,0.0,77.73799896240234,True,True,100.0,0.0,76.06400299072266,True,True,73.4800033569336,0.0,75.7760009765625,True,True,66.48999786376953,0.0,86.77400207519531,True,True,46.41999816894531,0.0,74.19200134277344,True,True,55.33000183105469,0.0,77.59400177001953,True,True,65.94000244140625,0.0,77.3239974975586,True,True,96.30999755859375,0.0,75.99199676513672,True,True,43.36000061035156,0.0,75.59600067138672,True,True,55.43000030517578,0.0,77.0719985961914,True,True,61.119998931884766,0.0,77.93599700927734,True,True,59.4900016784668,-24.989999771118164,,,,45.64400100708008,210.0019989013672,45.986000061035156,144.0,36.0,
2021-08-28 17:30:00,,,,,55.31999969482422,0.0,77.1259994506836,True,True,100.0,0.0,76.15399932861328,True,True,77.4000015258789,0.0,75.81199645996094,True,True,68.75,0.0,86.73799896240234,True,True,50.56999969482422,0.0,74.22799682617188,True,True,57.369998931884766,0.0,77.84600067138672,True,True,72.5999984741211,0.0,77.1259994506836,True,True,99.56999969482422,0.0,76.08200073242188,True,True,48.130001068115234,0.0,75.52400207519531,True,True,62.130001068115234,0.0,77.10800170898438,True,True,68.80999755859375,0.0,77.97200012207031,True,True,59.40999984741211,-24.969999313354492,,,,42.619998931884766,210.0019989013672,43.268001556396484,144.0,36.0,
2021-08-28 17:45:00,,,,,45.349998474121094,0.0,78.45800018310547,True,True,100.0,0.0,76.26200103759766,True,True,65.2699966430664,0.0,75.7040023803711,True,True,57.630001068115234,1.409999966621399,86.52200317382812,True,True,42.130001068115234,0.0,74.12000274658203,True,True,48.560001373291016,0.0,77.9000015258789,True,True,71.1500015258789,0.0,76.51399993896484,True,True,100.0,0.0,76.02799987792969,True,True,51.75,0.0,75.48799896240234,True,True,52.400001525878906,0.0,77.10800170898438,True,True,66.69000244140625,0.0,77.01799774169922,True,True,59.43000030517578,-25.0,,,,42.0620002746582,210.0019989013672,42.422000885009766,136.0,34.0,
2021-08-28 18:00:00,,,,,46.77000045776367,0.0,77.73799896240234,True,True,100.0,0.0,76.11799621582031,True,True,63.40999984741211,0.0,75.66799926757812,True,True,55.47999954223633,1.559999942779541,86.88200378417969,True,True,46.150001525878906,0.0,74.19200134277344,True,True,46.81999969482422,0.0,77.66600036621094,True,True,69.05999755859375,0.0,76.08200073242188,True,True,93.70999908447266,0.0,75.88400268554688,True,True,49.029998779296875,0.0,75.4520034790039,True,True,55.09000015258789,0.0,77.10800170898438,True,True,64.7300033569336,0.0,76.2979965209961,True,True,59.439998626708984,-24.989999771118164,,,,42.422000885009766,210.0019989013672,42.81800079345703,144.0,36.0,
2021-08-28 18:15:00,,,,,50.27000045776367,0.0,77.21600341796875,True,True,100.0,0.0,75.7760009765625,True,True,63.970001220703125,0.0,75.7040023803711,True,True,53.689998626708984,1.1799999475479126,86.66600036621094,True,True,41.279998779296875,0.0,74.10199737548828,True,True,46.119998931884766,0.0,76.74800109863281,True,True,61.7400016784668,0.0,75.30799865722656,True,True,95.62000274658203,0.0,75.88400268554688,True,True,44.95000076293945,0.0,75.41600036621094,True,True,49.939998626708984,0.0,77.1259994506836,True,True,58.630001068115234,0.0,75.5780029296875,True,True,59.45000076293945,-25.0,,,,43.124000549316406,210.0019989013672,43.48400115966797,144.0,36.0,
2021-08-28 18:30:00,,,,,45.22999954223633,0.0,76.8740005493164,True,True,100.0,0.0,75.93800354003906,True,True,62.47999954223633,0.0,75.63200378417969,True,True,52.540000915527344,0.28999999165534973,86.91799926757812,True,True,41.18000030517578,0.0,74.10199737548828,True,True,45.86000061035156,0.0,77.16200256347656,True,True,60.2599983215332,0.0,75.0739974975586,True,True,82.05000305175781,0.0,75.8479995727539,True,True,39.45000076293945,0.0,75.27200317382812,True,True,49.04999923706055,0.0,77.10800170898438,True,True,53.779998779296875,0.0,75.37999725341797,True,True,59.5,-24.989999771118164,,,,43.231998443603516,210.0019989013672,43.62799835205078,136.0,34.0,
2021-08-28 18:45:00,,,,,43.459999084472656,0.0,76.6760025024414,True,True,95.3499984741211,0.0,76.11799621582031,True,True,61.220001220703125,0.0,75.72200012207031,True,True,51.599998474121094,0.0,84.52400207519531,True,True,41.060001373291016,0.0,74.06600189208984,True,True,44.619998931884766,0.0,76.8740005493164,True,True,60.52000045776367,0.0,74.37200164794922,True,True,80.75,0.0,75.75800323486328,True,True,46.59000015258789,0.0,75.27200317382812,True,True,54.779998779296875,0.0,77.0719985961914,True,True,55.68000030517578,0.0,74.66000366210938,True,True,59.4900016784668,-25.0,,,,43.231998443603516,210.0019989013672,43.61000061035156,144.0,36.0,
2021-08-28 19:00:00,,,,,42.84000015258789,0.0,76.38800048828125,True,True,100.0,0.0,76.49600219726562,True,True,61.08000183105469,0.0,75.63200378417969,True,True,61.97999954223633,0.0,82.50800323486328,True,True,41.380001068115234,0.0,73.97599792480469,True,True,48.459999084472656,0.0,76.01000213623047,True,True,60.959999084472656,0.0,73.7239990234375,True,True,80.22000122070312,0.0,75.75800323486328,True,True,42.0,0.0,75.18199920654297,True,True,51.290000915527344,0.0,77.0,True,True,50.68000030517578,0.0,73.58000183105469,True,True,59.45000076293945,-24.969999313354492,,,,43.2140007019043,210.0019989013672,43.645999908447266,136.0,34.0,
2021-08-28 19:15:00,,,,,44.470001220703125,0.0,75.75800323486328,True,True,100.0,0.0,76.31600189208984,True,True,64.01000213623047,0.0,75.61399841308594,True,True,65.41999816894531,0.0,82.02200317382812,True,True,45.619998931884766,0.0,73.99400329589844,True,True,47.97999954223633,0.0,75.47000122070312,True,True,59.56999969482422,0.0,73.14800262451172,True,True,73.75,0.0,75.72200012207031,True,True,43.15999984741211,0.0,75.19999694824219,True,True,44.83000183105469,0.0,76.96399688720703,True,True,53.599998474121094,0.0,72.84200286865234,True,True,59.4900016784668,-24.969999313354492,,,,43.84400177001953,210.0019989013672,44.4739990234375,144.0,36.0,
2021-08-28 19:30:00,,,,,41.11000061035156,0.0,75.37999725341797,True,True,93.5199966430664,0.0,76.31600189208984,True,True,58.130001068115234,0.0,75.61399841308594,True,True,64.69999694824219,0.0,81.28399658203125,True,True,40.439998626708984,0.0,73.95800018310547,True,True,48.380001068115234,0.0,74.89399719238281,True,True,58.529998779296875,0.0,72.1760025024414,True,True,73.16000366210938,0.0,75.68599700927734,True,True,42.34000015258789,0.0,75.16400146484375,True,True,47.11000061035156,0.0,76.8740005493164,True,True,48.7599983215332,0.0,71.72599792480469,True,True,59.5099983215332,-24.969999313354492,,,,42.007999420166016,210.0019989013672,42.512001037597656,144.0,36.0,
2021-08-28 19:45:00,,,,,44.459999084472656,0.0,75.79399871826172,True,True,94.69999694824219,0.0,76.26200103759766,True,True,55.150001525878906,0.0,75.63200378417969,True,True,57.47999954223633,0.0,81.13999938964844,True,True,43.20000076293945,0.0,73.90399932861328,True,True,42.88999938964844,0.0,74.6780014038086,True,True,60.290000915527344,0.0,71.22200012207031,True,True,76.70999908447266,0.0,75.66799926757812,True,True,43.20000076293945,0.0,75.11000061035156,True,True,44.66999816894531,0.0,76.78399658203125,True,True,42.0099983215332,4.760000228881836,71.70800018310547,True,True,59.43000030517578,-25.0,,,,41.84600067138672,210.0019989013672,42.29600143432617,136.0,34.0,
2021-08-28 20:00:00,,,,,48.5099983215332,0.0,75.21800231933594,True,True,96.54000091552734,0.0,75.95600128173828,True,True,60.689998626708984,0.0,75.59600067138672,True,True,59.65999984741211,0.0,80.99600219726562,True,True,46.41999816894531,0.0,73.86799621582031,True,True,44.52000045776367,0.0,74.56999969482422,True,True,57.06999969482422,0.0,70.9520034790039,True,True,79.33000183105469,0.0,75.59600067138672,True,True,41.02000045776367,0.0,75.09200286865234,True,True,45.5099983215332,0.0,76.76599884033203,True,True,46.47999954223633,0.0,71.70800018310547,True,True,59.459999084472656,-25.0,,,,45.40999984741211,210.0019989013672,45.96799850463867,136.0,34.0,
2021-08-28 20:15:00,,,,,41.45000076293945,0.0,75.47000122070312,True,True,100.0,0.0,75.99199676513672,True,True,57.189998626708984,0.0,75.68599700927734,True,True,63.119998931884766,0.0,81.12200164794922,True,True,39.380001068115234,0.0,73.7959976196289,True,True,45.540000915527344,0.0,74.20999908447266,True,True,54.7599983215332,0.0,70.59200286865234,True,True,71.83999633789062,0.0,75.5780029296875,True,True,34.83000183105469,0.0,75.0739974975586,True,True,42.40999984741211,0.0,76.71199798583984,True,True,44.83000183105469,0.0,71.25800323486328,True,True,59.5,-25.0,,,,42.04399871826172,210.0019989013672,42.529998779296875,144.0,36.0,
2021-08-28 20:30:00,,,,,39.4900016784668,0.0,75.79399871826172,True,True,95.12999725341797,0.0,75.88400268554688,True,True,53.33000183105469,0.0,75.63200378417969,True,True,56.36000061035156,0.0,80.61799621582031,True,True,37.52000045776367,0.0,73.90399932861328,True,True,44.2599983215332,0.0,73.83200073242188,True,True,53.540000915527344,0.0,70.53800201416016,True,True,73.98999786376953,0.0,75.48799896240234,True,True,44.619998931884766,0.0,75.00199890136719,True,True,43.099998474121094,0.0,76.63999938964844,True,True,44.47999954223633,0.0,70.80799865722656,True,True,59.43000030517578,-25.0,,,,41.70199966430664,210.0019989013672,42.152000427246094,136.0,34.0,
2021-08-28 20:45:00,,,,,42.06999969482422,0.0,75.95600128173828,True,True,98.29000091552734,0.0,75.9739990234375,True,True,52.029998779296875,0.0,75.5780029296875,True,True,54.209999084472656,0.0,80.95999908447266,True,True,42.900001525878906,0.0,73.74199676513672,True,True,43.540000915527344,0.0,73.61599731445312,True,True,58.59000015258789,0.0,70.01599884033203,True,True,76.87000274658203,0.0,75.39800262451172,True,True,42.54999923706055,0.0,75.0199966430664,True,True,47.540000915527344,0.0,76.60399627685547,True,True,46.58000183105469,0.0,70.3759994506836,True,True,59.45000076293945,-25.0,,,,41.70199966430664,210.0019989013672,42.097999572753906,144.0,36.0,
2021-08-28 21:00:00,,,,,41.029998779296875,0.0,75.73999786376953,True,True,100.0,0.0,75.7760009765625,True,True,51.970001220703125,0.0,75.59600067138672,True,True,53.79999923706055,0.0,80.83399963378906,True,True,38.439998626708984,0.0,73.7239990234375,True,True,42.40999984741211,0.0,73.43599700927734,True,True,53.34000015258789,0.0,69.69200134277344,True,True,64.7300033569336,0.0,75.68599700927734,True,True,37.70000076293945,0.0,74.947998046875,True,True,43.540000915527344,0.0,76.60399627685547,True,True,43.68000030517578,0.0,70.08799743652344,True,True,59.459999084472656,-24.989999771118164,,,,41.70199966430664,210.0019989013672,42.11600112915039,136.0,34.0,
2021-08-28 21:15:00,,,,,41.88999938964844,0.0,74.80400085449219,True,True,97.81999969482422,0.0,75.61399841308594,True,True,51.59000015258789,0.0,75.63200378417969,True,True,54.310001373291016,0.0,80.45600128173828,True,True,36.439998626708984,0.0,73.7239990234375,True,True,41.75,0.0,73.41799926757812,True,True,52.689998626708984,0.0,69.45800018310547,True,True,65.94999694824219,0.0,75.4520034790039,True,True,39.040000915527344,0.0,74.98400115966797,True,True,47.88999938964844,0.0,76.60399627685547,True,True,43.290000915527344,0.0,70.052001953125,True,True,59.43000030517578,-24.989999771118164,,,,41.683998107910156,210.0019989013672,42.04399871826172,144.0,36.0,
2021-08-28 21:30:00,,,,,40.33000183105469,0.0,75.14600372314453,True,True,96.6500015258789,0.0,75.81199645996094,True,True,50.75,0.0,75.63200378417969,True,True,53.08000183105469,0.0,80.25800323486328,True,True,41.43000030517578,0.0,73.76000213623047,True,True,41.7400016784668,0.0,73.25599670410156,True,True,52.36000061035156,0.0,69.16999816894531,True,True,63.29999923706055,0.0,75.36199951171875,True,True,39.029998779296875,0.0,74.91200256347656,True,True,48.720001220703125,0.0,76.58599853515625,True,True,43.08000183105469,0.0,69.87200164794922,True,True,59.459999084472656,-24.950000762939453,,,,41.77399826049805,210.0019989013672,42.1879997253418,136.0,34.0,
2021-08-28 21:45:00,,,,,36.5099983215332,0.0,75.50599670410156,True,True,97.26000213623047,0.0,75.9020004272461,True,True,48.7599983215332,0.0,75.5780029296875,True,True,52.459999084472656,0.0,80.16799926757812,True,True,36.81999969482422,0.0,73.68800354003906,True,True,40.81999969482422,0.0,73.04000091552734,True,True,52.70000076293945,0.0,69.16999816894531,True,True,61.849998474121094,0.0,75.52400207519531,True,True,37.439998626708984,0.0,74.96600341796875,True,True,42.7400016784668,0.0,76.56800079345703,True,True,44.630001068115234,0.0,69.76399993896484,True,True,59.439998626708984,-24.989999771118164,,,,41.70199966430664,210.0019989013672,42.08000183105469,136.0,34.0,
2021-08-28 22:00:00,,,,,44.650001525878906,0.0,75.75800323486328,True,True,97.9000015258789,0.0,75.9739990234375,True,True,48.81999969482422,0.0,75.7040023803711,True,True,55.209999084472656,0.0,80.1500015258789,True,True,43.06999969482422,0.0,73.68800354003906,True,True,45.689998626708984,0.0,72.96800231933594,True,True,52.11000061035156,0.0,69.04399871826172,True,True,63.849998474121094,0.0,75.4520034790039,True,True,36.66999816894531,0.0,74.96600341796875,True,True,39.27000045776367,0.0,76.53199768066406,True,True,41.470001220703125,0.0,69.58399963378906,True,True,59.470001220703125,-25.0,,,,41.66600036621094,210.0019989013672,42.0620002746582,144.0,36.0,
2021-08-28 22:15:00,,,,,46.869998931884766,0.0,75.86599731445312,True,True,100.0,0.0,75.79399871826172,True,True,49.61000061035156,0.0,75.59600067138672,True,True,51.459999084472656,0.0,80.02400207519531,True,True,43.470001220703125,0.0,73.68800354003906,True,True,46.130001068115234,0.0,72.75199890136719,True,True,51.529998779296875,0.0,69.04399871826172,True,True,61.08000183105469,0.0,75.41600036621094,True,True,37.900001525878906,0.0,74.91200256347656,True,True,40.45000076293945,0.0,76.53199768066406,True,True,46.77000045776367,0.0,69.5479965209961,True,True,59.5,-24.950000762939453,,,,41.70199966430664,210.0019989013672,42.08000183105469,136.0,34.0,
2021-08-28 22:30:00,,,,,39.43000030517578,0.0,75.88400268554688,True,True,100.0,0.0,75.79399871826172,True,True,48.2599983215332,0.0,75.61399841308594,True,True,51.63999938964844,0.0,79.73600006103516,True,True,40.689998626708984,0.0,73.76000213623047,True,True,46.2400016784668,0.0,72.48200225830078,True,True,52.04999923706055,0.0,69.16999816894531,True,True,56.75,0.0,75.50599670410156,True,True,39.79999923706055,0.0,74.91200256347656,True,True,38.810001373291016,0.0,76.42400360107422,True,True,41.470001220703125,0.0,69.52999877929688,True,True,59.54999923706055,-25.0,,,,41.66600036621094,210.0019989013672,42.007999420166016,136.0,34.0,
2021-08-28 22:45:00,,,,,36.40999984741211,0.0,75.9020004272461,True,True,100.0,0.0,75.4520034790039,True,True,46.150001525878906,0.0,75.5780029296875,True,True,49.209999084472656,0.0,79.68199920654297,True,True,39.130001068115234,0.0,73.50800323486328,True,True,42.70000076293945,0.0,72.39199829101562,True,True,51.34000015258789,0.0,69.04399871826172,True,True,56.349998474121094,0.0,75.37999725341797,True,True,36.34000015258789,0.0,74.98400115966797,True,True,45.790000915527344,0.0,76.40599822998047,True,True,43.7599983215332,0.0,69.76399993896484,True,True,59.439998626708984,-25.0,,,,41.66600036621094,210.0019989013672,42.08000183105469,136.0,34.0,
2021-08-28 23:00:00,,,,,37.959999084472656,0.0,75.37999725341797,True,True,100.0,0.0,75.59600067138672,True,True,54.869998931884766,0.0,75.75800323486328,True,True,57.650001525878906,0.0,80.41999816894531,True,True,40.65999984741211,0.0,73.61599731445312,True,True,46.720001220703125,0.0,72.1760025024414,True,True,51.11000061035156,0.0,68.9540023803711,True,True,57.56999969482422,0.0,75.50599670410156,True,True,36.97999954223633,0.0,74.947998046875,True,True,44.790000915527344,0.0,76.38800048828125,True,True,42.15999984741211,0.0,69.51200103759766,True,True,59.45000076293945,-24.989999771118164,,,,42.007999420166016,210.0019989013672,42.40399932861328,144.0,36.0,
2021-08-28 23:15:00,,,,,43.81999969482422,0.0,73.7959976196289,True,True,97.62000274658203,0.0,75.59600067138672,True,True,55.060001373291016,0.0,75.61399841308594,True,True,54.849998474121094,0.0,80.09600067138672,True,True,41.459999084472656,0.0,73.56199645996094,True,True,47.689998626708984,0.0,72.13999938964844,True,True,48.77000045776367,0.0,68.73799896240234,True,True,60.290000915527344,0.0,75.30799865722656,True,True,34.77000045776367,0.0,74.89399719238281,True,True,38.189998626708984,0.0,76.38800048828125,True,True,46.209999084472656,0.0,68.46800231933594,True,True,59.4900016784668,-24.969999313354492,,,,42.96200180053711,210.0019989013672,43.124000549316406,136.0,34.0,
2021-08-28 23:30:00,,,,,48.29999923706055,0.0,73.95800018310547,True,True,100.0,0.0,75.63200378417969,True,True,59.97999954223633,0.0,75.7040023803711,True,True,59.7599983215332,0.0,79.3759994506836,True,True,45.79999923706055,0.0,73.58000183105469,True,True,47.27000045776367,0.0,71.83399963378906,True,True,53.560001373291016,0.0,68.48600006103516,True,True,64.44000244140625,0.0,75.37999725341797,True,True,42.900001525878906,0.0,74.83999633789062,True,True,45.18000030517578,0.0,76.38800048828125,True,True,47.72999954223633,0.0,69.06199645996094,True,True,59.5099983215332,-25.0,,,,48.236000061035156,210.0019989013672,48.59600067138672,136.0,34.0,
2021-08-28 23:45:00,,,,,48.040000915527344,0.0,74.40799713134766,True,True,100.0,0.0,75.52400207519531,True,True,61.04999923706055,0.0,75.79399871826172,True,True,65.44000244140625,0.0,79.98799896240234,True,True,46.97999954223633,0.0,73.56199645996094,True,True,51.7400016784668,0.0,71.85199737548828,True,True,56.939998626708984,0.0,68.2699966430664,True,True,58.86000061035156,0.0,75.34400177001953,True,True,38.97999954223633,0.0,74.8219985961914,True,True,43.400001525878906,0.0,76.35199737548828,True,True,45.02000045776367,0.0,68.16200256347656,True,True,59.4900016784668,-24.989999771118164,,,,46.99399948120117,210.0019989013672,47.51599884033203,136.0,34.0,
2021-08-29 00:00:00,,,,,51.29999923706055,0.0,73.76000213623047,True,True,100.0,0.0,75.5780029296875,True,True,63.0,0.0,75.68599700927734,True,True,66.4000015258789,0.0,79.68199920654297,True,True,43.02000045776367,0.0,73.4540023803711,True,True,51.59000015258789,0.0,71.6719970703125,True,True,56.40999984741211,0.0,68.10800170898438,True,True,63.43000030517578,0.0,75.41600036621094,True,True,39.619998931884766,0.0,74.8759994506836,True,True,43.20000076293945,0.0,76.2979965209961,True,True,44.13999938964844,0.0,68.8280029296875,True,True,59.459999084472656,-24.969999313354492,,,,47.119998931884766,210.0019989013672,47.42599868774414,144.0,36.0,
2021-08-29 00:15:00,,,,,53.09000015258789,0.0,73.41799926757812,True,True,100.0,0.0,75.61399841308594,True,True,69.93000030517578,0.0,75.72200012207031,True,True,69.12999725341797,0.0,79.86199951171875,True,True,51.25,0.0,73.4540023803711,True,True,54.16999816894531,0.0,71.49199676513672,True,True,62.869998931884766,0.0,68.05400085449219,True,True,75.31999969482422,0.0,75.41600036621094,True,True,41.130001068115234,0.0,74.83999633789062,True,True,46.18000030517578,0.0,76.31600189208984,True,True,46.5099983215332,0.0,68.64800262451172,True,True,59.529998779296875,-25.0,,,,47.965999603271484,210.0019989013672,48.54199981689453,136.0,34.0,
2021-08-29 00:30:00,,,,,54.90999984741211,0.0,73.90399932861328,True,True,100.0,0.0,75.41600036621094,True,True,62.15999984741211,0.0,75.7040023803711,True,True,68.73999786376953,0.0,79.89800262451172,True,True,42.95000076293945,0.0,73.50800323486328,True,True,52.369998931884766,0.0,71.36599731445312,True,True,57.18000030517578,0.0,67.96399688720703,True,True,74.47000122070312,0.0,75.41600036621094,True,True,41.2599983215332,0.0,74.89399719238281,True,True,43.470001220703125,0.0,76.24400329589844,True,True,45.5099983215332,0.0,68.66600036621094,True,True,59.5099983215332,-24.959999084472656,,,,45.78799819946289,210.0019989013672,46.29199981689453,136.0,34.0,
2021-08-29 00:45:00,,,,,45.40999984741211,0.0,73.90399932861328,True,True,100.0,0.0,75.4520034790039,True,True,59.72999954223633,0.0,75.68599700927734,True,True,62.83000183105469,0.0,79.19599914550781,True,True,43.310001373291016,0.0,73.4000015258789,True,True,49.119998931884766,0.0,71.29399871826172,True,True,59.22999954223633,0.0,67.78399658203125,True,True,69.66000366210938,0.0,75.25399780273438,True,True,42.189998626708984,0.0,74.89399719238281,True,True,48.25,0.0,76.2979965209961,True,True,50.7400016784668,0.0,68.52200317382812,True,True,59.470001220703125,-25.0,,,,45.26599884033203,210.0019989013672,45.715999603271484,144.0,36.0,
2021-08-29 01:00:00,,,,,45.63999938964844,0.0,73.9219970703125,True,True,97.47000122070312,0.0,75.59600067138672,True,True,59.81999969482422,0.0,75.61399841308594,True,True,61.310001373291016,0.0,80.05999755859375,True,True,40.61000061035156,0.0,73.43599700927734,True,True,48.18000030517578,0.0,71.2040023803711,True,True,59.27000045776367,0.0,67.74800109863281,True,True,88.37999725341797,0.0,75.37999725341797,True,True,41.5099983215332,0.0,74.947998046875,True,True,52.31999969482422,0.0,76.2979965209961,True,True,48.68000030517578,0.0,67.74800109863281,True,True,59.43000030517578,-24.989999771118164,,,,45.55400085449219,210.0019989013672,45.96799850463867,136.0,34.0,
2021-08-29 01:15:00,,,,,47.41999816894531,0.0,74.22799682617188,True,True,100.0,0.0,75.55999755859375,True,True,58.09000015258789,0.0,75.54199981689453,True,True,60.220001220703125,0.0,79.30400085449219,True,True,45.31999969482422,0.0,73.30999755859375,True,True,45.369998931884766,0.0,71.13200378417969,True,True,56.81999969482422,0.0,67.60399627685547,True,True,74.23999786376953,0.0,75.25399780273438,True,True,40.4900016784668,0.0,74.80400085449219,True,True,47.369998931884766,0.0,76.26200103759766,True,True,48.33000183105469,0.0,68.01799774169922,True,True,59.5099983215332,-25.0,,,,48.07400131225586,210.0019989013672,48.02000045776367,136.0,34.0,
2021-08-29 01:30:00,,,,,46.939998626708984,0.0,73.90399932861328,True,True,100.0,0.0,75.5780029296875,True,True,57.400001525878906,0.0,75.54199981689453,True,True,61.9900016784668,0.0,79.30400085449219,True,True,43.380001068115234,0.0,73.38200378417969,True,True,50.7400016784668,0.0,71.11399841308594,True,True,56.31999969482422,0.0,67.53199768066406,True,True,78.01000213623047,0.0,75.29000091552734,True,True,39.83000183105469,0.0,74.73200225830078,True,True,46.869998931884766,0.0,76.24400329589844,True,True,51.2400016784668,0.0,68.1259994506836,True,True,59.45000076293945,-25.0,,,,44.33000183105469,210.0019989013672,44.61800003051758,144.0,36.0,
2021-08-29 01:45:00,,,,,42.95000076293945,0.0,73.54399871826172,True,True,100.0,0.0,75.50599670410156,True,True,57.560001373291016,0.0,75.52400207519531,True,True,58.68000030517578,0.0,79.08799743652344,True,True,46.02000045776367,0.0,73.25599670410156,True,True,47.2400016784668,0.0,70.80799865722656,True,True,56.5,0.0,67.38800048828125,True,True,79.31999969482422,0.0,75.12799835205078,True,True,40.650001525878906,0.0,74.71399688720703,True,True,50.56999969482422,0.0,76.13600158691406,True,True,44.86000061035156,0.0,67.27999877929688,True,True,59.45000076293945,-24.989999771118164,,,,45.84199905395508,210.0019989013672,46.16600036621094,136.0,34.0,
2021-08-29 02:00:00,,,,,44.81999969482422,0.0,74.35399627685547,True,True,99.01000213623047,0.0,75.39800262451172,True,True,60.97999954223633,0.0,75.48799896240234,True,True,66.4800033569336,0.0,78.2959976196289,True,True,42.15999984741211,0.0,73.30999755859375,True,True,48.4900016784668,0.0,70.73600006103516,True,True,62.4900016784668,0.0,67.2979965209961,True,True,74.5999984741211,0.0,75.09200286865234,True,True,42.189998626708984,0.0,74.66000366210938,True,True,43.689998626708984,0.0,76.06400299072266,True,True,48.709999084472656,0.0,67.9280014038086,True,True,59.540000915527344,-25.0,,,,47.51599884033203,210.0019989013672,47.965999603271484,136.0,34.0,
2021-08-29 02:15:00,,,,,45.619998931884766,0.0,74.96600341796875,True,True,100.0,0.0,75.43399810791016,True,True,63.279998779296875,0.0,75.52400207519531,True,True,64.77999877929688,0.0,79.30400085449219,True,True,44.040000915527344,0.0,73.38200378417969,True,True,49.09000015258789,0.0,71.02400207519531,True,True,55.61000061035156,0.0,67.2979965209961,True,True,76.75,0.0,75.19999694824219,True,True,35.90999984741211,0.0,74.60600280761719,True,True,46.900001525878906,0.0,75.93800354003906,True,True,47.63999938964844,0.0,67.98200225830078,True,True,59.45000076293945,-24.959999084472656,,,,47.37200164794922,210.0019989013672,47.821998596191406,136.0,34.0,
2021-08-29 02:30:00,,,,,49.7400016784668,0.0,74.12000274658203,True,True,99.6500015258789,0.0,75.50599670410156,True,True,64.56999969482422,0.0,75.48799896240234,True,True,65.94999694824219,0.0,79.62799835205078,True,True,47.529998779296875,0.0,73.38200378417969,True,True,49.97999954223633,0.0,70.86199951171875,True,True,58.7400016784668,0.0,67.33399963378906,True,True,80.61000061035156,0.0,75.16400146484375,True,True,43.900001525878906,0.0,74.58799743652344,True,True,49.5,0.0,75.9020004272461,True,True,46.4900016784668,0.0,67.98200225830078,True,True,59.40999984741211,-24.959999084472656,,,,46.79600143432617,210.0019989013672,47.19200134277344,144.0,36.0,
2021-08-29 02:45:00,,,,,51.63999938964844,0.0,74.0479965209961,True,True,99.86000061035156,0.0,75.27200317382812,True,True,64.97000122070312,0.0,75.5780029296875,True,True,64.62000274658203,0.0,79.1240005493164,True,True,46.869998931884766,0.0,73.43599700927734,True,True,52.9900016784668,0.0,70.3759994506836,True,True,59.84000015258789,0.0,67.22599792480469,True,True,80.19999694824219,0.0,74.96600341796875,True,True,43.9900016784668,0.0,74.58799743652344,True,True,50.279998779296875,0.0,75.88400268554688,True,True,50.400001525878906,0.0,67.9280014038086,True,True,59.459999084472656,-25.0,,,,46.507999420166016,210.0019989013672,46.922000885009766,136.0,34.0,
2021-08-29 03:00:00,,,,,48.220001220703125,0.0,73.86799621582031,True,True,99.95999908447266,0.0,75.48799896240234,True,True,65.47000122070312,0.0,75.5780029296875,True,True,69.69999694824219,0.0,79.46600341796875,True,True,43.66999816894531,0.0,73.27400207519531,True,True,48.529998779296875,0.0,70.53800201416016,True,True,59.47999954223633,0.0,67.22599792480469,True,True,86.9000015258789,0.0,75.11000061035156,True,True,44.5099983215332,0.0,74.64199829101562,True,True,46.5,0.0,75.93800354003906,True,True,47.86000061035156,0.0,67.74800109863281,True,True,59.529998779296875,-25.0,,,,46.507999420166016,210.0019989013672,46.90399932861328,144.0,36.0,
2021-08-29 03:15:00,,,,,50.0099983215332,0.0,72.93199920654297,True,True,100.0,0.0,75.4520034790039,True,True,66.54000091552734,0.0,75.5780029296875,True,True,65.91000366210938,0.0,79.26799774169922,True,True,40.81999969482422,0.0,73.14800262451172,True,True,47.02000045776367,0.0,70.41200256347656,True,True,58.880001068115234,0.0,67.1719970703125,True,True,85.0999984741211,0.0,75.03800201416016,True,True,44.5,0.0,74.58799743652344,True,True,48.0099983215332,0.0,75.93800354003906,True,True,46.11000061035156,0.0,67.802001953125,True,True,59.459999084472656,-24.989999771118164,,,,46.327999114990234,210.0019989013672,46.79600143432617,136.0,34.0,
2021-08-29 03:30:00,,,,,50.33000183105469,0.0,73.48999786376953,True,True,100.0,0.0,75.4520034790039,True,True,66.16999816894531,0.0,75.52400207519531,True,True,69.72000122070312,0.0,79.14199829101562,True,True,44.310001373291016,0.0,73.14800262451172,True,True,46.599998474121094,0.0,70.26799774169922,True,True,58.08000183105469,0.0,67.38800048828125,True,True,85.7699966430664,0.0,75.19999694824219,True,True,44.349998474121094,0.0,74.64199829101562,True,True,48.34000015258789,0.0,75.95600128173828,True,True,50.130001068115234,0.0,68.16200256347656,True,True,59.470001220703125,-25.0,,,,46.417999267578125,210.0019989013672,46.7599983215332,136.0,34.0,
2021-08-29 03:45:00,,,,,49.810001373291016,0.0,73.7959976196289,True,True,100.0,0.0,75.34400177001953,True,True,65.33000183105469,0.0,75.54199981689453,True,True,65.0199966430664,0.0,78.49400329589844,True,True,40.470001220703125,0.0,73.09400177001953,True,True,45.56999969482422,0.0,70.10600280761719,True,True,57.66999816894531,0.0,66.9020004272461,True,True,87.47000122070312,0.0,75.18199920654297,True,True,40.349998474121094,0.0,74.66000366210938,True,True,49.029998779296875,0.0,75.99199676513672,True,True,47.720001220703125,0.0,66.4520034790039,True,True,59.470001220703125,-24.989999771118164,,,,46.310001373291016,210.0019989013672,46.7239990234375,136.0,34.0,
2021-08-29 04:00:00,,,,,49.959999084472656,0.0,73.76000213623047,True,True,100.0,0.0,75.41600036621094,True,True,66.13999938964844,0.0,75.5780029296875,True,True,64.4000015258789,0.0,79.5739974975586,True,True,42.09000015258789,0.0,73.14800262451172,True,True,49.880001068115234,0.0,69.38600158691406,True,True,57.150001525878906,0.0,66.81199645996094,True,True,85.0999984741211,0.0,75.27200317382812,True,True,41.58000183105469,0.0,74.552001953125,True,True,51.75,0.0,75.93800354003906,True,True,49.90999984741211,0.0,67.31600189208984,True,True,59.5,-24.989999771118164,,,,46.183998107910156,210.0019989013672,46.61600112915039,144.0,36.0,
2021-08-29 04:15:00,,,,,45.790000915527344,0.0,73.36399841308594,True,True,96.61000061035156,0.0,75.4520034790039,True,True,66.9000015258789,0.0,75.52400207519531,True,True,64.69000244140625,0.0,80.04199981689453,True,True,42.060001373291016,0.0,73.14800262451172,True,True,48.79999923706055,0.0,69.36799621582031,True,True,57.34000015258789,0.0,66.9020004272461,True,True,91.75,0.0,75.03800201416016,True,True,42.56999969482422,0.0,74.6240005493164,True,True,47.34000015258789,0.0,75.9020004272461,True,True,48.34000015258789,0.0,67.44200134277344,True,True,59.439998626708984,-24.969999313354492,,,,46.29199981689453,210.0019989013672,46.6879997253418,136.0,34.0,
2021-08-29 04:30:00,,,,,49.959999084472656,0.0,73.70600128173828,True,True,97.54000091552734,0.0,75.43399810791016,True,True,67.94000244140625,0.0,75.4520034790039,True,True,64.93000030517578,0.0,78.9260025024414,True,True,45.880001068115234,0.0,73.2020034790039,True,True,49.22999954223633,0.0,68.77400207519531,True,True,56.869998931884766,0.0,67.08200073242188,True,True,87.55000305175781,0.0,74.85800170898438,True,True,44.709999084472656,0.0,74.6240005493164,True,True,55.7599983215332,0.0,75.88400268554688,True,True,49.77000045776367,0.0,67.20800018310547,True,True,59.4900016784668,-25.0,,,,46.14799880981445,210.0019989013672,46.5620002746582,136.0,34.0,
2021-08-29 04:45:00,,,,,53.380001068115234,0.0,73.38200378417969,True,True,100.0,0.0,75.4520034790039,True,True,67.29000091552734,0.0,75.50599670410156,True,True,64.62000274658203,0.0,79.86199951171875,True,True,41.84000015258789,0.0,73.05799865722656,True,True,47.380001068115234,0.0,68.91799926757812,True,True,58.36000061035156,0.0,66.75800323486328,True,True,85.81999969482422,0.0,75.12799835205078,True,True,41.68000030517578,0.0,74.552001953125,True,True,47.75,0.0,75.79399871826172,True,True,48.47999954223633,0.0,67.63999938964844,True,True,59.5,-24.989999771118164,,,,46.14799880981445,210.0019989013672,46.5260009765625,144.0,36.0,
2021-08-29 05:00:00,,,,,48.900001525878906,0.0,72.71600341796875,True,True,100.0,0.0,75.34400177001953,True,True,66.77999877929688,0.0,75.50599670410156,True,True,64.22000122070312,0.0,79.50199890136719,True,True,40.97999954223633,0.0,73.2020034790039,True,True,48.060001373291016,0.0,68.57599639892578,True,True,57.40999984741211,0.0,66.7760009765625,True,True,95.68000030517578,0.0,75.29000091552734,True,True,41.2400016784668,0.0,74.552001953125,True,True,48.040000915527344,0.0,75.75800323486328,True,True,47.86000061035156,0.0,67.51399993896484,True,True,59.45000076293945,-24.989999771118164,,,,46.09400177001953,210.0019989013672,46.507999420166016,136.0,34.0,
2021-08-29 05:15:00,,,,,49.22999954223633,0.0,72.89600372314453,True,True,100.0,0.0,75.41600036621094,True,True,67.87000274658203,0.0,75.50599670410156,True,True,63.58000183105469,0.0,79.64600372314453,True,True,48.90999984741211,0.0,73.04000091552734,True,True,47.900001525878906,0.0,68.30599975585938,True,True,58.25,0.0,66.52400207519531,True,True,88.80999755859375,0.0,75.29000091552734,True,True,41.18000030517578,0.0,74.552001953125,True,True,49.90999984741211,0.0,75.72200012207031,True,True,47.400001525878906,0.0,67.44200134277344,True,True,59.5099983215332,-24.969999313354492,,,,45.96799850463867,210.0019989013672,46.417999267578125,136.0,34.0,
2021-08-29 05:30:00,,,,,48.040000915527344,0.0,73.23799896240234,True,True,100.0,0.0,75.41600036621094,True,True,68.11000061035156,0.0,75.52400207519531,True,True,63.5,0.0,78.36799621582031,True,True,40.97999954223633,0.0,73.16600036621094,True,True,47.11000061035156,0.0,68.01799774169922,True,True,56.56999969482422,0.0,66.52400207519531,True,True,83.94999694824219,0.0,75.12799835205078,True,True,40.66999816894531,0.0,74.6240005493164,True,True,46.34000015258789,0.0,75.75800323486328,True,True,45.45000076293945,0.0,67.38800048828125,True,True,59.470001220703125,-24.989999771118164,,,,45.95000076293945,210.0019989013672,46.34600067138672,136.0,34.0,
2021-08-29 05:45:00,,,,,47.279998779296875,0.0,72.5719985961914,True,True,97.97000122070312,0.0,75.25399780273438,True,True,67.63999938964844,0.0,75.63200378417969,True,True,64.08000183105469,0.0,79.50199890136719,True,True,41.119998931884766,0.0,73.16600036621094,True,True,46.630001068115234,0.0,67.78399658203125,True,True,55.83000183105469,0.0,66.36199951171875,True,True,86.33000183105469,0.0,75.23600006103516,True,True,40.34000015258789,0.0,74.46199798583984,True,True,49.41999816894531,0.0,75.68599700927734,True,True,48.630001068115234,0.0,67.11799621582031,True,True,59.45000076293945,-24.989999771118164,,,,45.91400146484375,210.0019989013672,46.327999114990234,144.0,36.0,
2021-08-29 06:00:00,,,,,48.91999816894531,0.0,71.88800048828125,True,True,100.0,0.0,75.30799865722656,True,True,66.38999938964844,0.0,75.48799896240234,True,True,63.150001525878906,0.0,79.1780014038086,True,True,41.68000030517578,0.0,72.98600006103516,True,True,46.279998779296875,0.0,67.78399658203125,True,True,55.95000076293945,0.0,66.18199920654297,True,True,88.76000213623047,0.0,75.29000091552734,True,True,40.099998474121094,0.0,74.40799713134766,True,True,46.25,0.0,75.68599700927734,True,True,47.099998474121094,0.0,66.91999816894531,True,True,59.459999084472656,-25.0,,,,45.78799819946289,210.0019989013672,46.220001220703125,136.0,34.0,
2021-08-29 06:15:00,,,,,53.70000076293945,0.0,71.5459976196289,True,True,95.4800033569336,0.0,75.34400177001953,True,True,67.0,0.0,75.47000122070312,True,True,65.87000274658203,0.0,78.56600189208984,True,True,44.36000061035156,0.0,73.18399810791016,True,True,43.630001068115234,0.0,67.56800079345703,True,True,56.099998474121094,0.0,66.11000061035156,True,True,97.55999755859375,0.0,75.18199920654297,True,True,40.130001068115234,0.0,74.44400024414062,True,True,42.18000030517578,0.0,75.63200378417969,True,True,44.11000061035156,0.0,66.05599975585938,True,True,59.45000076293945,-25.0,,,,45.805999755859375,210.0019989013672,46.237998962402344,144.0,36.0,
2021-08-29 06:30:00,,,,,49.689998626708984,0.0,71.81600189208984,True,True,100.0,0.0,75.19999694824219,True,True,67.58999633789062,0.0,75.4520034790039,True,True,62.79999923706055,0.0,77.28800201416016,True,True,40.529998779296875,0.0,73.09400177001953,True,True,42.66999816894531,0.0,66.83000183105469,True,True,55.849998474121094,0.0,66.00199890136719,True,True,90.7699966430664,0.0,75.03800201416016,True,True,39.369998931884766,0.0,74.46199798583984,True,True,47.189998626708984,0.0,75.63200378417969,True,True,49.02000045776367,0.0,66.39800262451172,True,True,59.470001220703125,-25.0,,,,45.805999755859375,210.0019989013672,46.25600051879883,136.0,34.0,
2021-08-29 06:45:00,,,,,52.93000030517578,0.0,72.35600280761719,True,True,100.0,0.0,75.37999725341797,True,True,67.33999633789062,0.0,75.41600036621094,True,True,63.06999969482422,0.0,79.1780014038086,True,True,44.40999984741211,0.0,73.00399780273438,True,True,42.45000076293945,0.0,67.74800109863281,True,True,54.90999984741211,0.0,65.8759994506836,True,True,88.86000061035156,0.0,75.32599639892578,True,True,38.95000076293945,0.0,74.38999938964844,True,True,48.650001525878906,0.0,75.5780029296875,True,True,46.209999084472656,0.0,66.75800323486328,True,True,59.45000076293945,-24.920000076293945,,,,45.84199905395508,210.0019989013672,46.20199966430664,136.0,34.0,
2021-08-29 07:00:00,,,,,48.810001373291016,0.0,73.50800323486328,True,True,100.0,0.0,75.21800231933594,True,True,67.9000015258789,0.0,75.47000122070312,True,True,61.47999954223633,0.0,78.4219970703125,True,True,40.95000076293945,0.0,73.04000091552734,True,True,42.04999923706055,0.0,67.49600219726562,True,True,54.97999954223633,0.0,65.78600311279297,True,True,93.66000366210938,0.0,74.8759994506836,True,True,44.20000076293945,0.0,74.4800033569336,True,True,46.88999938964844,0.0,75.52400207519531,True,True,46.34000015258789,0.0,66.50599670410156,True,True,59.470001220703125,-25.0,,,,47.65999984741211,210.0019989013672,48.70399856567383,144.0,36.0,
2021-08-29 07:15:00,,,,,50.20000076293945,0.0,74.10199737548828,True,True,100.0,0.0,75.36199951171875,True,True,61.529998779296875,0.0,75.27200317382812,True,True,64.22000122070312,0.0,78.9260025024414,True,True,41.93000030517578,0.0,73.11199951171875,True,True,44.83000183105469,0.0,68.03600311279297,True,True,55.029998779296875,0.0,65.8219985961914,True,True,91.62000274658203,0.0,75.16400146484375,True,True,39.04999923706055,0.0,74.38999938964844,True,True,44.79999923706055,0.0,75.52400207519531,True,True,44.689998626708984,0.0,66.39800262451172,True,True,59.400001525878906,-24.989999771118164,,,,43.48400115966797,210.0019989013672,43.95199966430664,136.0,34.0,
2021-08-29 07:30:00,,,,,38.11000061035156,0.0,74.4260025024414,True,True,100.0,0.0,75.36199951171875,True,True,58.15999984741211,0.0,75.36199951171875,True,True,56.52000045776367,0.0,79.1240005493164,True,True,39.65999984741211,0.0,73.22000122070312,True,True,43.34000015258789,0.0,68.21600341796875,True,True,54.56999969482422,0.0,65.64199829101562,True,True,87.27999877929688,0.0,75.18199920654297,True,True,40.599998474121094,0.0,74.44400024414062,True,True,44.22999954223633,0.0,75.59600067138672,True,True,44.93000030517578,0.0,66.39800262451172,True,True,59.459999084472656,-25.0,,,,42.54800033569336,210.0019989013672,43.06999969482422,136.0,34.0,
2021-08-29 07:45:00,,,,,40.400001525878906,0.0,75.16400146484375,True,True,96.94999694824219,0.0,75.27200317382812,True,True,62.2400016784668,0.0,75.39800262451172,True,True,64.37000274658203,0.0,79.84400177001953,True,True,39.970001220703125,0.0,73.2020034790039,True,True,44.880001068115234,0.0,68.43199920654297,True,True,55.25,0.0,65.98400115966797,True,True,92.12999725341797,0.0,75.27200317382812,True,True,39.650001525878906,0.0,74.44400024414062,True,True,51.81999969482422,0.0,75.63200378417969,True,True,46.04999923706055,0.0,66.91999816894531,True,True,59.459999084472656,-25.0,,,,43.4119987487793,210.0019989013672,44.00600051879883,136.0,34.0,
2021-08-29 08:00:00,,,,,38.810001373291016,0.0,75.54199981689453,True,True,98.33999633789062,0.0,75.05599975585938,True,True,56.220001220703125,0.0,75.36199951171875,True,True,57.13999938964844,0.0,79.447998046875,True,True,37.130001068115234,0.0,73.25599670410156,True,True,46.349998474121094,0.0,68.8280029296875,True,True,51.70000076293945,0.0,66.27200317382812,True,True,84.93000030517578,0.0,75.11000061035156,True,True,40.38999938964844,0.0,74.44400024414062,True,True,45.25,0.0,75.63200378417969,True,True,43.31999969482422,0.0,66.39800262451172,True,True,59.43000030517578,-25.0,,,,43.39400100708008,210.0019989013672,43.95199966430664,136.0,34.0,
2021-08-29 08:15:00,,,,,38.59000015258789,0.0,75.61399841308594,True,True,100.0,0.0,75.25399780273438,True,True,54.959999084472656,0.0,75.37999725341797,True,True,57.119998931884766,0.0,80.5999984741211,True,True,42.31999969482422,0.0,73.4000015258789,True,True,48.52000045776367,0.0,70.30400085449219,True,True,53.2400016784668,0.0,66.39800262451172,True,True,81.62999725341797,0.0,75.21800231933594,True,True,41.029998779296875,0.0,74.4800033569336,True,True,44.25,0.0,75.66799926757812,True,True,44.4900016784668,0.0,66.91999816894531,True,True,59.439998626708984,-24.989999771118164,,,,41.50400161743164,210.0019989013672,42.007999420166016,144.0,36.0,
2021-08-29 08:30:00,,,,,36.0099983215332,0.0,75.72200012207031,True,True,100.0,0.0,75.39800262451172,True,True,53.13999938964844,0.0,75.36199951171875,True,True,55.0099983215332,0.0,80.5999984741211,True,True,37.33000183105469,0.0,73.41799926757812,True,True,47.09000015258789,0.0,71.3479995727539,True,True,51.459999084472656,0.0,67.0999984741211,True,True,82.30000305175781,0.0,75.30799865722656,True,True,41.25,0.0,74.56999969482422,True,True,49.27000045776367,0.0,75.83000183105469,True,True,44.33000183105469,0.0,67.62200164794922,True,True,59.45000076293945,-25.0,,,,41.395999908447266,210.0019989013672,41.79199981689453,136.0,34.0,
2021-08-29 08:45:00,,,,,43.16999816894531,0.0,75.86599731445312,True,True,100.0,0.0,75.41600036621094,True,True,53.900001525878906,0.0,75.34400177001953,True,True,55.060001373291016,0.0,81.05000305175781,True,True,48.029998779296875,0.0,73.41799926757812,True,True,49.130001068115234,0.0,72.302001953125,True,True,53.95000076293945,0.0,67.89199829101562,True,True,73.30999755859375,0.0,75.25399780273438,True,True,41.68000030517578,0.0,74.6240005493164,True,True,44.65999984741211,0.0,75.88400268554688,True,True,45.7400016784668,0.0,68.30599975585938,True,True,59.43000030517578,-25.0,,,,41.32400131225586,210.0019989013672,41.70199966430664,136.0,34.0,
2021-08-29 09:00:00,,,,,40.86000061035156,0.0,75.7760009765625,True,True,97.98999786376953,0.0,75.54199981689453,True,True,52.790000915527344,0.0,75.39800262451172,True,True,53.97999954223633,0.0,81.55400085449219,True,True,40.70000076293945,0.0,73.50800323486328,True,True,46.93000030517578,0.0,73.54399871826172,True,True,52.15999984741211,0.0,68.88200378417969,True,True,71.4000015258789,0.0,75.36199951171875,True,True,47.11000061035156,0.0,74.60600280761719,True,True,47.29999923706055,0.0,75.95600128173828,True,True,41.869998931884766,0.0,69.40399932861328,True,True,59.4900016784668,-25.0,,,,45.96799850463867,210.0019989013672,46.97600173950195,136.0,34.0,
2021-08-29 09:15:00,,,,,42.72999954223633,0.0,76.40599822998047,True,True,100.0,0.0,75.63200378417969,True,True,58.869998931884766,0.0,75.4520034790039,True,True,66.1500015258789,0.0,81.15799713134766,True,True,39.18000030517578,0.0,73.56199645996094,True,True,52.86000061035156,0.0,74.93000030517578,True,True,52.68000030517578,0.0,69.49400329589844,True,True,71.31999969482422,0.0,75.41600036621094,True,True,33.58000183105469,0.0,74.66000366210938,True,True,47.95000076293945,0.0,75.9739990234375,True,True,39.70000076293945,0.0,69.90799713134766,True,True,59.5099983215332,-24.989999771118164,,,,44.02399826049805,210.0019989013672,44.52799987792969,136.0,34.0,
2021-08-29 09:30:00,,,,,45.13999938964844,0.0,76.06400299072266,True,True,100.0,0.0,75.63200378417969,True,True,55.77000045776367,0.0,75.4520034790039,True,True,61.709999084472656,0.0,82.02200317382812,True,True,43.0,0.0,73.54399871826172,True,True,59.529998779296875,0.0,76.22599792480469,True,True,54.880001068115234,0.0,70.66400146484375,True,True,69.23999786376953,0.0,75.30799865722656,True,True,45.31999969482422,0.0,74.6240005493164,True,True,42.5099983215332,0.0,75.99199676513672,True,True,45.86000061035156,0.0,71.13200378417969,True,True,59.5,-24.950000762939453,,,,42.566001892089844,210.0019989013672,43.10599899291992,136.0,34.0,
2021-08-29 09:45:00,,,,,37.150001525878906,0.0,76.08200073242188,True,True,100.0,0.0,75.7760009765625,True,True,53.11000061035156,0.0,75.39800262451172,True,True,62.04999923706055,0.0,82.7959976196289,True,True,40.7400016784668,0.0,73.61599731445312,True,True,53.33000183105469,0.0,77.37799835205078,True,True,59.220001220703125,0.0,71.6719970703125,True,True,76.22000122070312,0.0,75.48799896240234,True,True,48.95000076293945,0.0,74.80400085449219,True,True,46.209999084472656,0.0,75.99199676513672,True,True,46.459999084472656,0.0,72.03199768066406,True,True,59.470001220703125,-25.0,,,,42.0620002746582,210.0019989013672,42.349998474121094,136.0,34.0,
2021-08-29 10:00:00,,,,,41.40999984741211,0.0,76.0459976196289,True,True,100.0,0.0,75.83000183105469,True,True,54.5099983215332,0.0,75.4520034790039,True,True,61.790000915527344,0.0,82.88600158691406,True,True,44.20000076293945,0.0,73.63400268554688,True,True,54.279998779296875,0.0,77.9540023803711,True,True,55.25,0.0,72.78800201416016,True,True,75.37000274658203,0.0,75.52400207519531,True,True,44.279998779296875,0.0,74.80400085449219,True,True,48.75,0.0,75.99199676513672,True,True,47.560001373291016,0.0,73.12999725341797,True,True,59.43000030517578,-25.0,,,,41.70199966430664,210.0019989013672,42.20600128173828,144.0,36.0,
2021-08-29 10:15:00,,,,,40.400001525878906,0.0,75.9739990234375,True,True,95.47000122070312,0.0,76.20800018310547,True,True,51.9900016784668,0.0,75.36199951171875,True,True,61.88999938964844,0.0,83.6780014038086,True,True,40.38999938964844,0.0,73.61599731445312,True,True,47.529998779296875,0.0,80.31199645996094,True,True,55.65999984741211,0.0,74.02999877929688,True,True,70.45999908447266,0.0,75.66799926757812,True,True,35.599998474121094,0.0,74.78600311279297,True,True,46.79999923706055,0.0,75.99199676513672,True,True,45.150001525878906,0.0,74.30000305175781,True,True,59.40999984741211,-25.0,,,,42.72800064086914,210.0019989013672,42.99800109863281,136.0,34.0,
2021-08-29 10:30:00,,,,,37.2599983215332,0.0,75.93800354003906,True,True,97.80999755859375,0.0,76.31600189208984,True,True,55.04999923706055,0.0,75.4520034790039,True,True,66.08999633789062,0.0,83.98400115966797,True,True,40.2400016784668,0.0,73.7239990234375,True,True,46.4900016784668,0.0,81.08599853515625,True,True,56.2599983215332,0.0,75.03800201416016,True,True,70.0999984741211,0.0,75.52400207519531,True,True,42.83000183105469,0.0,74.78600311279297,True,True,42.56999969482422,0.0,75.95600128173828,True,True,47.060001373291016,0.0,75.37999725341797,True,True,59.439998626708984,-25.0,,,,45.24800109863281,210.0019989013672,45.5,136.0,34.0,
2021-08-29 10:45:00,,,,,43.939998626708984,0.0,76.13600158691406,True,True,94.94999694824219,0.0,76.2979965209961,True,True,59.40999984741211,0.0,75.47000122070312,True,True,70.54000091552734,0.0,84.11000061035156,True,True,41.09000015258789,0.0,73.70600128173828,True,True,45.88999938964844,0.0,81.1760025024414,True,True,56.2400016784668,0.0,75.86599731445312,True,True,71.98999786376953,0.0,75.54199981689453,True,True,36.630001068115234,0.0,74.75,True,True,50.04999923706055,0.0,75.99199676513672,True,True,71.8499984741211,0.0,76.1719970703125,True,True,59.38999938964844,-24.969999313354492,,,,47.31800079345703,210.0019989013672,47.624000549316406,136.0,34.0,
2021-08-29 11:00:00,,,,,40.25,0.0,76.11799621582031,True,True,100.0,0.0,75.7760009765625,True,True,62.72999954223633,0.0,75.50599670410156,True,True,73.20999908447266,0.0,85.40599822998047,True,True,43.75,0.0,73.81400299072266,True,True,51.470001220703125,0.0,81.64399719238281,True,True,59.13999938964844,0.0,76.40599822998047,True,True,68.75,0.0,75.50599670410156,True,True,39.849998474121094,0.0,74.78600311279297,True,True,48.150001525878906,0.0,75.99199676513672,True,True,46.02000045776367,0.0,76.71199798583984,True,True,59.5,-25.0,,,,47.731998443603516,210.0019989013672,48.11000061035156,136.0,34.0,
2021-08-29 11:15:00,,,,,46.20000076293945,0.0,76.44200134277344,True,True,100.0,0.0,75.79399871826172,True,True,63.52000045776367,0.0,75.5780029296875,True,True,72.37000274658203,0.0,86.30599975585938,True,True,46.279998779296875,0.0,73.94000244140625,True,True,49.61000061035156,0.0,83.37200164794922,True,True,64.16000366210938,0.0,77.28800201416016,True,True,73.5999984741211,0.0,75.68599700927734,True,True,40.06999969482422,0.0,74.80400085449219,True,True,48.150001525878906,0.0,75.99199676513672,True,True,47.02000045776367,0.0,77.25199890136719,True,True,59.45000076293945,-25.0,,,,47.56999969482422,210.0019989013672,47.98400115966797,136.0,34.0,
2021-08-29 11:30:00,,,,,46.310001373291016,0.0,76.78399658203125,True,True,100.0,0.0,75.95600128173828,True,True,64.19000244140625,0.0,75.5780029296875,True,True,74.66999816894531,0.0,86.03600311279297,True,True,46.09000015258789,0.0,73.88600158691406,True,True,53.06999969482422,0.0,82.90399932861328,True,True,67.3499984741211,0.0,77.66600036621094,True,True,77.70999908447266,0.0,75.59600067138672,True,True,42.040000915527344,0.0,74.76799774169922,True,True,47.95000076293945,0.0,76.01000213623047,True,True,52.04999923706055,0.0,77.97200012207031,True,True,59.470001220703125,-25.0,,,,47.29999923706055,210.0019989013672,47.69599914550781,144.0,36.0,
2021-08-29 11:45:00,,,,,45.04999923706055,0.0,77.05400085449219,True,True,100.0,0.0,76.01000213623047,True,True,62.47999954223633,0.0,75.5780029296875,True,True,74.83000183105469,0.0,85.8740005493164,True,True,43.77000045776367,0.0,73.76000213623047,True,True,51.029998779296875,0.0,82.48999786376953,True,True,65.80000305175781,0.0,78.40399932861328,True,True,83.41999816894531,0.0,75.79399871826172,True,True,43.08000183105469,0.0,74.89399719238281,True,True,51.20000076293945,0.0,76.0999984741211,True,True,53.470001220703125,0.0,78.74600219726562,True,True,59.45000076293945,-24.969999313354492,,,,47.534000396728516,210.0019989013672,47.858001708984375,144.0,36.0,
2021-08-29 12:00:00,,,,,46.029998779296875,0.0,77.79199981689453,True,True,95.8499984741211,0.0,76.19000244140625,True,True,62.86000061035156,0.0,75.5780029296875,True,True,77.68000030517578,0.0,86.08999633789062,True,True,44.08000183105469,0.0,73.97599792480469,True,True,50.95000076293945,0.0,83.15599822998047,True,True,67.13999938964844,0.0,79.80799865722656,True,True,80.0999984741211,0.0,75.79399871826172,True,True,33.63999938964844,0.0,74.8219985961914,True,True,50.84000015258789,0.0,76.08200073242188,True,True,50.849998474121094,0.0,80.33000183105469,True,True,59.43000030517578,-25.0,,,,47.51599884033203,210.0019989013672,47.93000030517578,136.0,34.0,
2021-08-29 12:15:00,,,,,50.540000915527344,0.0,78.76399993896484,True,True,99.5,0.0,76.33399963378906,True,True,62.08000183105469,0.0,75.5780029296875,True,True,81.6500015258789,0.0,85.33399963378906,True,True,46.619998931884766,0.0,73.94000244140625,True,True,49.90999984741211,0.0,81.94999694824219,True,True,68.13999938964844,0.0,79.50199890136719,True,True,86.20999908447266,0.0,75.79399871826172,True,True,40.63999938964844,0.0,74.89399719238281,True,True,47.61000061035156,0.0,76.11799621582031,True,True,53.779998779296875,0.0,80.4020004272461,True,True,59.43000030517578,-24.969999313354492,,,,47.29999923706055,210.0019989013672,47.69599914550781,136.0,34.0,
2021-08-29 12:30:00,,,,,47.72999954223633,0.0,78.58399963378906,True,True,100.0,0.0,76.56800079345703,True,True,68.13999938964844,0.0,75.55999755859375,True,True,81.3499984741211,0.0,85.38800048828125,True,True,43.06999969482422,0.0,73.94000244140625,True,True,49.56999969482422,0.0,81.15799713134766,True,True,69.58000183105469,0.0,79.98799896240234,True,True,82.19000244140625,0.0,75.79399871826172,True,True,47.83000183105469,0.0,74.91200256347656,True,True,55.459999084472656,0.0,76.1719970703125,True,True,49.369998931884766,0.0,80.83399963378906,True,True,59.4900016784668,-25.0,,,,47.5880012512207,210.0019989013672,47.89400100708008,144.0,36.0,
2021-08-29 12:45:00,,,,,51.58000183105469,0.0,78.67400360107422,True,True,100.0,0.0,76.42400360107422,True,True,65.51000213623047,0.0,75.52400207519531,True,True,84.77999877929688,0.0,85.06400299072266,True,True,48.459999084472656,0.0,73.99400329589844,True,True,48.25,0.0,80.99600219726562,True,True,69.01000213623047,0.0,79.59200286865234,True,True,91.26000213623047,0.0,75.79399871826172,True,True,43.61000061035156,0.0,74.91200256347656,True,True,46.86000061035156,0.0,76.1719970703125,True,True,52.33000183105469,0.0,80.4020004272461,True,True,59.4900016784668,-25.0,,,,47.60599899291992,210.0019989013672,48.055999755859375,144.0,36.0,
2021-08-29 13:00:00,,,,,51.459999084472656,0.0,78.40399932861328,True,True,94.55000305175781,0.0,75.75800323486328,True,True,65.05000305175781,0.0,75.61399841308594,True,True,85.23999786376953,0.0,85.24400329589844,True,True,43.400001525878906,0.0,73.99400329589844,True,True,48.93000030517578,0.0,81.01399993896484,True,True,70.76000213623047,0.0,78.72799682617188,True,True,86.62999725341797,0.0,75.72200012207031,True,True,43.06999969482422,0.0,74.78600311279297,True,True,55.33000183105469,0.0,76.1719970703125,True,True,48.939998626708984,0.0,79.71800231933594,True,True,59.459999084472656,-25.0,,,,47.40800094604492,210.0019989013672,47.7140007019043,152.0,38.0,
2021-08-29 13:15:00,,,,,52.869998931884766,0.0,77.97200012207031,True,True,100.0,0.0,76.11799621582031,True,True,65.56999969482422,0.0,75.66799926757812,True,True,87.51000213623047,0.0,85.91000366210938,True,True,44.380001068115234,0.0,73.9219970703125,True,True,54.689998626708984,0.0,82.48999786376953,True,True,71.36000061035156,0.0,78.49400329589844,True,True,97.04000091552734,0.0,75.81199645996094,True,True,40.65999984741211,0.0,74.98400115966797,True,True,47.90999984741211,0.0,76.22599792480469,True,True,55.619998931884766,0.0,78.99800109863281,True,True,59.560001373291016,-24.989999771118164,,,,47.012001037597656,210.0019989013672,47.49800109863281,136.0,34.0,
2021-08-29 13:30:00,,,,,57.099998474121094,0.0,78.31400299072266,True,True,100.0,0.0,76.38800048828125,True,True,67.41000366210938,0.0,75.73999786376953,True,True,87.3499984741211,0.0,85.62200164794922,True,True,47.9900016784668,0.0,74.0479965209961,True,True,54.52000045776367,0.0,82.16600036621094,True,True,71.43000030517578,0.0,78.24199676513672,True,True,86.47000122070312,0.0,75.6500015258789,True,True,44.13999938964844,0.0,74.93000030517578,True,True,53.33000183105469,0.0,76.2979965209961,True,True,55.099998474121094,0.0,78.81800079345703,True,True,59.439998626708984,-25.0,,,,47.22800064086914,210.0019989013672,47.5880012512207,144.0,36.0,
2021-08-29 13:45:00,,,,,53.61000061035156,0.0,78.5479965209961,True,True,100.0,0.0,76.49600219726562,True,True,66.31999969482422,0.0,75.66799926757812,True,True,93.69000244140625,0.0,85.35199737548828,True,True,43.36000061035156,0.0,73.97599792480469,True,True,54.630001068115234,0.0,81.44599914550781,True,True,72.81999969482422,0.0,78.5479965209961,True,True,95.51000213623047,0.0,75.81199645996094,True,True,44.779998779296875,0.0,74.98400115966797,True,True,53.83000183105469,0.0,76.24400329589844,True,True,76.66000366210938,0.0,78.87200164794922,True,True,59.5099983215332,-25.0,,,,46.54399871826172,210.0019989013672,47.012001037597656,144.0,36.0,
2021-08-29 14:00:00,,,,,51.90999984741211,0.0,78.24199676513672,True,True,100.0,0.0,76.60399627685547,True,True,65.2699966430664,0.0,75.61399841308594,True,True,85.77999877929688,0.0,84.88400268554688,True,True,43.310001373291016,0.0,73.99400329589844,True,True,53.810001373291016,0.0,80.65399932861328,True,True,71.72000122070312,0.0,78.36799621582031,True,True,90.20999908447266,0.0,75.7040023803711,True,True,45.40999984741211,0.0,75.0199966430664,True,True,49.4900016784668,0.0,76.37000274658203,True,True,55.150001525878906,0.0,78.5479965209961,True,True,59.5,-24.969999313354492,,,,47.04800033569336,210.0019989013672,47.444000244140625,144.0,36.0,
2021-08-29 14:15:00,,,,,46.31999969482422,0.0,78.27799987792969,True,True,100.0,0.0,76.1719970703125,True,True,67.33000183105469,0.0,75.59600067138672,True,True,87.0999984741211,0.0,84.52400207519531,True,True,43.790000915527344,0.0,73.97599792480469,True,True,52.779998779296875,0.0,80.13200378417969,True,True,71.08999633789062,0.0,78.5479965209961,True,True,98.5,0.0,75.93800354003906,True,True,41.400001525878906,0.0,74.947998046875,True,True,52.43000030517578,0.0,76.35199737548828,True,True,53.22999954223633,0.0,78.72799682617188,True,True,59.369998931884766,-24.950000762939453,,,,46.99399948120117,210.0019989013672,47.40800094604492,144.0,36.0,
2021-08-29 14:30:00,,,,,55.400001525878906,0.0,77.73799896240234,True,True,100.0,0.0,76.22599792480469,True,True,66.69999694824219,0.0,75.63200378417969,True,True,89.94999694824219,0.0,83.73200225830078,True,True,47.84000015258789,0.0,73.97599792480469,True,True,54.41999816894531,0.0,79.03399658203125,True,True,67.66000366210938,0.0,77.97200012207031,True,True,94.94999694824219,0.0,75.95600128173828,True,True,41.58000183105469,0.0,74.98400115966797,True,True,51.38999938964844,0.0,76.35199737548828,True,True,54.70000076293945,0.0,78.27799987792969,True,True,59.4900016784668,-24.950000762939453,,,,46.88600158691406,210.0019989013672,47.33599853515625,144.0,36.0,
2021-08-29 14:45:00,,,,,55.209999084472656,0.0,77.41400146484375,True,True,100.0,0.0,75.7760009765625,True,True,66.4800033569336,0.0,75.50599670410156,True,True,90.2699966430664,0.0,83.75,True,True,42.900001525878906,0.0,73.90399932861328,True,True,54.119998931884766,0.0,78.67400360107422,True,True,68.88999938964844,0.0,77.1259994506836,True,True,92.37000274658203,0.0,75.81199645996094,True,True,41.560001373291016,0.0,74.8759994506836,True,True,54.33000183105469,0.0,76.35199737548828,True,True,52.380001068115234,0.0,77.197998046875,True,True,59.5,-24.969999313354492,,,,45.24800109863281,210.0019989013672,45.78799819946289,144.0,36.0,
2021-08-29 15:00:00,,,,,51.209999084472656,0.0,77.197998046875,True,True,100.0,0.0,75.9739990234375,True,True,60.540000915527344,0.0,75.4520034790039,True,True,82.66000366210938,0.0,83.60600280761719,True,True,41.040000915527344,0.0,73.77799987792969,True,True,46.77000045776367,0.0,78.51200103759766,True,True,68.54000091552734,0.0,76.06400299072266,True,True,98.9000015258789,0.0,75.75800323486328,True,True,40.72999954223633,0.0,75.00199890136719,True,True,53.099998474121094,0.0,76.31600189208984,True,True,50.470001220703125,0.0,76.11799621582031,True,True,59.5099983215332,-25.0,,,,42.349998474121094,210.0019989013672,42.88999938964844,144.0,36.0,
2021-08-29 15:15:00,,,,,45.2599983215332,0.0,76.49600219726562,True,True,100.0,0.0,75.8479995727539,True,True,55.13999938964844,0.0,75.36199951171875,True,True,74.01000213623047,0.0,84.21800231933594,True,True,39.65999984741211,0.0,73.86799621582031,True,True,44.599998474121094,0.0,78.76399993896484,True,True,69.01000213623047,0.0,75.47000122070312,True,True,93.75,0.0,75.68599700927734,True,True,42.11000061035156,0.0,74.96600341796875,True,True,50.470001220703125,0.0,76.26200103759766,True,True,56.880001068115234,0.0,75.37999725341797,True,True,59.459999084472656,-24.989999771118164,,,,41.540000915527344,210.0019989013672,41.88199996948242,136.0,34.0,
2021-08-29 15:30:00,,,,,40.34000015258789,0.0,76.15399932861328,True,True,100.0,0.0,75.95600128173828,True,True,57.20000076293945,0.0,75.27200317382812,True,True,74.2300033569336,0.0,83.947998046875,True,True,43.310001373291016,0.0,73.88600158691406,True,True,45.43000030517578,0.0,78.56600189208984,True,True,64.16000366210938,0.0,75.14600372314453,True,True,99.69000244140625,0.0,75.75800323486328,True,True,39.91999816894531,0.0,74.91200256347656,True,True,50.119998931884766,0.0,76.22599792480469,True,True,51.040000915527344,0.0,75.03800201416016,True,True,59.439998626708984,-24.950000762939453,,,,43.178001403808594,210.0019989013672,43.52000045776367,152.0,38.0,
2021-08-29 15:45:00,,,,,39.36000061035156,0.0,76.22599792480469,True,True,95.7300033569336,0.0,75.54199981689453,True,True,58.95000076293945,0.0,75.36199951171875,True,True,72.2300033569336,0.0,85.38800048828125,True,True,43.310001373291016,0.0,73.94000244140625,True,True,47.65999984741211,0.0,78.4219970703125,True,True,59.720001220703125,0.0,75.18199920654297,True,True,85.37000274658203,0.0,75.66799926757812,True,True,38.15999984741211,0.0,74.89399719238281,True,True,42.779998779296875,0.0,76.24400329589844,True,True,47.16999816894531,0.0,75.03800201416016,True,True,59.45000076293945,-25.0,,,,42.349998474121094,210.0019989013672,42.83599853515625,136.0,34.0,
2021-08-29 16:00:00,,,,,40.90999984741211,0.0,77.1259994506836,True,True,98.44000244140625,0.0,75.7760009765625,True,True,55.04999923706055,0.0,75.37999725341797,True,True,67.69999694824219,0.0,85.1719970703125,True,True,40.060001373291016,0.0,73.94000244140625,True,True,50.11000061035156,0.0,78.72799682617188,True,True,61.279998779296875,0.0,75.72200012207031,True,True,79.4800033569336,0.0,75.4520034790039,True,True,38.86000061035156,0.0,74.83999633789062,True,True,43.66999816894531,0.0,76.24400329589844,True,True,46.810001373291016,0.0,75.63200378417969,True,True,59.459999084472656,-24.969999313354492,,,,41.25199890136719,210.0019989013672,41.305999755859375,144.0,36.0,
2021-08-29 16:15:00,,,,,51.31999969482422,0.0,76.91000366210938,True,True,100.0,0.0,75.7760009765625,True,True,76.45999908447266,0.0,75.4520034790039,True,True,96.97000122070312,0.0,86.48600006103516,True,True,46.47999954223633,0.0,74.02999877929688,True,True,63.43000030517578,0.0,79.39399719238281,True,True,63.70000076293945,0.0,75.48799896240234,True,True,81.4000015258789,0.0,75.54199981689453,True,True,41.2400016784668,0.0,74.91200256347656,True,True,49.34000015258789,0.0,76.24400329589844,True,True,73.9800033569336,0.0,75.63200378417969,True,True,59.529998779296875,-24.969999313354492,,,,50.540000915527344,210.0019989013672,50.79199981689453,136.0,34.0,
2021-08-29 16:30:00,,,,,50.439998626708984,0.0,76.98200225830078,True,True,100.0,0.0,75.88400268554688,True,True,66.36000061035156,0.0,75.54199981689453,True,True,79.33000183105469,0.0,87.99800109863281,True,True,46.0,0.0,74.02999877929688,True,True,52.70000076293945,0.0,79.41200256347656,True,True,60.7599983215332,0.0,76.26200103759766,True,True,79.52999877929688,0.0,75.66799926757812,True,True,41.0,0.0,74.96600341796875,True,True,42.560001373291016,0.0,76.31600189208984,True,True,48.20000076293945,0.0,76.44200134277344,True,True,59.459999084472656,-24.989999771118164,,,,47.51599884033203,210.0019989013672,47.80400085449219,136.0,34.0,
2021-08-29 16:45:00,,,,,50.59000015258789,0.0,77.59400177001953,True,True,100.0,0.0,75.9739990234375,True,True,67.16999816894531,0.0,75.48799896240234,True,True,73.62999725341797,0.0,86.62999725341797,True,True,46.97999954223633,0.0,73.97599792480469,True,True,53.22999954223633,0.0,79.08799743652344,True,True,78.37000274658203,0.0,76.40599822998047,True,True,76.98999786376953,0.0,75.7040023803711,True,True,47.470001220703125,0.0,75.09200286865234,True,True,46.38999938964844,0.0,76.37000274658203,True,True,53.790000915527344,0.0,77.21600341796875,True,True,59.45000076293945,-25.0,,,,46.07600021362305,210.0019989013672,46.66999816894531,144.0,36.0,
2021-08-29 17:00:00,,,,,46.02000045776367,0.0,77.9540023803711,True,True,93.98999786376953,0.0,75.95600128173828,True,True,61.560001373291016,0.0,75.50599670410156,True,True,70.0999984741211,0.0,87.0979995727539,True,True,43.16999816894531,0.0,73.99400329589844,True,True,49.84000015258789,0.0,78.9260025024414,True,True,71.30000305175781,0.0,75.86599731445312,True,True,99.58999633789062,0.0,75.9020004272461,True,True,48.630001068115234,0.0,75.37999725341797,True,True,51.16999816894531,0.0,76.60399627685547,True,True,58.90999984741211,0.0,76.71199798583984,True,True,59.45000076293945,-25.0,,,,43.124000549316406,210.0019989013672,43.59199905395508,136.0,34.0,
2021-08-29 17:15:00,,,,,42.93000030517578,0.0,77.10800170898438,True,True,94.51000213623047,0.0,75.99199676513672,True,True,57.63999938964844,0.0,75.4520034790039,True,True,60.040000915527344,0.8999999761581421,86.97200012207031,True,True,43.04999923706055,0.0,73.99400329589844,True,True,47.290000915527344,0.0,79.10600280761719,True,True,68.08999633789062,0.0,75.36199951171875,True,True,100.0,0.0,75.91999816894531,True,True,50.5099983215332,0.0,75.23600006103516,True,True,52.279998779296875,0.0,76.71199798583984,True,True,58.0099983215332,0.0,75.99199676513672,True,True,59.459999084472656,-24.969999313354492,,,,41.14400100708008,210.0019989013672,41.64799880981445,136.0,34.0,
2021-08-29 17:30:00,,,,,58.4900016784668,0.0,76.58599853515625,True,True,98.2699966430664,0.0,75.83000183105469,True,True,75.22000122070312,0.0,75.39800262451172,True,True,63.939998626708984,0.0,87.0260009765625,True,True,55.310001373291016,0.0,74.0479965209961,True,True,47.540000915527344,0.0,78.78199768066406,True,True,66.88999938964844,0.0,75.54199981689453,True,True,99.2699966430664,0.0,75.95600128173828,True,True,45.2599983215332,0.0,75.23600006103516,True,True,54.38999938964844,0.0,76.74800109863281,True,True,57.18000030517578,0.0,75.99199676513672,True,True,59.400001525878906,-24.969999313354492,,,,46.79600143432617,210.0019989013672,48.34400177001953,136.0,34.0,
2021-08-29 17:45:00,,,,,48.779998779296875,0.0,76.802001953125,True,True,100.0,0.0,75.95600128173828,True,True,60.13999938964844,0.0,75.47000122070312,True,True,61.11000061035156,0.0,85.56800079345703,True,True,44.189998626708984,0.0,74.06600189208984,True,True,46.54999923706055,0.0,77.64800262451172,True,True,63.720001220703125,0.0,76.08200073242188,True,True,100.0,0.0,75.8479995727539,True,True,44.72999954223633,0.0,75.21800231933594,True,True,50.540000915527344,0.0,76.71199798583984,True,True,57.099998474121094,0.0,76.53199768066406,True,True,59.4900016784668,-25.0,,,,44.2400016784668,210.0019989013672,44.582000732421875,144.0,36.0,
2021-08-29 18:00:00,,,,,41.06999969482422,0.0,76.2979965209961,True,True,96.69000244140625,0.0,75.95600128173828,True,True,58.79999923706055,0.0,75.25399780273438,True,True,58.25,0.0,85.65799713134766,True,True,43.06999969482422,0.0,73.97599792480469,True,True,47.630001068115234,0.0,76.9280014038086,True,True,58.34000015258789,0.0,75.81199645996094,True,True,91.63999938964844,0.0,75.86599731445312,True,True,39.52000045776367,0.0,75.19999694824219,True,True,47.810001373291016,0.0,76.71199798583984,True,True,52.619998931884766,0.0,76.2979965209961,True,True,59.40999984741211,-24.959999084472656,,,,45.26599884033203,210.0019989013672,45.59000015258789,136.0,34.0,
2021-08-29 18:15:00,,,,,40.45000076293945,0.0,76.26200103759766,True,True,96.70999908447266,0.0,75.95600128173828,True,True,59.880001068115234,0.0,75.34400177001953,True,True,57.06999969482422,0.0,85.06400299072266,True,True,46.20000076293945,0.0,73.95800018310547,True,True,51.75,0.0,76.13600158691406,True,True,63.52000045776367,0.0,74.96600341796875,True,True,100.0,0.0,75.93800354003906,True,True,40.75,0.0,75.19999694824219,True,True,56.060001373291016,0.0,76.7300033569336,True,True,57.529998779296875,0.0,75.19999694824219,True,True,59.470001220703125,-25.0,,,,44.2760009765625,210.0019989013672,44.672000885009766,136.0,34.0,
2021-08-29 18:30:00,,,,,44.52000045776367,0.0,75.93800354003906,True,True,95.83999633789062,0.0,75.81199645996094,True,True,62.54999923706055,0.0,75.36199951171875,True,True,57.290000915527344,0.0,85.20800018310547,True,True,44.34000015258789,0.0,73.94000244140625,True,True,52.27000045776367,0.0,75.68599700927734,True,True,62.84000015258789,0.0,73.97599792480469,True,True,94.20999908447266,0.0,75.88400268554688,True,True,47.65999984741211,0.0,75.09200286865234,True,True,46.22999954223633,0.0,76.62200164794922,True,True,58.18000030517578,0.0,73.94000244140625,True,True,59.470001220703125,-25.0,,,,46.417999267578125,210.0019989013672,47.012001037597656,144.0,36.0,
2021-08-29 18:45:00,,,,,48.56999969482422,0.0,76.15399932861328,True,True,100.0,0.0,75.7760009765625,True,True,64.52999877929688,0.0,75.41600036621094,True,True,62.619998931884766,0.0,85.24400329589844,True,True,46.290000915527344,0.0,73.86799621582031,True,True,53.97999954223633,0.0,75.30799865722656,True,True,64.98999786376953,0.0,72.93199920654297,True,True,97.08000183105469,0.0,75.81199645996094,True,True,42.7400016784668,0.0,75.0199966430664,True,True,49.41999816894531,0.0,76.60399627685547,True,True,54.08000183105469,0.0,72.84200286865234,True,True,59.45000076293945,-25.0,,,,47.08399963378906,210.0019989013672,47.534000396728516,136.0,34.0,
2021-08-29 19:00:00,,,,,44.16999816894531,0.0,75.7040023803711,True,True,100.0,0.0,75.95600128173828,True,True,63.720001220703125,0.0,75.36199951171875,True,True,59.13999938964844,0.0,85.06400299072266,True,True,42.959999084472656,0.0,73.9219970703125,True,True,53.689998626708984,0.0,75.19999694824219,True,True,61.099998474121094,0.0,72.06800079345703,True,True,91.2300033569336,0.0,75.68599700927734,True,True,39.02000045776367,0.0,74.98400115966797,True,True,48.25,0.0,76.60399627685547,True,True,48.130001068115234,0.0,71.88800048828125,True,True,59.439998626708984,-25.0,,,,46.16600036621094,210.0019989013672,46.66999816894531,136.0,34.0,
2021-08-29 19:15:00,,,,,50.380001068115234,0.0,75.50599670410156,True,True,100.0,0.0,75.95600128173828,True,True,62.0099983215332,0.0,75.32599639892578,True,True,56.060001373291016,0.0,85.02799987792969,True,True,46.849998474121094,0.0,73.86799621582031,True,True,52.25,0.0,74.947998046875,True,True,67.94999694824219,0.0,71.56400299072266,True,True,91.5,0.0,75.75800323486328,True,True,43.150001525878906,0.0,74.98400115966797,True,True,48.279998779296875,0.0,76.49600219726562,True,True,56.72999954223633,0.0,71.2760009765625,True,True,59.439998626708984,-25.0,,,,45.428001403808594,210.0019989013672,45.84199905395508,136.0,34.0,
2021-08-29 19:30:00,,,,,45.400001525878906,0.0,75.23600006103516,True,True,100.0,0.0,75.93800354003906,True,True,61.709999084472656,0.0,75.30799865722656,True,True,54.45000076293945,0.0,85.24400329589844,True,True,44.75,0.0,73.97599792480469,True,True,51.34000015258789,0.0,75.00199890136719,True,True,67.72000122070312,0.0,71.2760009765625,True,True,100.0,0.0,75.72200012207031,True,True,43.79999923706055,0.0,74.8759994506836,True,True,52.11000061035156,0.0,76.42400360107422,True,True,53.459999084472656,0.0,71.3479995727539,True,True,59.439998626708984,-25.0,,,,45.194000244140625,210.0019989013672,45.625999450683594,136.0,34.0,
2021-08-29 19:45:00,,,,,45.83000183105469,0.0,74.83999633789062,True,True,100.0,0.0,75.95600128173828,True,True,59.630001068115234,0.0,75.37999725341797,True,True,52.630001068115234,0.0,85.1719970703125,True,True,41.93000030517578,0.0,73.83200073242188,True,True,45.86000061035156,0.0,74.64199829101562,True,True,64.27999877929688,0.0,71.2040023803711,True,True,96.29000091552734,0.0,75.63200378417969,True,True,41.209999084472656,0.0,74.91200256347656,True,True,51.630001068115234,0.0,76.42400360107422,True,True,51.400001525878906,0.0,71.5999984741211,True,True,59.5,-25.0,,,,45.013999938964844,210.0019989013672,45.428001403808594,136.0,34.0,
2021-08-29 20:00:00,,,,,41.380001068115234,0.0,74.93000030517578,True,True,97.83000183105469,0.0,75.7760009765625,True,True,57.849998474121094,0.0,75.30799865722656,True,True,51.09000015258789,0.0,85.24400329589844,True,True,41.209999084472656,0.0,73.77799987792969,True,True,45.16999816894531,0.0,74.4260025024414,True,True,63.209999084472656,0.0,71.09600067138672,True,True,92.79000091552734,0.0,75.54199981689453,True,True,39.58000183105469,0.0,74.8759994506836,True,True,45.18000030517578,0.0,76.24400329589844,True,True,49.77000045776367,0.0,71.38400268554688,True,True,59.4900016784668,-24.969999313354492,,,,44.816001892089844,210.0019989013672,45.24800109863281,136.0,34.0,
2021-08-29 20:15:00,,,,,47.91999816894531,0.0,74.89399719238281,True,True,96.48999786376953,0.0,75.81199645996094,True,True,59.709999084472656,0.0,75.30799865722656,True,True,50.66999816894531,0.0,84.7760009765625,True,True,39.04999923706055,0.0,73.81400299072266,True,True,46.0099983215332,0.0,74.40799713134766,True,True,61.349998474121094,0.0,71.31199645996094,True,True,95.20999908447266,0.0,75.61399841308594,True,True,39.08000183105469,0.0,74.8759994506836,True,True,46.0,0.0,76.24400329589844,True,True,50.16999816894531,0.0,71.70800018310547,True,True,59.5099983215332,-25.0,,,,46.11199951171875,210.0019989013672,46.61600112915039,144.0,36.0,
2021-08-29 20:30:00,,,,,50.619998931884766,0.0,74.46199798583984,True,True,100.0,0.0,75.88400268554688,True,True,59.77000045776367,0.0,75.30799865722656,True,True,50.83000183105469,0.0,84.55999755859375,True,True,41.41999816894531,0.0,73.7239990234375,True,True,46.650001525878906,0.0,73.8499984741211,True,True,61.04999923706055,0.0,71.04199981689453,True,True,93.5999984741211,0.0,75.43399810791016,True,True,41.349998474121094,0.0,74.8219985961914,True,True,48.66999816894531,0.0,76.24400329589844,True,True,56.040000915527344,0.0,71.45600128173828,True,True,59.439998626708984,-25.0,,,,43.268001556396484,210.0019989013672,43.790000915527344,136.0,34.0,
2021-08-29 20:45:00,,,,,41.720001220703125,0.0,74.22799682617188,True,True,100.0,0.0,75.95600128173828,True,True,53.15999984741211,0.0,75.32599639892578,True,True,46.45000076293945,0.0,84.52400207519531,True,True,43.099998474121094,0.0,73.68800354003906,True,True,43.18000030517578,0.0,73.66999816894531,True,True,61.27000045776367,0.0,70.73600006103516,True,True,83.63999938964844,0.0,75.54199981689453,True,True,43.06999969482422,0.0,74.69599914550781,True,True,45.060001373291016,0.0,76.1719970703125,True,True,52.41999816894531,0.0,71.16799926757812,True,True,59.529998779296875,-24.969999313354492,,,,41.52199935913086,210.0019989013672,41.88199996948242,136.0,34.0,
2021-08-29 21:00:00,,,,,37.34000015258789,0.0,74.60600280761719,True,True,100.0,0.0,75.83000183105469,True,True,51.47999954223633,0.0,75.39800262451172,True,True,46.61000061035156,0.0,84.43399810791016,True,True,40.310001373291016,0.0,73.6520004272461,True,True,45.84000015258789,0.0,73.48999786376953,True,True,63.02000045776367,0.0,70.41200256347656,True,True,85.80999755859375,0.0,75.34400177001953,True,True,43.52000045776367,0.0,74.83999633789062,True,True,52.45000076293945,0.0,76.11799621582031,True,True,49.4900016784668,0.0,70.91600036621094,True,True,59.529998779296875,-25.0,,,,41.32400131225586,210.0019989013672,41.75600051879883,136.0,34.0,
2021-08-29 21:15:00,,,,,38.63999938964844,0.0,75.36199951171875,True,True,95.94999694824219,0.0,75.81199645996094,True,True,50.650001525878906,0.0,75.19999694824219,True,True,45.33000183105469,0.0,84.52400207519531,True,True,37.41999816894531,0.0,73.7239990234375,True,True,43.439998626708984,0.0,73.3280029296875,True,True,57.810001373291016,0.0,70.10600280761719,True,True,81.3499984741211,0.0,75.54199981689453,True,True,39.88999938964844,0.0,74.80400085449219,True,True,46.869998931884766,0.0,76.13600158691406,True,True,45.25,0.0,70.41200256347656,True,True,59.5099983215332,-24.950000762939453,,,,41.52199935913086,210.0019989013672,41.88199996948242,136.0,34.0,
2021-08-29 21:30:00,,,,,40.349998474121094,0.0,74.80400085449219,True,True,99.87000274658203,0.0,75.7760009765625,True,True,50.060001373291016,0.0,75.23600006103516,True,True,44.04999923706055,0.0,84.52400207519531,True,True,37.90999984741211,0.0,73.68800354003906,True,True,40.790000915527344,0.0,73.25599670410156,True,True,57.33000183105469,0.0,70.01599884033203,True,True,74.18000030517578,0.9899999499320984,75.54199981689453,True,True,36.959999084472656,0.0,74.89399719238281,True,True,45.09000015258789,0.0,76.06400299072266,True,True,45.290000915527344,0.0,70.55599975585938,True,True,59.439998626708984,-24.969999313354492,,,,41.52199935913086,210.0019989013672,41.93600082397461,136.0,34.0,
2021-08-29 21:45:00,,,,,39.459999084472656,0.0,75.59600067138672,True,True,97.23999786376953,0.0,75.75800323486328,True,True,50.09000015258789,0.0,75.23600006103516,True,True,42.779998779296875,0.0,84.52400207519531,True,True,43.20000076293945,0.0,73.68800354003906,True,True,39.470001220703125,0.0,73.11199951171875,True,True,56.790000915527344,0.0,70.052001953125,True,True,69.23999786376953,2.549999952316284,75.43399810791016,True,True,37.56999969482422,0.0,74.71399688720703,True,True,41.06999969482422,0.0,76.0459976196289,True,True,43.84000015258789,0.0,70.62799835205078,True,True,59.56999969482422,-24.959999084472656,,,,41.683998107910156,210.0019989013672,42.0620002746582,136.0,34.0,
2021-08-29 22:00:00,,,,,39.189998626708984,0.0,75.50599670410156,True,True,97.62999725341797,0.0,75.7760009765625,True,True,48.52000045776367,0.0,75.27200317382812,True,True,42.0,0.0,84.52400207519531,True,True,38.16999816894531,0.0,73.66999816894531,True,True,39.97999954223633,0.0,72.93199920654297,True,True,55.08000183105469,0.0,69.72799682617188,True,True,66.8499984741211,2.9100000858306885,75.34400177001953,True,True,43.220001220703125,0.0,74.73200225830078,True,True,43.02000045776367,0.0,75.99199676513672,True,True,48.040000915527344,0.0,70.19599914550781,True,True,59.439998626708984,-25.0,,,,41.61199951171875,210.0019989013672,42.007999420166016,136.0,34.0,
2021-08-29 22:15:00,,,,,38.720001220703125,0.0,75.52400207519531,True,True,100.0,0.0,75.66799926757812,True,True,47.33000183105469,0.0,75.18199920654297,True,True,40.88999938964844,0.0,84.52400207519531,True,True,41.130001068115234,0.0,73.63400268554688,True,True,43.349998474121094,0.0,72.89600372314453,True,True,54.72999954223633,0.0,69.9800033569336,True,True,64.88999938964844,2.7200000286102295,75.32599639892578,True,True,38.20000076293945,0.0,74.73200225830078,True,True,36.869998931884766,0.0,75.99199676513672,True,True,42.619998931884766,0.0,70.26799774169922,True,True,59.5099983215332,-24.969999313354492,,,,41.57600021362305,210.0019989013672,41.9900016784668,128.0,32.0,
2021-08-29 22:30:00,,,,,38.470001220703125,0.0,75.9020004272461,True,True,100.0,0.0,75.41600036621094,True,True,49.11000061035156,0.0,75.25399780273438,True,True,41.900001525878906,0.0,84.66799926757812,True,True,41.52000045776367,0.0,73.63400268554688,True,True,43.56999969482422,0.0,72.80599975585938,True,True,55.22999954223633,0.0,69.69200134277344,True,True,63.0,2.759999990463257,75.39800262451172,True,True,37.790000915527344,0.0,74.73200225830078,True,True,42.540000915527344,0.0,75.99199676513672,True,True,44.52000045776367,0.0,70.26799774169922,True,True,59.529998779296875,-25.0,,,,41.683998107910156,210.0019989013672,42.04399871826172,136.0,34.0,
2021-08-29 22:45:00,,,,,37.58000183105469,0.0,74.96600341796875,True,True,100.0,0.0,75.5780029296875,True,True,48.27000045776367,0.0,75.19999694824219,True,True,40.68000030517578,0.0,84.4520034790039,True,True,40.70000076293945,0.0,73.50800323486328,True,True,45.5,0.0,72.8239974975586,True,True,54.16999816894531,0.0,69.69200134277344,True,True,60.88999938964844,2.6500000953674316,75.34400177001953,True,True,40.34000015258789,0.0,74.73200225830078,True,True,39.70000076293945,0.0,75.99199676513672,True,True,42.59000015258789,0.0,70.1240005493164,True,True,59.470001220703125,-25.0,,,,41.57600021362305,210.0019989013672,41.93600082397461,136.0,34.0,
2021-08-29 23:00:00,,,,,41.09000015258789,0.0,75.72200012207031,True,True,100.0,0.0,75.54199981689453,True,True,55.209999084472656,0.0,75.27200317382812,True,True,45.689998626708984,0.0,84.54199981689453,True,True,39.38999938964844,0.0,73.63400268554688,True,True,47.97999954223633,0.0,72.55400085449219,True,True,53.70000076293945,0.0,69.60199737548828,True,True,58.65999984741211,2.9000000953674316,75.23600006103516,True,True,36.810001373291016,0.0,74.6780014038086,True,True,49.27000045776367,0.0,75.9020004272461,True,True,42.150001525878906,0.0,70.41200256347656,True,True,59.540000915527344,-24.950000762939453,,,,41.88199996948242,210.0019989013672,42.349998474121094,136.0,34.0,
2021-08-29 23:15:00,,,,,47.40999984741211,0.0,74.78600311279297,True,True,100.0,0.0,75.41600036621094,True,True,54.040000915527344,0.0,75.32599639892578,True,True,46.5099983215332,0.0,84.75800323486328,True,True,44.41999816894531,0.0,73.56199645996094,True,True,44.560001373291016,0.0,72.64399719238281,True,True,53.22999954223633,0.0,69.78199768066406,True,True,58.790000915527344,1.600000023841858,75.25399780273438,True,True,35.56999969482422,0.0,74.66000366210938,True,True,42.90999984741211,0.0,75.9020004272461,True,True,40.68000030517578,0.0,70.26799774169922,True,True,59.4900016784668,-24.969999313354492,,,,43.790000915527344,210.0019989013672,43.84400177001953,136.0,34.0,
2021-08-29 23:30:00,,,,,41.43000030517578,0.0,74.4800033569336,True,True,100.0,0.0,75.5780029296875,True,True,61.65999984741211,0.0,75.34400177001953,True,True,51.09000015258789,0.0,84.54199981689453,True,True,45.7400016784668,0.0,73.6520004272461,True,True,51.84000015258789,0.0,72.53600311279297,True,True,57.79999923706055,0.0,69.99800109863281,True,True,65.44000244140625,0.0,75.48799896240234,True,True,41.95000076293945,0.0,74.66000366210938,True,True,42.66999816894531,0.0,75.93800354003906,True,True,45.72999954223633,0.0,70.447998046875,True,True,59.43000030517578,-24.969999313354492,,,,48.9379997253418,210.0019989013672,49.33399963378906,136.0,34.0,
2021-08-29 23:45:00,,,,,49.849998474121094,0.0,74.89399719238281,True,True,100.0,0.0,75.7760009765625,True,True,63.790000915527344,0.0,75.37999725341797,True,True,54.93000030517578,0.0,84.34400177001953,True,True,43.540000915527344,0.0,73.56199645996094,True,True,51.70000076293945,0.0,72.28399658203125,True,True,58.54999923706055,0.0,70.052001953125,True,True,60.470001220703125,0.0,75.52400207519531,True,True,41.63999938964844,0.0,74.66000366210938,True,True,48.84000015258789,0.0,75.99199676513672,True,True,47.16999816894531,0.0,70.46600341796875,True,True,59.54999923706055,-24.969999313354492,,,,47.7140007019043,210.0019989013672,48.11000061035156,128.0,32.0,
2021-08-30 00:00:00,,,,,73.94000244140625,0.0,74.73200225830078,True,True,100.0,0.0,75.86599731445312,True,True,65.0999984741211,0.0,75.34400177001953,True,True,56.7599983215332,0.0,84.14600372314453,True,True,47.70000076293945,0.0,73.5979995727539,True,True,50.93000030517578,0.0,71.97799682617188,True,True,60.66999816894531,0.0,69.65599822998047,True,True,66.19999694824219,0.0,75.34400177001953,True,True,42.849998474121094,0.0,74.66000366210938,True,True,48.38999938964844,0.0,75.93800354003906,True,True,47.459999084472656,0.0,70.3219985961914,True,True,59.529998779296875,-24.969999313354492,,,,47.678001403808594,210.0019989013672,48.02000045776367,136.0,34.0,
2021-08-30 00:15:00,,,,,55.75,0.0,74.22799682617188,True,True,100.0,0.0,75.95600128173828,True,True,71.87999725341797,0.0,75.37999725341797,True,True,59.380001068115234,0.0,84.21800231933594,True,True,52.72999954223633,0.0,73.63400268554688,True,True,50.11000061035156,0.0,72.10399627685547,True,True,68.08999633789062,0.0,69.52999877929688,True,True,76.33999633789062,0.0,75.4520034790039,True,True,44.9900016784668,0.0,74.73200225830078,True,True,47.720001220703125,0.0,75.99199676513672,True,True,55.0099983215332,0.0,70.26799774169922,True,True,59.4900016784668,-25.0,,,,48.30799865722656,210.0019989013672,48.88399887084961,136.0,34.0,
2021-08-30 00:30:00,,,,,53.15999984741211,0.0,74.24600219726562,True,True,94.80999755859375,0.0,75.7760009765625,True,True,66.3499984741211,0.0,75.36199951171875,True,True,57.34000015258789,0.0,84.14600372314453,True,True,48.459999084472656,0.0,73.50800323486328,True,True,53.810001373291016,0.0,72.03199768066406,True,True,63.79999923706055,0.0,69.81800079345703,True,True,82.81999969482422,0.0,75.36199951171875,True,True,46.130001068115234,0.0,74.69599914550781,True,True,43.20000076293945,0.0,75.9739990234375,True,True,48.779998779296875,0.0,70.1240005493164,True,True,59.4900016784668,-25.0,,,,46.97600173950195,210.0019989013672,47.51599884033203,136.0,34.0,
2021-08-30 00:45:00,,,,,53.04999923706055,0.0,74.28199768066406,True,True,99.11000061035156,0.0,75.81199645996094,True,True,66.66999816894531,0.0,75.37999725341797,True,True,55.2599983215332,0.0,84.05599975585938,True,True,43.959999084472656,0.0,73.5260009765625,True,True,52.02000045776367,0.0,71.85199737548828,True,True,65.48999786376953,0.0,69.74600219726562,True,True,81.4800033569336,0.0,75.43399810791016,True,True,43.959999084472656,0.0,74.76799774169922,True,True,47.150001525878906,0.0,75.99199676513672,True,True,49.04999923706055,0.0,70.1240005493164,True,True,59.470001220703125,-25.0,,,,46.63399887084961,210.0019989013672,47.10200119018555,136.0,34.0,
2021-08-30 01:00:00,,,,,50.220001220703125,0.0,73.95800018310547,True,True,100.0,0.0,75.95600128173828,True,True,66.36000061035156,0.0,75.37999725341797,True,True,54.959999084472656,0.0,84.18199920654297,True,True,48.189998626708984,0.0,73.54399871826172,True,True,52.290000915527344,0.0,72.06800079345703,True,True,65.87999725341797,0.0,69.83599853515625,True,True,93.76000213623047,0.0,75.36199951171875,True,True,46.2599983215332,0.0,74.6780014038086,True,True,52.68000030517578,0.0,75.99199676513672,True,True,51.5,0.0,70.1240005493164,True,True,59.4900016784668,-25.0,,,,46.742000579833984,210.0019989013672,47.13800048828125,136.0,34.0,
2021-08-30 01:15:00,,,,,53.189998626708984,0.0,74.22799682617188,True,True,100.0,0.0,75.9739990234375,True,True,66.55999755859375,0.0,75.36199951171875,True,True,54.97999954223633,0.0,83.89399719238281,True,True,47.150001525878906,0.0,73.50800323486328,True,True,52.689998626708984,0.0,71.7979965209961,True,True,63.779998779296875,0.0,69.76399993896484,True,True,87.61000061035156,0.0,75.34400177001953,True,True,43.619998931884766,0.0,74.69599914550781,True,True,52.08000183105469,0.0,75.93800354003906,True,True,48.61000061035156,0.0,70.01599884033203,True,True,59.439998626708984,-25.0,,,,49.22600173950195,210.0019989013672,49.47800064086914,128.0,32.0,
2021-08-30 01:30:00,,,,,66.76000213623047,0.0,74.73200225830078,True,True,100.0,0.0,75.95600128173828,True,True,77.43000030517578,0.0,75.37999725341797,True,True,60.04999923706055,0.0,83.69599914550781,True,True,49.95000076293945,0.0,73.50800323486328,True,True,54.279998779296875,0.0,71.45600128173828,True,True,66.04000091552734,0.0,69.67400360107422,True,True,94.31999969482422,0.0,75.48799896240234,True,True,42.939998626708984,0.0,74.66000366210938,True,True,49.689998626708984,0.0,75.88400268554688,True,True,52.77000045776367,0.0,70.1240005493164,True,True,59.459999084472656,-24.989999771118164,,,,49.29800033569336,210.0019989013672,49.891998291015625,136.0,34.0,
2021-08-30 01:45:00,,,,,57.88999938964844,0.0,73.58000183105469,True,True,95.05999755859375,0.0,75.7760009765625,True,True,73.83999633789062,0.0,75.29000091552734,True,True,59.34000015258789,0.0,83.35399627685547,True,True,46.650001525878906,0.0,73.48999786376953,True,True,55.970001220703125,0.0,71.38400268554688,True,True,64.5999984741211,0.0,69.67400360107422,True,True,84.7699966430664,0.0,75.36199951171875,True,True,42.599998474121094,0.0,74.66000366210938,True,True,50.099998474121094,0.0,75.88400268554688,True,True,49.79999923706055,0.0,69.90799713134766,True,True,59.43000030517578,-24.989999771118164,,,,49.262001037597656,210.0019989013672,49.53200149536133,136.0,34.0,
2021-08-30 02:00:00,,,,,63.38999938964844,0.0,73.63400268554688,True,True,100.0,0.0,75.91999816894531,True,True,74.7300033569336,0.0,75.34400177001953,True,True,62.43000030517578,0.0,83.46199798583984,True,True,50.060001373291016,0.0,73.4540023803711,True,True,57.220001220703125,0.0,71.13200378417969,True,True,69.38999938964844,0.0,69.94400024414062,True,True,95.43000030517578,0.0,75.16400146484375,True,True,44.29999923706055,0.0,74.552001953125,True,True,48.54999923706055,0.0,75.88400268554688,True,True,51.869998931884766,0.0,69.87200164794922,True,True,59.40999984741211,-25.0,,,,48.52399826049805,210.0019989013672,49.06399917602539,136.0,34.0,
2021-08-30 02:15:00,,,,,62.720001220703125,0.0,73.61599731445312,True,True,100.0,0.0,75.93800354003906,True,True,73.69000244140625,0.0,75.30799865722656,True,True,61.45000076293945,0.0,83.02999877929688,True,True,44.45000076293945,0.0,73.38200378417969,True,True,56.68000030517578,0.0,70.9520034790039,True,True,71.87000274658203,0.0,69.69200134277344,True,True,100.0,0.0,75.27200317382812,True,True,43.040000915527344,0.0,74.58799743652344,True,True,53.779998779296875,0.0,75.81199645996094,True,True,53.189998626708984,0.0,69.76399993896484,True,True,59.45000076293945,-24.950000762939453,,,,48.055999755859375,210.0019989013672,48.433998107910156,136.0,34.0,
2021-08-30 02:30:00,,,,,63.709999084472656,0.0,73.70600128173828,True,True,100.0,0.0,75.9739990234375,True,True,73.79000091552734,0.0,75.27200317382812,True,True,60.959999084472656,0.0,83.17400360107422,True,True,45.08000183105469,0.0,73.4000015258789,True,True,56.040000915527344,0.0,71.02400207519531,True,True,72.16999816894531,0.0,69.44000244140625,True,True,100.0,0.0,75.36199951171875,True,True,46.5099983215332,0.0,74.6240005493164,True,True,48.5099983215332,0.0,75.75800323486328,True,True,51.86000061035156,0.0,69.52999877929688,True,True,59.459999084472656,-25.0,,,,48.20000076293945,210.0019989013672,48.54199981689453,136.0,34.0,
2021-08-30 02:45:00,,,,,59.29999923706055,0.0,73.76000213623047,True,True,100.0,0.0,75.9020004272461,True,True,73.68000030517578,0.0,75.27200317382812,True,True,57.52000045776367,0.0,83.24600219726562,True,True,49.040000915527344,0.0,73.25599670410156,True,True,56.38999938964844,0.0,71.0780029296875,True,True,70.88999938964844,0.0,69.47599792480469,True,True,100.0,0.0,75.16400146484375,True,True,43.720001220703125,0.0,74.552001953125,True,True,55.060001373291016,0.0,75.7040023803711,True,True,52.599998474121094,0.0,69.58399963378906,True,True,59.4900016784668,-25.0,,,,48.21799850463867,210.0019989013672,48.61399841308594,136.0,34.0,
2021-08-30 03:00:00,,,,,64.98999786376953,0.0,74.10199737548828,True,True,100.0,0.0,75.93800354003906,True,True,74.31999969482422,0.0,75.30799865722656,True,True,61.20000076293945,0.0,83.46199798583984,True,True,45.400001525878906,0.0,73.3280029296875,True,True,53.5099983215332,0.0,71.09600067138672,True,True,69.80999755859375,0.0,69.45800018310547,True,True,100.0,0.0,75.21800231933594,True,True,42.5099983215332,0.0,74.4800033569336,True,True,46.54999923706055,0.0,75.68599700927734,True,True,50.959999084472656,0.0,69.47599792480469,True,True,59.470001220703125,-24.969999313354492,,,,48.39799880981445,210.0019989013672,48.8120002746582,136.0,34.0,
2021-08-30 03:15:00,,,,,62.439998626708984,0.0,74.01200103759766,True,True,99.3499984741211,0.0,75.8479995727539,True,True,79.33000183105469,0.0,75.25399780273438,True,True,59.709999084472656,0.0,83.552001953125,True,True,44.5,0.0,73.34600067138672,True,True,50.18000030517578,0.0,71.16799926757812,True,True,70.51000213623047,0.0,69.36799621582031,True,True,100.0,0.0,75.21800231933594,True,True,41.93000030517578,0.0,74.46199798583984,True,True,49.91999816894531,0.0,75.66799926757812,True,True,68.47000122070312,0.0,69.58399963378906,True,True,59.459999084472656,-24.989999771118164,,,,48.50600051879883,210.0019989013672,48.902000427246094,136.0,34.0,
2021-08-30 03:30:00,,,,,67.41999816894531,0.0,74.93000030517578,True,True,100.0,0.0,75.8479995727539,True,True,80.2699966430664,0.0,75.32599639892578,True,True,60.0,0.0,83.37200164794922,True,True,52.72999954223633,0.0,73.5260009765625,True,True,54.380001068115234,0.0,71.09600067138672,True,True,70.75,0.0,69.3499984741211,True,True,100.0,0.0,74.98400115966797,True,True,45.900001525878906,0.0,74.40799713134766,True,True,49.5099983215332,0.0,75.59600067138672,True,True,54.54999923706055,0.0,69.65599822998047,True,True,59.54999923706055,-25.0,,,,48.59600067138672,210.0019989013672,48.9739990234375,136.0,34.0,
2021-08-30 03:45:00,,,,,68.4000015258789,0.0,73.5260009765625,True,True,100.0,0.0,75.88400268554688,True,True,80.72000122070312,0.0,75.27200317382812,True,True,61.29999923706055,0.0,83.69599914550781,True,True,48.90999984741211,0.0,73.54399871826172,True,True,58.81999969482422,0.0,71.38400268554688,True,True,71.62999725341797,0.0,68.84600067138672,True,True,100.0,0.0,75.12799835205078,True,True,48.630001068115234,0.0,74.40799713134766,True,True,50.439998626708984,0.0,75.50599670410156,True,True,52.540000915527344,0.0,69.2959976196289,True,True,59.470001220703125,-24.969999313354492,,,,48.59600067138672,210.0019989013672,48.992000579833984,136.0,34.0,
2021-08-30 04:00:00,,,,,63.88999938964844,0.0,73.90399932861328,True,True,97.56999969482422,0.0,75.93800354003906,True,True,83.36000061035156,0.0,75.34400177001953,True,True,61.720001220703125,0.0,83.51599884033203,True,True,48.029998779296875,0.0,73.47200012207031,True,True,58.95000076293945,0.0,71.13200378417969,True,True,72.26000213623047,0.0,68.91799926757812,True,True,100.0,0.0,75.18199920654297,True,True,46.52000045776367,0.0,74.4800033569336,True,True,51.529998779296875,0.0,75.59600067138672,True,True,57.40999984741211,0.0,69.2239990234375,True,True,59.40999984741211,-25.0,,,,48.54199981689453,210.0019989013672,48.9739990234375,136.0,34.0,
2021-08-30 04:15:00,,,,,69.62999725341797,0.0,74.0479965209961,True,True,100.0,0.0,75.95600128173828,True,True,85.0999984741211,0.0,75.30799865722656,True,True,62.5099983215332,0.0,83.51599884033203,True,True,51.619998931884766,0.0,73.36399841308594,True,True,58.790000915527344,0.0,70.9520034790039,True,True,73.16000366210938,0.0,68.98999786376953,True,True,100.0,0.0,75.25399780273438,True,True,46.029998779296875,0.0,74.58799743652344,True,True,55.45000076293945,0.0,75.63200378417969,True,True,56.650001525878906,0.0,69.38600158691406,True,True,59.470001220703125,-24.969999313354492,,,,48.59600067138672,210.0019989013672,48.9739990234375,136.0,34.0,
2021-08-30 04:30:00,,,,,66.52999877929688,0.0,74.33599853515625,True,True,100.0,0.0,75.95600128173828,True,True,85.62999725341797,0.0,75.41600036621094,True,True,63.849998474121094,0.0,83.64199829101562,True,True,46.7599983215332,0.0,73.43599700927734,True,True,59.540000915527344,0.0,70.84400177001953,True,True,75.2300033569336,0.0,69.20600128173828,True,True,100.0,0.0,75.05599975585938,True,True,46.70000076293945,0.0,74.4800033569336,True,True,54.81999969482422,0.0,75.63200378417969,True,True,54.459999084472656,0.0,69.33200073242188,True,True,59.4900016784668,-24.989999771118164,,,,48.61399841308594,210.0019989013672,48.992000579833984,136.0,34.0,
2021-08-30 04:45:00,,,,,71.63999938964844,0.0,73.5979995727539,True,True,100.0,0.0,75.95600128173828,True,True,86.08000183105469,0.0,75.30799865722656,True,True,64.45999908447266,0.0,82.3280029296875,True,True,48.75,0.0,73.43599700927734,True,True,58.060001373291016,0.0,70.89800262451172,True,True,73.87000274658203,0.0,68.91799926757812,True,True,100.0,0.0,75.12799835205078,True,True,46.939998626708984,0.0,74.552001953125,True,True,49.16999816894531,0.0,75.63200378417969,True,True,52.84000015258789,0.0,69.2239990234375,True,True,59.43000030517578,-24.950000762939453,,,,48.68600082397461,210.0019989013672,49.06399917602539,136.0,34.0,
2021-08-30 05:00:00,,,,,73.38999938964844,0.0,73.34600067138672,True,True,100.0,0.0,75.93800354003906,True,True,88.9000015258789,0.0,75.30799865722656,True,True,68.63999938964844,0.0,84.00199890136719,True,True,46.369998931884766,0.0,73.4000015258789,True,True,54.290000915527344,0.0,70.98799896240234,True,True,75.25,0.0,69.11599731445312,True,True,100.0,0.0,75.21800231933594,True,True,50.5099983215332,0.0,74.4800033569336,True,True,49.959999084472656,0.0,75.63200378417969,True,True,54.790000915527344,0.0,69.38600158691406,True,True,59.43000030517578,-24.989999771118164,,,,48.63199996948242,210.0019989013672,49.06399917602539,136.0,34.0,
2021-08-30 05:15:00,,,,,77.25,0.0,73.99400329589844,True,True,100.0,0.0,75.99199676513672,True,True,90.05000305175781,0.0,75.34400177001953,True,True,70.77999877929688,0.0,80.65399932861328,True,True,50.540000915527344,0.0,73.36399841308594,True,True,56.540000915527344,0.0,71.13200378417969,True,True,75.25,0.0,69.13400268554688,True,True,100.0,0.0,75.14600372314453,True,True,44.31999969482422,0.0,74.4260025024414,True,True,51.7599983215332,0.0,75.59600067138672,True,True,53.08000183105469,0.0,69.4219970703125,True,True,59.4900016784668,-25.0,,,,48.70399856567383,210.0019989013672,49.11800003051758,136.0,34.0,
2021-08-30 05:30:00,,,,,70.5999984741211,0.0,73.27400207519531,True,True,95.62999725341797,0.0,76.15399932861328,True,True,91.56999969482422,0.0,75.30799865722656,True,True,73.9800033569336,0.0,79.64600372314453,True,True,52.689998626708984,0.0,73.4540023803711,True,True,60.63999938964844,0.0,70.9520034790039,True,True,78.2699966430664,0.0,69.20600128173828,True,True,100.0,0.0,75.12799835205078,True,True,45.150001525878906,0.0,74.37200164794922,True,True,53.4900016784668,0.0,75.59600067138672,True,True,53.720001220703125,0.0,69.58399963378906,True,True,59.5,-25.0,,,,48.36199951171875,210.0019989013672,48.8120002746582,144.0,36.0,
2021-08-30 05:45:00,,,,,76.30999755859375,0.0,73.70600128173828,True,True,98.58999633789062,0.0,75.95600128173828,True,True,91.63999938964844,0.0,75.36199951171875,True,True,75.11000061035156,0.0,79.052001953125,True,True,46.84000015258789,0.0,73.4000015258789,True,True,61.119998931884766,0.0,70.73600006103516,True,True,75.94999694824219,0.0,69.20600128173828,True,True,100.0,0.0,75.12799835205078,True,True,44.540000915527344,0.0,74.46199798583984,True,True,47.20000076293945,0.0,75.52400207519531,True,True,56.27000045776367,0.0,69.58399963378906,True,True,59.54999923706055,-24.989999771118164,,,,48.470001220703125,210.0019989013672,48.88399887084961,136.0,34.0,
2021-08-30 06:00:00,,,,,72.91999816894531,0.0,73.97599792480469,True,True,100.0,0.0,75.99199676513672,True,True,93.7699966430664,0.0,75.47000122070312,True,True,77.6500015258789,0.0,79.16000366210938,True,True,47.91999816894531,0.0,73.41799926757812,True,True,57.70000076293945,0.0,70.55599975585938,True,True,77.77999877929688,0.0,68.91799926757812,True,True,100.0,0.0,75.16400146484375,True,True,45.41999816894531,0.0,74.44400024414062,True,True,51.29999923706055,0.0,75.4520034790039,True,True,55.13999938964844,0.0,69.52999877929688,True,True,59.470001220703125,-24.989999771118164,,,,48.61399841308594,210.0019989013672,48.992000579833984,136.0,34.0,
2021-08-30 06:15:00,,,,,77.55999755859375,0.0,73.81400299072266,True,True,94.68000030517578,0.0,76.15399932861328,True,True,96.76000213623047,0.0,75.36199951171875,True,True,73.43000030517578,0.0,83.10199737548828,True,True,46.52000045776367,0.0,73.38200378417969,True,True,57.459999084472656,0.0,70.84400177001953,True,True,75.55999755859375,0.0,69.27799987792969,True,True,100.0,0.0,75.0739974975586,True,True,46.52000045776367,0.0,74.44400024414062,True,True,55.439998626708984,0.0,75.4520034790039,True,True,56.970001220703125,0.0,69.60199737548828,True,True,59.5,-25.0,,,,48.7760009765625,210.0019989013672,49.189998626708984,144.0,36.0,
2021-08-30 06:30:00,,,,,78.62999725341797,0.0,73.63400268554688,True,True,95.30999755859375,0.0,75.9739990234375,True,True,97.18000030517578,0.0,75.32599639892578,True,True,71.12999725341797,0.0,82.74199676513672,True,True,53.31999969482422,0.0,73.29199981689453,True,True,61.54999923706055,0.0,70.89800262451172,True,True,75.63999938964844,0.0,69.31400299072266,True,True,100.0,0.0,75.12799835205078,True,True,45.029998779296875,0.0,74.4260025024414,True,True,52.349998474121094,0.0,75.4520034790039,True,True,54.58000183105469,0.0,69.74600219726562,True,True,59.529998779296875,-24.969999313354492,,,,48.61399841308594,210.0019989013672,49.04600143432617,136.0,34.0,
2021-08-30 06:45:00,,,,,74.68000030517578,0.0,73.3280029296875,True,True,100.0,0.0,76.02799987792969,True,True,96.94000244140625,0.0,75.29000091552734,True,True,70.51000213623047,0.0,82.6520004272461,True,True,50.63999938964844,0.0,73.38200378417969,True,True,58.5,0.0,71.16799926757812,True,True,76.11000061035156,0.0,69.04399871826172,True,True,100.0,0.0,75.16400146484375,True,True,46.38999938964844,0.0,74.37200164794922,True,True,50.09000015258789,0.0,75.43399810791016,True,True,55.2599983215332,0.0,69.52999877929688,True,True,59.5,-24.989999771118164,,,,48.59600067138672,210.0019989013672,49.02799987792969,144.0,36.0,
2021-08-30 07:00:00,,,,,81.13999938964844,0.0,73.95800018310547,True,True,97.63999938964844,0.0,76.08200073242188,True,True,100.0,0.0,75.30799865722656,True,True,73.83000183105469,0.0,80.94200134277344,True,True,54.18000030517578,0.0,73.38200378417969,True,True,54.9900016784668,0.0,71.02400207519531,True,True,77.55999755859375,0.0,69.27799987792969,True,True,100.0,0.0,75.25399780273438,True,True,46.40999984741211,0.0,74.44400024414062,True,True,55.79999923706055,0.0,75.4520034790039,True,True,70.13999938964844,0.0,69.60199737548828,True,True,59.4900016784668,-24.950000762939453,,,,49.694000244140625,210.0019989013672,50.45000076293945,136.0,34.0,
2021-08-30 07:15:00,,,,,74.66999816894531,0.0,73.68800354003906,True,True,100.0,0.0,75.8479995727539,True,True,94.54000091552734,0.0,75.34400177001953,True,True,80.55999755859375,0.0,79.91600036621094,True,True,43.83000183105469,0.0,73.36399841308594,True,True,52.880001068115234,0.0,70.9520034790039,True,True,75.16000366210938,0.0,69.04399871826172,True,True,100.0,0.0,75.0739974975586,True,True,44.349998474121094,0.0,74.4260025024414,True,True,50.47999954223633,0.0,75.4520034790039,True,True,53.0099983215332,0.0,69.69200134277344,True,True,59.5099983215332,-25.0,,,,46.130001068115234,210.0019989013672,46.652000427246094,144.0,36.0,
2021-08-30 07:30:00,,,,,71.13999938964844,0.0,73.95800018310547,True,True,94.66999816894531,0.0,75.75800323486328,True,True,88.45999908447266,0.0,75.27200317382812,True,True,73.12000274658203,0.0,80.09600067138672,True,True,47.29999923706055,0.0,73.4000015258789,True,True,45.869998931884766,0.0,71.2040023803711,True,True,75.44000244140625,0.0,68.91799926757812,True,True,100.0,0.0,75.0739974975586,True,True,43.84000015258789,0.0,74.37200164794922,True,True,52.150001525878906,0.0,75.41600036621094,True,True,51.810001373291016,0.0,69.40399932861328,True,True,59.470001220703125,-25.0,,,,45.284000396728516,210.0019989013672,45.75199890136719,144.0,36.0,
2021-08-30 07:45:00,,,,,63.54999923706055,0.0,73.86799621582031,True,True,100.0,0.0,75.63200378417969,True,True,95.1500015258789,0.0,75.23600006103516,True,True,77.11000061035156,0.0,80.09600067138672,True,True,71.30999755859375,0.0,73.61599731445312,True,True,48.08000183105469,0.0,70.98799896240234,True,True,73.86000061035156,0.0,69.18800354003906,True,True,100.0,0.0,75.03800201416016,True,True,44.310001373291016,0.0,74.37200164794922,True,True,53.77000045776367,0.0,75.36199951171875,True,True,54.720001220703125,0.0,69.76399993896484,True,True,59.470001220703125,-24.969999313354492,,,,43.75400161743164,210.0019989013672,44.3120002746582,144.0,36.0,
2021-08-30 08:00:00,,,,,55.68000030517578,0.0,74.947998046875,True,True,100.0,0.0,75.55999755859375,True,True,81.7300033569336,0.0,75.16400146484375,True,True,66.94000244140625,0.0,78.96199798583984,True,True,40.5,0.0,73.5260009765625,True,True,42.22999954223633,0.0,71.0780029296875,True,True,67.37999725341797,0.0,69.58399963378906,True,True,98.47000122070312,0.0,75.0739974975586,True,True,40.720001220703125,0.0,74.37200164794922,True,True,46.130001068115234,0.0,75.41600036621094,True,True,47.220001220703125,0.0,69.94400024414062,True,True,59.4900016784668,-25.0,,,,42.422000885009766,210.0019989013672,42.763999938964844,144.0,36.0,
2021-08-30 08:15:00,,,,,52.220001220703125,0.9300000071525574,75.05599975585938,True,True,100.0,0.0,75.63200378417969,True,True,78.27999877929688,0.0,75.12799835205078,True,True,56.5,0.0,81.8239974975586,True,True,42.70000076293945,0.0,73.5260009765625,True,True,48.47999954223633,0.0,71.31199645996094,True,True,68.4800033569336,0.0,69.74600219726562,True,True,87.91999816894531,0.0,75.00199890136719,True,True,37.9900016784668,0.0,74.26399993896484,True,True,48.689998626708984,0.0,75.34400177001953,True,True,48.56999969482422,0.0,70.1240005493164,True,True,59.459999084472656,-24.959999084472656,,,,41.97200012207031,210.0019989013672,42.29600143432617,152.0,38.0,
2021-08-30 08:30:00,,,,,55.66999816894531,0.0,75.54199981689453,True,True,100.0,0.0,75.63200378417969,True,True,76.45999908447266,0.0,75.11000061035156,True,True,54.650001525878906,0.0,83.01200103759766,True,True,47.75,0.0,73.74199676513672,True,True,47.47999954223633,0.0,71.45600128173828,True,True,62.20000076293945,0.0,69.63800048828125,True,True,91.61000061035156,0.0,75.09200286865234,True,True,39.619998931884766,0.0,74.28199768066406,True,True,51.15999984741211,0.0,75.23600006103516,True,True,47.369998931884766,0.0,70.052001953125,True,True,59.45000076293945,-25.0,,,,42.49399948120117,210.0019989013672,42.83599853515625,144.0,36.0,
2021-08-30 08:45:00,,,,,56.45000076293945,0.0,75.72200012207031,True,True,100.0,0.0,75.7040023803711,True,True,72.87000274658203,0.0,75.09200286865234,True,True,58.939998626708984,0.0,82.70600128173828,True,True,49.88999938964844,0.0,73.81400299072266,True,True,48.2400016784668,0.0,71.2040023803711,True,True,62.08000183105469,0.0,69.56600189208984,True,True,84.55999755859375,0.0,75.05599975585938,True,True,35.52000045776367,0.0,74.19200134277344,True,True,42.2400016784668,0.0,75.21800231933594,True,True,47.75,0.0,70.1240005493164,True,True,59.45000076293945,-24.969999313354492,,,,42.944000244140625,210.0019989013672,43.321998596191406,160.0,40.0,
2021-08-30 09:00:00,,,,,55.22999954223633,0.0,76.0459976196289,True,True,100.0,0.0,75.68599700927734,True,True,78.70999908447266,0.0,75.16400146484375,True,True,58.790000915527344,0.0,83.46199798583984,True,True,44.06999969482422,0.0,73.86799621582031,True,True,47.59000015258789,0.0,71.43800354003906,True,True,59.15999984741211,0.0,69.9260025024414,True,True,84.13999938964844,0.0,75.12799835205078,True,True,39.7599983215332,0.0,74.30000305175781,True,True,49.709999084472656,0.0,75.27200317382812,True,True,48.060001373291016,0.0,70.447998046875,True,True,59.5099983215332,-25.0,,,,42.242000579833984,210.0019989013672,42.72800064086914,168.0,42.0,
2021-08-30 09:15:00,,,,,63.02000045776367,0.0,75.61399841308594,True,True,97.95999908447266,0.0,75.7040023803711,True,True,74.04000091552734,0.0,75.12799835205078,True,True,52.72999954223633,0.0,83.552001953125,True,True,51.06999969482422,0.0,73.90399932861328,True,True,49.59000015258789,0.0,71.85199737548828,True,True,59.08000183105469,0.0,70.1780014038086,True,True,82.29000091552734,0.0,75.25399780273438,True,True,39.11000061035156,0.0,74.44400024414062,True,True,43.31999969482422,0.0,75.27200317382812,True,True,43.880001068115234,0.0,70.80799865722656,True,True,59.43000030517578,-25.0,,,,46.20199966430664,210.0019989013672,45.17599868774414,160.0,40.0,
2021-08-30 09:30:00,,,,,60.939998626708984,0.0,75.9020004272461,True,True,100.0,0.0,75.59600067138672,True,True,86.4800033569336,0.0,75.19999694824219,True,True,66.48999786376953,0.0,84.52400207519531,True,True,50.540000915527344,0.0,73.95800018310547,True,True,59.02000045776367,0.0,71.3479995727539,True,True,61.790000915527344,0.0,70.01599884033203,True,True,82.69999694824219,0.0,75.41600036621094,True,True,40.189998626708984,0.0,74.38999938964844,True,True,46.93000030517578,0.0,75.30799865722656,True,True,49.63999938964844,0.0,70.68199920654297,True,True,71.0999984741211,-0.11999999731779099,,,,44.762001037597656,210.0019989013672,45.284000396728516,168.0,42.0,
2021-08-30 09:45:00,,,,,52.68000030517578,0.0,75.9739990234375,True,True,100.0,0.0,75.66799926757812,True,True,75.69000244140625,0.0,75.19999694824219,True,True,53.34000015258789,0.0,84.14600372314453,True,True,52.720001220703125,0.0,73.97599792480469,True,True,45.7599983215332,0.0,72.03199768066406,True,True,58.36000061035156,0.0,69.81800079345703,True,True,85.83000183105469,0.0,75.37999725341797,True,True,38.040000915527344,0.0,74.46199798583984,True,True,43.119998931884766,0.0,75.37999725341797,True,True,47.779998779296875,0.0,70.447998046875,True,True,69.98999786376953,-0.1599999964237213,,,,43.10599899291992,210.0019989013672,43.645999908447266,168.0,42.0,
2021-08-30 10:00:00,,,,,46.709999084472656,0.0,75.81199645996094,True,True,100.0,0.0,75.59600067138672,True,True,67.51000213623047,0.0,75.18199920654297,True,True,47.9900016784668,0.0,84.52400207519531,True,True,47.619998931884766,0.0,73.9219970703125,True,True,47.709999084472656,0.0,71.52799987792969,True,True,65.33000183105469,0.0,70.28600311279297,True,True,85.98999786376953,0.0,75.41600036621094,True,True,41.16999816894531,0.0,74.44400024414062,True,True,43.900001525878906,0.0,75.36199951171875,True,True,52.45000076293945,0.0,70.93399810791016,True,True,66.68000030517578,-0.1599999964237213,,,,43.48400115966797,210.0019989013672,43.30400085449219,168.0,42.0,
2021-08-30 10:15:00,,,,,73.31999969482422,0.0,76.44200134277344,True,True,100.0,0.0,75.59600067138672,True,True,72.88999938964844,0.0,75.18199920654297,True,True,55.0099983215332,0.0,84.7040023803711,True,True,52.5,0.0,73.99400329589844,True,True,49.18000030517578,0.0,72.5,True,True,59.06999969482422,0.0,70.93399810791016,True,True,94.6500015258789,0.0,75.50599670410156,True,True,38.90999984741211,0.0,74.44400024414062,True,True,66.80000305175781,0.0,75.4520034790039,True,True,46.0099983215332,0.0,71.52799987792969,True,True,69.45999908447266,-0.19999998807907104,,,,41.75600051879883,210.0019989013672,42.27799987792969,176.0,44.0,
2021-08-30 10:30:00,,,,,41.97999954223633,0.3100000023841858,75.95600128173828,True,True,100.0,0.0,75.5780029296875,True,True,67.2300033569336,0.0,75.19999694824219,True,True,50.959999084472656,0.0,84.81199645996094,True,True,52.77000045776367,0.0,72.78800201416016,True,True,42.040000915527344,0.0,72.93199920654297,True,True,55.349998474121094,0.0,70.59200286865234,True,True,89.69000244140625,0.0,75.59600067138672,True,True,37.709999084472656,0.0,74.37200164794922,True,True,41.540000915527344,0.0,75.4520034790039,True,True,48.290000915527344,0.0,71.2760009765625,True,True,67.3499984741211,-0.1599999964237213,,,,41.32400131225586,210.0019989013672,41.70199966430664,168.0,42.0,
2021-08-30 10:45:00,,,,,46.810001373291016,0.0,76.35199737548828,True,True,100.0,0.0,75.66799926757812,True,True,68.26000213623047,0.0,75.27200317382812,True,True,45.849998474121094,0.0,84.52400207519531,True,True,53.939998626708984,0.0,72.75199890136719,True,True,41.93000030517578,0.0,73.58000183105469,True,True,60.349998474121094,0.0,70.91600036621094,True,True,87.48999786376953,0.0,75.32599639892578,True,True,39.9900016784668,0.0,74.38999938964844,True,True,41.220001220703125,0.0,75.37999725341797,True,True,49.33000183105469,0.0,71.88800048828125,True,True,67.31999969482422,-0.1599999964237213,,,,41.32400131225586,210.0019989013672,41.75600051879883,176.0,44.0,
2021-08-30 11:00:00,,,,,42.869998931884766,0.0,75.36199951171875,True,True,100.0,0.0,76.94599914550781,True,True,63.880001068115234,0.0,75.27200317382812,True,True,49.09000015258789,0.0,85.06400299072266,True,True,53.470001220703125,0.0,74.31800079345703,True,True,44.22999954223633,0.0,73.90399932861328,True,True,54.7400016784668,0.0,71.31199645996094,True,True,84.38999938964844,0.0,75.36199951171875,True,True,38.849998474121094,0.0,74.44400024414062,True,True,41.16999816894531,0.0,75.4520034790039,True,True,47.349998474121094,0.0,72.21199798583984,True,True,68.0999984741211,-0.1899999976158142,,,,41.28799819946289,210.0019989013672,41.70199966430664,184.0,46.0,
2021-08-30 11:15:00,,,,,47.5,0.0,76.26200103759766,True,True,100.0,0.0,76.91000366210938,True,True,64.08999633789062,0.0,75.34400177001953,True,True,44.310001373291016,0.0,85.47799682617188,True,True,54.08000183105469,0.0,74.66000366210938,True,True,47.689998626708984,0.0,75.86599731445312,True,True,53.7599983215332,0.0,71.74400329589844,True,True,79.43000030517578,0.0,75.41600036621094,True,True,38.310001373291016,0.0,74.40799713134766,True,True,37.310001373291016,0.0,75.4520034790039,True,True,41.599998474121094,0.0,72.75199890136719,True,True,69.36000061035156,-0.17000000178813934,,,,43.30400085449219,210.0019989013672,43.57400131225586,176.0,44.0,
2021-08-30 11:30:00,,,,,50.06999969482422,0.0,75.7040023803711,True,True,100.0,0.0,77.25199890136719,True,True,67.1500015258789,0.0,75.39800262451172,True,True,51.22999954223633,0.0,85.78399658203125,True,True,54.369998931884766,0.0,74.69599914550781,True,True,49.18000030517578,0.0,77.48600006103516,True,True,53.290000915527344,0.0,71.97799682617188,True,True,76.5,0.0,75.66799926757812,True,True,38.599998474121094,0.0,74.4260025024414,True,True,39.880001068115234,0.0,75.4520034790039,True,True,45.88999938964844,0.0,72.96800231933594,True,True,67.2699966430664,-0.1599999964237213,,,,44.762001037597656,210.0019989013672,45.08599853515625,176.0,44.0,
2021-08-30 11:45:00,,,,,54.88999938964844,0.0,75.72200012207031,True,True,100.0,0.0,79.66400146484375,True,True,69.23999786376953,0.0,75.50599670410156,True,True,55.060001373291016,0.0,86.28800201416016,True,True,62.709999084472656,0.0,74.46199798583984,True,True,53.150001525878906,0.0,78.1520004272461,True,True,54.54999923706055,0.0,73.14800262451172,True,True,75.2699966430664,0.0,75.54199981689453,True,True,39.540000915527344,0.0,74.40799713134766,True,True,42.119998931884766,0.0,75.52400207519531,True,True,50.22999954223633,0.0,74.19200134277344,True,True,71.66000366210938,-0.2199999988079071,,,,46.25600051879883,210.0019989013672,46.652000427246094,184.0,46.0,
2021-08-30 12:00:00,,,,,59.43000030517578,0.0,76.47799682617188,True,True,100.0,0.0,76.13600158691406,True,True,69.11000061035156,0.0,75.52400207519531,True,True,55.119998931884766,0.0,86.43199920654297,True,True,52.2400016784668,0.0,74.44400024414062,True,True,56.13999938964844,0.0,79.46600341796875,True,True,58.31999969482422,0.0,73.6520004272461,True,True,83.12999725341797,0.0,75.75800323486328,True,True,39.90999984741211,0.0,74.4800033569336,True,True,40.04999923706055,0.0,75.59600067138672,True,True,55.220001220703125,0.0,74.4800033569336,True,True,72.06999969482422,-0.1899999976158142,,,,46.7239990234375,210.0019989013672,47.04800033569336,176.0,44.0,
2021-08-30 12:15:00,,,,,56.27000045776367,0.0,77.3239974975586,True,True,100.0,0.0,75.75800323486328,True,True,70.06999969482422,0.0,75.54199981689453,True,True,57.06999969482422,0.0,87.0260009765625,True,True,60.61000061035156,0.0,74.4800033569336,True,True,51.45000076293945,0.0,80.18599700927734,True,True,59.959999084472656,0.0,73.68800354003906,True,True,82.3499984741211,0.0,75.88400268554688,True,True,40.97999954223633,0.0,74.51599884033203,True,True,49.400001525878906,0.0,75.59600067138672,True,True,47.84000015258789,0.0,74.19200134277344,True,True,73.01000213623047,-0.1599999964237213,,,,47.17399978637695,210.0019989013672,47.624000549316406,176.0,44.0,
2021-08-30 12:30:00,,,,,65.33999633789062,0.0,77.50399780273438,True,True,94.62000274658203,0.0,75.7760009765625,True,True,71.58999633789062,0.0,75.5780029296875,True,True,57.5099983215332,0.0,87.90799713134766,True,True,62.310001373291016,0.0,74.53399658203125,True,True,58.29999923706055,0.0,80.74400329589844,True,True,59.959999084472656,0.0,74.06600189208984,True,True,90.69000244140625,0.0,75.86599731445312,True,True,41.7599983215332,0.0,74.4800033569336,True,True,44.18000030517578,0.0,75.63200378417969,True,True,53.5099983215332,0.0,74.51599884033203,True,True,73.37000274658203,-0.1899999976158142,,,,46.95800018310547,210.0019989013672,47.37200164794922,176.0,44.0,
2021-08-30 12:45:00,,,,,55.16999816894531,0.0,78.06199645996094,True,True,99.61000061035156,0.0,75.7760009765625,True,True,75.7300033569336,0.0,75.68599700927734,True,True,58.45000076293945,0.0,88.62799835205078,True,True,65.62000274658203,0.0,74.4800033569336,True,True,47.15999984741211,0.0,81.28399658203125,True,True,63.0099983215332,0.0,75.36199951171875,True,True,98.9000015258789,0.0,78.51200103759766,True,True,43.13999938964844,0.0,74.552001953125,True,True,46.220001220703125,0.0,75.63200378417969,True,True,56.619998931884766,0.0,75.81199645996094,True,True,74.44000244140625,-0.1599999964237213,,,,46.86800003051758,210.0019989013672,47.22800064086914,184.0,46.0,
2021-08-30 13:00:00,,,,,59.97999954223633,0.0,77.84600067138672,True,True,96.06999969482422,0.0,75.75800323486328,True,True,71.66000366210938,0.0,75.63200378417969,True,True,58.630001068115234,0.0,88.052001953125,True,True,58.59000015258789,0.0,74.4800033569336,True,True,48.810001373291016,0.0,81.10399627685547,True,True,63.529998779296875,0.0,75.9020004272461,True,True,100.0,0.0,78.60199737548828,True,True,42.630001068115234,0.0,74.49800109863281,True,True,47.150001525878906,0.0,75.59600067138672,True,True,52.7400016784668,0.0,76.35199737548828,True,True,73.76000213623047,-0.23999999463558197,,,,47.012001037597656,210.0019989013672,47.40800094604492,184.0,46.0,
2021-08-30 13:15:00,,,,,60.88999938964844,0.0,79.62799835205078,True,True,100.0,0.0,75.7760009765625,True,True,72.5,0.0,75.63200378417969,True,True,63.779998779296875,0.0,90.01399993896484,True,True,58.61000061035156,0.0,74.80400085449219,True,True,48.900001525878906,0.0,80.5999984741211,True,True,64.05000305175781,0.0,76.0999984741211,True,True,100.0,0.0,78.87200164794922,True,True,41.939998626708984,0.0,74.6240005493164,True,True,45.099998474121094,0.0,75.59600067138672,True,True,53.81999969482422,0.0,76.11799621582031,True,True,74.41000366210938,-0.19999998807907104,,,,47.10200119018555,210.0019989013672,47.534000396728516,176.0,44.0,
2021-08-30 13:30:00,,,,,58.40999984741211,0.0,77.3239974975586,True,True,100.0,0.0,75.81199645996094,True,True,77.58000183105469,0.0,75.59600067138672,True,True,72.98999786376953,0.0,86.61199951171875,True,True,66.95999908447266,0.0,76.20800018310547,True,True,52.099998474121094,0.0,81.68000030517578,True,True,63.61000061035156,0.0,77.25199890136719,True,True,99.62000274658203,0.0,77.21600341796875,True,True,42.58000183105469,0.0,74.6240005493164,True,True,47.33000183105469,0.0,75.63200378417969,True,True,58.02000045776367,0.0,77.66600036621094,True,True,75.0,-0.17000000178813934,,,,47.15599822998047,210.0019989013672,47.60599899291992,184.0,46.0,
2021-08-30 13:45:00,,,,,62.09000015258789,0.0,80.81600189208984,True,True,100.0,0.0,75.59600067138672,True,True,78.13999938964844,0.0,75.63200378417969,True,True,76.44999694824219,0.0,86.61199951171875,True,True,82.63999938964844,0.0,79.08799743652344,True,True,59.86000061035156,0.0,82.41799926757812,True,True,63.97999954223633,0.0,77.7020034790039,True,True,100.0,0.0,80.2040023803711,True,True,41.31999969482422,0.0,74.6780014038086,True,True,50.720001220703125,0.0,75.7760009765625,True,True,56.369998931884766,0.0,78.06199645996094,True,True,77.91000366210938,-0.17000000178813934,,,,47.31800079345703,210.0019989013672,47.7140007019043,184.0,46.0,
2021-08-30 14:00:00,,,,,62.349998474121094,0.0,79.75399780273438,True,True,100.0,0.0,75.81199645996094,True,True,80.98999786376953,0.0,75.68599700927734,True,True,78.7300033569336,0.0,87.45800018310547,True,True,92.75,0.0,78.87200164794922,True,True,62.02000045776367,0.0,83.6780014038086,True,True,65.30999755859375,0.0,78.58399963378906,True,True,100.0,0.0,78.74600219726562,True,True,45.040000915527344,0.0,74.73200225830078,True,True,45.119998931884766,0.0,75.81199645996094,True,True,56.08000183105469,0.0,79.50199890136719,True,True,80.05000305175781,-0.14999999105930328,,,,47.42599868774414,210.0019989013672,47.7859992980957,176.0,44.0,
2021-08-30 14:15:00,,,,,63.7400016784668,0.0,79.59200286865234,True,True,100.0,0.0,75.95600128173828,True,True,83.6500015258789,0.0,75.68599700927734,True,True,80.91000366210938,0.0,86.2699966430664,True,True,89.44999694824219,0.0,76.47799682617188,True,True,73.98999786376953,0.0,82.09400177001953,True,True,65.81999969482422,0.0,78.4219970703125,True,True,100.0,0.0,76.76599884033203,True,True,44.900001525878906,0.0,74.8219985961914,True,True,47.02000045776367,0.0,75.9739990234375,True,True,61.599998474121094,0.0,79.052001953125,True,True,78.87000274658203,-0.14999999105930328,,,,47.42599868774414,210.0019989013672,47.821998596191406,200.0,50.0,
2021-08-30 14:30:00,,,,,63.68000030517578,0.0,79.69999694824219,True,True,100.0,0.0,75.95600128173828,True,True,84.11000061035156,0.0,75.63200378417969,True,True,82.7699966430664,0.0,86.61199951171875,True,True,88.0199966430664,0.0,77.66600036621094,True,True,65.77999877929688,0.0,82.16600036621094,True,True,65.29000091552734,0.0,78.83599853515625,True,True,96.72000122070312,0.0,76.51399993896484,True,True,39.65999984741211,0.0,74.76799774169922,True,True,53.470001220703125,0.0,76.0459976196289,True,True,55.66999816894531,0.0,79.1780014038086,True,True,77.44999694824219,-0.1899999976158142,,,,47.29999923706055,210.0019989013672,47.7140007019043,192.0,48.0,
2021-08-30 14:45:00,,,,,65.01000213623047,0.0,80.13200378417969,True,True,96.37000274658203,0.0,76.01000213623047,True,True,85.80999755859375,0.0,75.72200012207031,True,True,86.87999725341797,0.0,87.0260009765625,True,True,97.47000122070312,0.0,79.19599914550781,True,True,68.0199966430664,0.0,82.5260009765625,True,True,66.1500015258789,0.0,78.36799621582031,True,True,100.0,0.0,79.71800231933594,True,True,46.900001525878906,0.0,74.83999633789062,True,True,46.4900016784668,0.0,76.15399932861328,True,True,58.88999938964844,0.0,78.27799987792969,True,True,81.69000244140625,-0.11999999731779099,,,,47.17399978637695,210.0019989013672,47.69599914550781,192.0,48.0,
2021-08-30 15:00:00,,,,,65.51000213623047,0.0,79.1240005493164,True,True,100.0,0.0,75.9020004272461,True,True,84.91000366210938,0.0,75.7040023803711,True,True,87.11000061035156,0.0,86.77400207519531,True,True,79.91000366210938,0.0,75.91999816894531,True,True,58.65999984741211,0.0,82.6520004272461,True,True,66.04000091552734,0.0,77.88200378417969,True,True,100.0,0.0,77.61199951171875,True,True,46.970001220703125,0.0,74.83999633789062,True,True,48.77000045776367,0.0,76.1719970703125,True,True,57.709999084472656,0.0,77.9540023803711,True,True,79.98999786376953,-0.1899999976158142,,,,47.33599853515625,210.0019989013672,47.7140007019043,192.0,48.0,
2021-08-30 15:15:00,,,,,63.20000076293945,0.0,79.35800170898438,True,True,100.0,0.0,76.13600158691406,True,True,87.63999938964844,0.0,75.7040023803711,True,True,87.76000213623047,0.0,85.53199768066406,True,True,74.13999938964844,0.0,75.19999694824219,True,True,57.9900016784668,0.0,81.44599914550781,True,True,64.04000091552734,0.0,78.5479965209961,True,True,100.0,0.0,76.6760025024414,True,True,43.63999938964844,0.0,74.93000030517578,True,True,51.970001220703125,0.0,76.35199737548828,True,True,60.34000015258789,0.0,78.63800048828125,True,True,78.73999786376953,-0.20999999344348907,,,,47.19200134277344,210.0019989013672,47.5880012512207,192.0,48.0,
2021-08-30 15:30:00,,,,,68.3499984741211,0.0,79.48400115966797,True,True,100.0,0.0,76.11799621582031,True,True,89.0199966430664,0.0,75.81199645996094,True,True,88.75,0.0,84.5780029296875,True,True,71.77999877929688,0.0,75.00199890136719,True,True,63.7599983215332,0.0,80.5999984741211,True,True,63.93000030517578,0.0,78.36799621582031,True,True,100.0,0.0,76.62200164794922,True,True,43.029998779296875,0.0,74.96600341796875,True,True,50.41999816894531,0.0,76.35199737548828,True,True,58.52000045776367,0.0,78.0979995727539,True,True,81.11000061035156,-0.1599999964237213,,,,47.15599822998047,210.0019989013672,47.551998138427734,184.0,46.0,
2021-08-30 15:45:00,,,,,64.7300033569336,0.0,79.55599975585938,True,True,97.05000305175781,0.0,76.58599853515625,True,True,90.0,0.0,75.86599731445312,True,True,86.62999725341797,0.0,85.1719970703125,True,True,74.7300033569336,0.0,75.16400146484375,True,True,70.7699966430664,0.0,79.9520034790039,True,True,64.0,0.0,77.79199981689453,True,True,100.0,0.0,76.62200164794922,True,True,47.290000915527344,0.0,75.03800201416016,True,True,46.95000076293945,0.0,76.44200134277344,True,True,60.93000030517578,0.0,77.41400146484375,True,True,81.12000274658203,-0.14999999105930328,,,,48.61399841308594,210.0019989013672,48.68600082397461,184.0,46.0,
2021-08-30 16:00:00,,,,,66.3499984741211,0.0,80.31199645996094,True,True,100.0,0.0,76.35199737548828,True,True,92.20999908447266,0.0,75.86599731445312,True,True,87.68000030517578,0.0,84.29000091552734,True,True,74.37999725341797,0.0,75.18199920654297,True,True,83.19000244140625,0.0,78.13400268554688,True,True,62.66999816894531,0.0,76.56800079345703,True,True,100.0,0.0,76.58599853515625,True,True,42.90999984741211,0.0,75.00199890136719,True,True,48.849998474121094,0.0,76.45999908447266,True,True,60.72999954223633,0.0,76.65799713134766,True,True,80.69999694824219,-0.14000000059604645,,,,46.81399917602539,210.0019989013672,47.19200134277344,184.0,46.0,
2021-08-30 16:15:00,,,,,69.04000091552734,0.0,78.94400024414062,True,True,100.0,0.0,76.35199737548828,True,True,92.66000366210938,0.0,75.86599731445312,True,True,88.13999938964844,0.0,84.30799865722656,True,True,70.75,0.0,75.75800323486328,True,True,73.43000030517578,0.0,79.59200286865234,True,True,62.279998779296875,0.0,75.81199645996094,True,True,100.0,0.0,76.60399627685547,True,True,46.869998931884766,0.0,75.0739974975586,True,True,49.97999954223633,0.0,76.49600219726562,True,True,59.88999938964844,0.0,75.81199645996094,True,True,80.83999633789062,-0.10999999940395355,,,,46.70600128173828,210.0019989013672,47.10200119018555,192.0,48.0,
2021-08-30 16:30:00,,,,,64.04000091552734,0.0,77.41400146484375,True,True,100.0,0.0,76.63999938964844,True,True,96.19000244140625,0.0,75.81199645996094,True,True,92.01000213623047,0.0,84.12799835205078,True,True,63.880001068115234,0.0,75.03800201416016,True,True,78.87999725341797,0.0,78.1520004272461,True,True,66.58000183105469,0.0,76.51399993896484,True,True,100.0,0.0,76.56800079345703,True,True,49.220001220703125,0.0,75.09200286865234,True,True,50.7599983215332,0.0,76.53199768066406,True,True,62.08000183105469,0.0,77.34200286865234,True,True,81.05999755859375,-0.1899999976158142,,,,46.5620002746582,210.0019989013672,46.97600173950195,184.0,46.0,
2021-08-30 16:45:00,,,,,62.13999938964844,0.0,76.47799682617188,True,True,94.66999816894531,0.0,76.51399993896484,True,True,93.68000030517578,0.0,75.75800323486328,True,True,87.69000244140625,0.0,83.76799774169922,True,True,64.0,0.0,74.98400115966797,True,True,73.83999633789062,0.0,78.47599792480469,True,True,61.869998931884766,0.0,76.1719970703125,True,True,100.0,0.0,76.53199768066406,True,True,45.209999084472656,0.0,75.09200286865234,True,True,52.33000183105469,0.0,76.58599853515625,True,True,60.18000030517578,0.0,77.03600311279297,True,True,88.36000061035156,-0.17000000178813934,,,,45.78799819946289,210.0019989013672,46.29199981689453,184.0,46.0,
2021-08-30 17:00:00,,,,,43.70000076293945,3.190000057220459,75.79399871826172,True,True,98.52999877929688,0.0,76.31600189208984,True,True,89.12000274658203,0.0,75.7760009765625,True,True,81.58000183105469,0.0,83.76799774169922,True,True,61.619998931884766,0.0,74.85800170898438,True,True,70.9800033569336,0.0,77.66600036621094,True,True,60.869998931884766,0.0,74.89399719238281,True,True,96.4000015258789,0.0,76.51399993896484,True,True,43.22999954223633,0.0,75.00199890136719,True,True,48.310001373291016,0.0,76.60399627685547,True,True,57.45000076293945,0.0,75.19999694824219,True,True,76.12000274658203,-0.14999999105930328,,,,44.816001892089844,210.0019989013672,45.12200164794922,176.0,44.0,
2021-08-30 17:15:00,,,,,50.439998626708984,0.0,75.7040023803711,True,True,100.0,0.0,76.13600158691406,True,True,89.61000061035156,0.0,75.79399871826172,True,True,79.37999725341797,0.0,82.68800354003906,True,True,63.790000915527344,0.0,74.80400085449219,True,True,73.79000091552734,0.0,76.22599792480469,True,True,60.13999938964844,0.0,74.6240005493164,True,True,100.0,0.0,76.38800048828125,True,True,46.91999816894531,0.0,74.96600341796875,True,True,51.630001068115234,0.0,76.53199768066406,True,True,57.33000183105469,0.0,74.4800033569336,True,True,74.30000305175781,-0.17000000178813934,,,,44.02399826049805,210.0019989013672,44.402000427246094,176.0,44.0,
2021-08-30 17:30:00,,,,,52.61000061035156,0.0,75.9020004272461,True,True,96.83999633789062,0.0,76.49600219726562,True,True,93.98999786376953,0.0,75.73999786376953,True,True,87.18000030517578,0.0,83.06600189208984,True,True,67.93000030517578,0.0,74.75,True,True,76.36000061035156,0.0,77.10800170898438,True,True,58.5,0.0,74.75,True,True,100.0,0.0,76.51399993896484,True,True,40.189998626708984,0.0,74.91200256347656,True,True,46.2599983215332,0.0,76.49600219726562,True,True,52.09000015258789,0.0,74.83999633789062,True,True,80.43000030517578,-0.14000000059604645,,,,44.83399963378906,210.0019989013672,45.4640007019043,176.0,44.0,
2021-08-30 17:45:00,,,,,47.720001220703125,0.0,75.93800354003906,True,True,99.3499984741211,0.0,76.53199768066406,True,True,87.55000305175781,0.0,75.7040023803711,True,True,82.25,0.0,83.64199829101562,True,True,57.970001220703125,0.0,74.73200225830078,True,True,67.05000305175781,0.0,77.18000030517578,True,True,56.75,0.0,74.78600311279297,True,True,100.0,0.0,76.35199737548828,True,True,43.130001068115234,0.0,75.03800201416016,True,True,50.790000915527344,0.0,76.51399993896484,True,True,49.65999984741211,0.0,74.73200225830078,True,True,72.2699966430664,-0.14999999105930328,,,,44.20399856567383,210.0019989013672,44.61800003051758,168.0,42.0,
2021-08-30 18:00:00,,,,,45.70000076293945,0.0,76.0459976196289,True,True,100.0,0.0,76.47799682617188,True,True,85.48999786376953,0.0,75.7040023803711,True,True,77.12000274658203,0.0,82.43599700927734,True,True,53.9900016784668,0.0,74.6780014038086,True,True,64.11000061035156,0.0,76.24400329589844,True,True,56.869998931884766,0.0,73.97599792480469,True,True,99.37999725341797,0.0,76.33399963378906,True,True,45.959999084472656,0.0,75.0739974975586,True,True,44.04999923706055,0.0,76.53199768066406,True,True,50.90999984741211,0.0,74.30000305175781,True,True,69.45999908447266,-0.1599999964237213,,,,43.375999450683594,210.0019989013672,43.80799865722656,176.0,44.0,
2021-08-30 18:15:00,,,,,53.209999084472656,0.0,76.13600158691406,True,True,100.0,0.0,76.49600219726562,True,True,89.9800033569336,0.0,75.86599731445312,True,True,71.16000366210938,0.0,82.47200012207031,True,True,54.060001373291016,0.0,74.58799743652344,True,True,64.06999969482422,0.0,76.85600280761719,True,True,55.83000183105469,0.0,73.56199645996094,True,True,100.0,0.0,76.31600189208984,True,True,39.150001525878906,0.0,75.0739974975586,True,True,52.150001525878906,0.0,76.56800079345703,True,True,49.40999984741211,0.0,73.4000015258789,True,True,66.94999694824219,-0.14999999105930328,,,,43.555999755859375,210.0019989013672,43.95199966430664,168.0,42.0,
2021-08-30 18:30:00,,,,,46.65999984741211,0.0,76.15399932861328,True,True,100.0,0.0,76.22599792480469,True,True,91.30999755859375,0.0,75.68599700927734,True,True,74.36000061035156,0.0,82.50800323486328,True,True,51.290000915527344,0.0,74.38999938964844,True,True,59.77000045776367,0.0,76.51399993896484,True,True,55.599998474121094,0.0,73.47200012207031,True,True,98.37000274658203,0.0,76.20800018310547,True,True,45.43000030517578,0.0,74.96600341796875,True,True,41.79999923706055,0.0,76.58599853515625,True,True,45.77000045776367,0.0,73.30999755859375,True,True,67.95999908447266,-0.1599999964237213,,,,44.00600051879883,210.0019989013672,44.36600112915039,160.0,40.0,
2021-08-30 18:45:00,,,,,44.58000183105469,0.0,75.36199951171875,True,True,100.0,0.0,76.49600219726562,True,True,91.33000183105469,0.0,75.63200378417969,True,True,73.05999755859375,0.0,81.86000061035156,True,True,58.689998626708984,0.0,74.64199829101562,True,True,60.220001220703125,0.0,75.63200378417969,True,True,54.709999084472656,0.0,72.89600372314453,True,True,93.55999755859375,0.0,76.24400329589844,True,True,31.329999923706055,0.3799999952316284,74.947998046875,True,True,46.91999816894531,0.0,76.51399993896484,True,True,50.20000076293945,0.0,72.66200256347656,True,True,69.30999755859375,-0.1599999964237213,,,,43.880001068115234,210.0019989013672,44.257999420166016,160.0,40.0,
2021-08-30 19:00:00,,,,,44.95000076293945,0.0,75.5780029296875,True,True,100.0,0.0,76.47799682617188,True,True,90.43000030517578,0.0,75.63200378417969,True,True,71.81999969482422,0.0,81.68000030517578,True,True,51.66999816894531,0.0,74.58799743652344,True,True,59.650001525878906,0.0,75.29000091552734,True,True,54.779998779296875,0.0,72.46399688720703,True,True,94.66999816894531,0.0,76.0459976196289,True,True,35.40999984741211,0.0,74.947998046875,True,True,47.45000076293945,0.0,76.40599822998047,True,True,51.15999984741211,0.0,72.12200164794922,True,True,67.26000213623047,-0.09999999403953552,,,,44.13199996948242,210.0019989013672,44.52799987792969,168.0,42.0,
2021-08-30 19:15:00,,,,,44.310001373291016,0.0,75.86599731445312,True,True,100.0,0.0,76.20800018310547,True,True,88.06999969482422,0.0,75.61399841308594,True,True,70.31999969482422,0.0,81.06800079345703,True,True,50.06999969482422,0.0,74.66000366210938,True,True,55.0,0.0,74.85800170898438,True,True,54.880001068115234,0.0,72.19400024414062,True,True,91.47000122070312,0.0,75.72200012207031,True,True,38.900001525878906,0.0,74.8759994506836,True,True,49.56999969482422,0.0,76.38800048828125,True,True,49.11000061035156,0.0,71.81600189208984,True,True,68.31999969482422,-0.1599999964237213,,,,44.33000183105469,210.0019989013672,44.70800018310547,152.0,38.0,
2021-08-30 19:30:00,,,,,43.540000915527344,0.0,75.88400268554688,True,True,100.0,0.0,76.13600158691406,True,True,88.45999908447266,0.0,75.61399841308594,True,True,69.55000305175781,0.0,80.92400360107422,True,True,49.79999923706055,0.0,74.6240005493164,True,True,53.810001373291016,0.0,74.46199798583984,True,True,53.869998931884766,0.0,71.70800018310547,True,True,91.80999755859375,0.0,75.7760009765625,True,True,40.560001373291016,0.0,74.76799774169922,True,True,50.040000915527344,0.0,76.38800048828125,True,True,48.63999938964844,0.0,71.18599700927734,True,True,66.94999694824219,-0.14000000059604645,,,,44.167999267578125,210.0019989013672,44.61800003051758,160.0,40.0,
2021-08-30 19:45:00,,,,,43.16999816894531,0.0,75.93800354003906,True,True,100.0,0.0,75.95600128173828,True,True,86.1500015258789,0.0,75.63200378417969,True,True,68.25,0.0,80.61799621582031,True,True,53.810001373291016,0.0,74.56999969482422,True,True,55.79999923706055,0.0,73.9219970703125,True,True,54.22999954223633,0.0,71.22200012207031,True,True,88.33000183105469,0.0,75.7040023803711,True,True,42.15999984741211,0.0,74.80400085449219,True,True,42.7599983215332,0.0,76.31600189208984,True,True,46.86000061035156,0.0,71.63600158691406,True,True,66.68000030517578,-0.14999999105930328,,,,43.66400146484375,210.0019989013672,43.77199935913086,160.0,40.0,
2021-08-30 20:00:00,,,,,42.470001220703125,0.0,75.86599731445312,True,True,96.66000366210938,0.0,75.32599639892578,True,True,90.3499984741211,0.0,75.59600067138672,True,True,68.70999908447266,0.0,80.83399963378906,True,True,56.75,0.0,74.552001953125,True,True,56.70000076293945,0.0,73.8499984741211,True,True,53.77000045776367,0.0,70.86199951171875,True,True,84.80999755859375,0.0,75.72200012207031,True,True,37.79999923706055,0.0,74.78600311279297,True,True,40.900001525878906,0.0,76.24400329589844,True,True,46.310001373291016,0.0,71.45600128173828,True,True,68.86000061035156,-0.1599999964237213,,,,43.91600036621094,210.0019989013672,44.402000427246094,160.0,40.0,
2021-08-30 20:15:00,,,,,43.060001373291016,0.0,75.86599731445312,True,True,98.29000091552734,0.0,76.08200073242188,True,True,85.81999969482422,0.0,75.61399841308594,True,True,65.80000305175781,0.0,80.4020004272461,True,True,50.720001220703125,0.0,74.30000305175781,True,True,50.70000076293945,0.0,73.54399871826172,True,True,53.27000045776367,0.0,70.5739974975586,True,True,85.55000305175781,0.0,75.52400207519531,True,True,36.95000076293945,0.0,74.78600311279297,True,True,43.040000915527344,0.0,76.24400329589844,True,True,48.630001068115234,0.0,71.09600067138672,True,True,66.05999755859375,-0.14000000059604645,,,,42.422000885009766,210.0019989013672,42.92599868774414,152.0,38.0,
2021-08-30 20:30:00,,,,,38.95000076293945,0.0,75.68599700927734,True,True,99.80000305175781,0.0,75.95600128173828,True,True,82.4000015258789,0.0,75.63200378417969,True,True,61.52000045776367,0.0,79.77200317382812,True,True,46.27000045776367,0.0,74.38999938964844,True,True,51.88999938964844,0.0,72.98600006103516,True,True,54.709999084472656,0.0,70.26799774169922,True,True,86.12999725341797,0.0,75.68599700927734,True,True,38.58000183105469,0.0,74.76799774169922,True,True,47.2599983215332,0.0,76.0999984741211,True,True,44.34000015258789,0.0,70.89800262451172,True,True,65.58999633789062,-0.09999999403953552,,,,44.61800003051758,210.0019989013672,44.90599822998047,152.0,38.0,
2021-08-30 20:45:00,,,,,37.15999984741211,0.0,75.59600067138672,True,True,98.8499984741211,0.0,75.95600128173828,True,True,82.31999969482422,0.0,75.63200378417969,True,True,62.58000183105469,0.0,78.51200103759766,True,True,41.720001220703125,0.0,74.37200164794922,True,True,49.68000030517578,0.0,72.55400085449219,True,True,52.97999954223633,0.0,70.052001953125,True,True,85.55000305175781,0.0,75.63200378417969,True,True,36.59000015258789,0.0,74.80400085449219,True,True,43.09000015258789,0.0,76.06400299072266,True,True,43.2599983215332,0.0,70.73600006103516,True,True,64.61000061035156,-0.17000000178813934,,,,41.70199966430664,210.0019989013672,42.1879997253418,144.0,36.0,
2021-08-30 21:00:00,,,,,38.66999816894531,0.0,75.68599700927734,True,True,95.01000213623047,0.0,76.11799621582031,True,True,79.30999755859375,0.0,75.5780029296875,True,True,59.119998931884766,0.0,80.41999816894531,True,True,47.68000030517578,0.0,74.28199768066406,True,True,45.47999954223633,0.0,72.89600372314453,True,True,50.58000183105469,0.0,69.87200164794922,True,True,78.91999816894531,0.0,75.43399810791016,True,True,39.630001068115234,0.0,74.85800170898438,True,True,39.38999938964844,0.0,76.0459976196289,True,True,42.7400016784668,0.0,70.41200256347656,True,True,62.779998779296875,-0.14000000059604645,,,,41.630001068115234,210.0019989013672,42.0260009765625,152.0,38.0,
2021-08-30 21:15:00,,,,,38.189998626708984,0.0,75.5780029296875,True,True,98.97000122070312,0.0,75.99199676513672,True,True,77.5,0.0,75.52400207519531,True,True,57.369998931884766,0.0,80.11399841308594,True,True,43.31999969482422,0.0,74.10199737548828,True,True,44.79999923706055,0.0,72.46399688720703,True,True,55.279998779296875,0.0,69.83599853515625,True,True,77.7699966430664,0.0,75.52400207519531,True,True,41.939998626708984,0.0,74.73200225830078,True,True,41.4900016784668,0.0,76.0459976196289,True,True,48.099998474121094,0.0,70.41200256347656,True,True,62.099998474121094,-0.1599999964237213,,,,41.737998962402344,210.0019989013672,42.152000427246094,152.0,38.0,
2021-08-30 21:30:00,,,,,36.47999954223633,0.0,75.59600067138672,True,True,100.0,0.0,75.9739990234375,True,True,75.27999877929688,0.0,75.52400207519531,True,True,56.06999969482422,0.0,80.51000213623047,True,True,41.16999816894531,0.0,73.95800018310547,True,True,42.630001068115234,0.0,72.58999633789062,True,True,50.619998931884766,0.0,69.63800048828125,True,True,72.30000305175781,0.0,75.52400207519531,True,True,35.95000076293945,0.0,74.75,True,True,42.27000045776367,0.0,76.0459976196289,True,True,42.529998779296875,0.0,70.19599914550781,True,True,61.81999969482422,-0.17000000178813934,,,,41.630001068115234,210.0019989013672,42.0260009765625,152.0,38.0,
2021-08-30 21:45:00,,,,,32.36000061035156,0.0,75.68599700927734,True,True,96.29000091552734,0.0,75.79399871826172,True,True,74.76000213623047,0.0,75.50599670410156,True,True,54.939998626708984,0.0,79.98799896240234,True,True,44.040000915527344,0.0,73.95800018310547,True,True,44.91999816894531,0.0,72.28399658203125,True,True,49.959999084472656,0.0,69.38600158691406,True,True,75.77999877929688,0.0,75.50599670410156,True,True,37.2400016784668,0.0,74.69599914550781,True,True,45.09000015258789,0.0,75.93800354003906,True,True,43.2599983215332,0.0,70.01599884033203,True,True,62.11000061035156,-0.14999999105930328,,,,41.57600021362305,210.0019989013672,41.97200012207031,144.0,36.0,
2021-08-30 22:00:00,,,,,40.04999923706055,0.0,75.61399841308594,True,True,100.0,0.0,75.43399810791016,True,True,72.68000030517578,0.0,75.47000122070312,True,True,54.099998474121094,0.0,78.83599853515625,True,True,41.790000915527344,0.0,73.88600158691406,True,True,46.88999938964844,0.0,72.21199798583984,True,True,49.400001525878906,0.0,69.56600189208984,True,True,74.5,0.0,75.30799865722656,True,True,37.31999969482422,0.0,74.69599914550781,True,True,42.029998779296875,0.0,75.8479995727539,True,True,45.849998474121094,0.0,70.01599884033203,True,True,62.70000076293945,-0.11999999731779099,,,,41.50400161743164,210.0019989013672,41.93600082397461,136.0,34.0,
2021-08-30 22:15:00,,,,,39.36000061035156,0.0,75.54199981689453,True,True,98.33999633789062,0.0,75.36199951171875,True,True,70.4000015258789,0.0,75.4520034790039,True,True,53.75,0.0,78.47599792480469,True,True,41.58000183105469,0.0,73.74199676513672,True,True,45.400001525878906,0.0,72.01399993896484,True,True,49.22999954223633,0.0,69.52999877929688,True,True,69.18000030517578,0.0,75.4520034790039,True,True,38.11000061035156,0.0,74.64199829101562,True,True,44.06999969482422,0.0,75.75800323486328,True,True,40.81999969482422,0.0,70.052001953125,True,True,61.150001525878906,-0.1599999964237213,,,,41.59400177001953,210.0019989013672,41.97200012207031,144.0,36.0,
2021-08-30 22:30:00,,,,,33.91999816894531,0.0,75.7040023803711,True,True,100.0,0.0,74.947998046875,True,True,68.55000305175781,0.0,75.43399810791016,True,True,51.720001220703125,0.0,79.50199890136719,True,True,40.86000061035156,0.0,73.74199676513672,True,True,41.189998626708984,0.0,72.1760025024414,True,True,48.720001220703125,0.0,69.36799621582031,True,True,66.91999816894531,0.0,75.23600006103516,True,True,41.88999938964844,0.0,74.552001953125,True,True,47.540000915527344,0.0,75.7040023803711,True,True,39.869998931884766,0.0,69.85399627685547,True,True,61.0,-0.17000000178813934,,,,41.55799865722656,210.0019989013672,42.007999420166016,144.0,36.0,
2021-08-30 22:45:00,,,,,33.93000030517578,0.0,75.5780029296875,True,True,100.0,0.0,74.85800170898438,True,True,70.18000030517578,0.0,75.37999725341797,True,True,52.06999969482422,0.0,80.41999816894531,True,True,40.11000061035156,0.0,73.7239990234375,True,True,41.2599983215332,0.0,72.33799743652344,True,True,49.5099983215332,0.0,69.20600128173828,True,True,67.12999725341797,0.0,75.27200317382812,True,True,39.5,0.0,74.6240005493164,True,True,45.349998474121094,0.0,75.7040023803711,True,True,42.880001068115234,0.0,69.83599853515625,True,True,59.720001220703125,-0.1599999964237213,,,,41.57600021362305,210.0019989013672,41.95399856567383,136.0,34.0,
2021-08-30 23:00:00,,,,,38.41999816894531,0.0,75.59600067138672,True,True,100.0,0.0,74.89399719238281,True,True,69.80000305175781,0.0,75.50599670410156,True,True,52.34000015258789,0.0,79.98799896240234,True,True,44.59000015258789,0.0,73.76000213623047,True,True,44.90999984741211,0.0,72.41000366210938,True,True,49.689998626708984,0.0,69.65599822998047,True,True,66.62000274658203,0.0,75.36199951171875,True,True,32.2599983215332,0.0,74.60600280761719,True,True,40.40999984741211,0.0,75.63200378417969,True,True,44.59000015258789,0.0,70.052001953125,True,True,73.87000274658203,-0.14000000059604645,,,,41.827999114990234,210.0019989013672,42.349998474121094,136.0,34.0,
2021-08-30 23:15:00,,,,,33.720001220703125,0.0,75.68599700927734,True,True,96.97000122070312,0.0,74.91200256347656,True,True,68.2300033569336,0.0,75.48799896240234,True,True,51.08000183105469,0.0,79.66400146484375,True,True,39.70000076293945,0.0,73.7959976196289,True,True,43.25,0.0,71.90599822998047,True,True,49.119998931884766,0.0,69.47599792480469,True,True,67.44999694824219,0.0,75.21800231933594,True,True,32.220001220703125,0.0,74.58799743652344,True,True,38.459999084472656,0.0,75.5780029296875,True,True,42.11000061035156,0.0,70.052001953125,True,True,69.1500015258789,-0.14999999105930328,,,,43.48400115966797,210.0019989013672,43.48400115966797,144.0,36.0,
2021-08-30 23:30:00,,,,,46.58000183105469,0.0,75.0199966430664,True,True,100.0,0.0,74.93000030517578,True,True,77.12999725341797,0.0,75.4520034790039,True,True,58.279998779296875,0.0,79.447998046875,True,True,45.20000076293945,0.0,73.81400299072266,True,True,45.959999084472656,0.0,71.4739990234375,True,True,49.38999938964844,0.0,69.27799987792969,True,True,61.720001220703125,0.09999999403953552,75.34400177001953,True,True,36.20000076293945,0.0,74.6240005493164,True,True,39.439998626708984,0.0,75.63200378417969,True,True,42.29999923706055,0.0,69.94400024414062,True,True,73.44999694824219,-0.1599999964237213,,,,50.720001220703125,210.0019989013672,49.85599899291992,144.0,36.0,
2021-08-30 23:45:00,,,,,40.560001373291016,0.0,75.75800323486328,True,True,100.0,0.0,75.0199966430664,True,True,83.70999908447266,0.0,75.6500015258789,True,True,65.68000030517578,0.0,79.64600372314453,True,True,43.38999938964844,0.0,73.88600158691406,True,True,49.93000030517578,0.0,71.29399871826172,True,True,49.2599983215332,0.0,69.36799621582031,True,True,61.52000045776367,0.0,75.34400177001953,True,True,35.63999938964844,0.0,74.66000366210938,True,True,40.790000915527344,0.0,75.7040023803711,True,True,40.959999084472656,0.0,69.85399627685547,True,True,76.9000015258789,-0.1599999964237213,,,,47.5880012512207,210.0019989013672,48.00199890136719,136.0,34.0,
2021-08-31 00:00:00,,,,,40.90999984741211,0.0,75.83000183105469,True,True,97.38999938964844,0.0,75.18199920654297,True,True,81.02999877929688,0.0,75.68599700927734,True,True,60.75,0.0,79.82599639892578,True,True,42.81999969482422,0.0,73.8499984741211,True,True,48.040000915527344,0.0,71.45600128173828,True,True,53.20000076293945,0.0,69.9260025024414,True,True,60.279998779296875,0.0,75.21800231933594,True,True,38.099998474121094,0.0,74.64199829101562,True,True,42.2400016784668,0.0,75.7040023803711,True,True,45.43000030517578,0.0,70.26799774169922,True,True,75.06999969482422,-0.17000000178813934,,,,47.15599822998047,210.0019989013672,47.624000549316406,136.0,34.0,
2021-08-31 00:15:00,,,,,37.290000915527344,0.0,75.86599731445312,True,True,100.0,0.0,75.21800231933594,True,True,78.63999938964844,0.0,75.66799926757812,True,True,58.15999984741211,0.0,79.1240005493164,True,True,41.470001220703125,0.0,73.68800354003906,True,True,45.709999084472656,0.0,71.38400268554688,True,True,64.0,0.0,69.88999938964844,True,True,68.58999633789062,0.0,75.25399780273438,True,True,43.88999938964844,0.0,74.73200225830078,True,True,45.689998626708984,0.0,75.7040023803711,True,True,48.59000015258789,0.0,70.14199829101562,True,True,75.51000213623047,-0.14999999105930328,,,,46.130001068115234,210.0019989013672,46.61600112915039,144.0,36.0,
2021-08-31 00:30:00,,,,,41.619998931884766,0.0,75.9020004272461,True,True,97.6500015258789,0.0,75.18199920654297,True,True,78.72000122070312,0.0,75.59600067138672,True,True,57.029998779296875,0.0,78.76399993896484,True,True,46.13999938964844,0.0,73.7239990234375,True,True,45.65999984741211,0.0,71.09600067138672,True,True,54.529998779296875,0.0,69.45800018310547,True,True,75.55999755859375,0.0,75.50599670410156,True,True,38.529998779296875,0.0,74.73200225830078,True,True,44.540000915527344,0.0,75.7040023803711,True,True,44.209999084472656,0.0,69.90799713134766,True,True,80.69000244140625,-0.14999999105930328,,,,46.310001373291016,210.0019989013672,46.77799987792969,144.0,36.0,
2021-08-31 00:45:00,,,,,36.810001373291016,0.0,75.73999786376953,True,True,100.0,0.0,75.23600006103516,True,True,79.5,0.0,75.54199981689453,True,True,56.470001220703125,0.0,78.45800018310547,True,True,45.66999816894531,0.0,73.68800354003906,True,True,45.349998474121094,0.0,70.9520034790039,True,True,54.20000076293945,0.0,69.65599822998047,True,True,75.38999938964844,0.0,75.43399810791016,True,True,38.400001525878906,0.0,74.66000366210938,True,True,41.36000061035156,0.0,75.66799926757812,True,True,48.16999816894531,0.0,69.94400024414062,True,True,74.5199966430664,-0.1599999964237213,,,,46.310001373291016,210.0019989013672,46.742000579833984,136.0,34.0,
2021-08-31 01:00:00,,,,,49.290000915527344,0.0,75.9020004272461,True,True,100.0,0.0,75.23600006103516,True,True,89.47000122070312,0.0,75.61399841308594,True,True,60.709999084472656,0.0,79.55599975585938,True,True,46.7400016784668,0.0,73.74199676513672,True,True,45.130001068115234,0.0,70.84400177001953,True,True,52.58000183105469,0.0,69.65599822998047,True,True,77.16999816894531,0.0,75.34400177001953,True,True,37.150001525878906,0.0,74.6240005493164,True,True,41.93000030517578,0.0,75.66799926757812,True,True,46.91999816894531,0.0,69.94400024414062,True,True,75.05000305175781,-0.20999999344348907,,,,51.99800109863281,210.0019989013672,53.347999572753906,144.0,36.0,
2021-08-31 01:15:00,,,,,42.459999084472656,0.0,75.68599700927734,True,True,97.41000366210938,0.0,75.21800231933594,True,True,83.55999755859375,0.0,75.61399841308594,True,True,60.900001525878906,0.0,78.45800018310547,True,True,42.2400016784668,0.0,73.74199676513672,True,True,47.709999084472656,0.0,70.59200286865234,True,True,53.290000915527344,0.0,69.38600158691406,True,True,68.88999938964844,0.0,75.30799865722656,True,True,38.20000076293945,0.0,74.552001953125,True,True,44.68000030517578,0.0,75.66799926757812,True,True,41.599998474121094,0.0,69.69200134277344,True,True,73.98999786376953,-0.14000000059604645,,,,49.33399963378906,210.0019989013672,49.15399932861328,144.0,36.0,
2021-08-31 01:30:00,,,,,40.25,0.0,75.83000183105469,True,True,100.0,0.0,75.23600006103516,True,True,86.52999877929688,0.0,75.63200378417969,True,True,62.560001373291016,0.0,78.65599822998047,True,True,42.97999954223633,0.0,73.68800354003906,True,True,49.099998474121094,0.0,70.75399780273438,True,True,54.630001068115234,0.0,69.52999877929688,True,True,72.02999877929688,0.0,75.25399780273438,True,True,40.77000045776367,0.0,74.6240005493164,True,True,38.90999984741211,0.0,75.66799926757812,True,True,44.279998779296875,0.0,69.65599822998047,True,True,74.9800033569336,-0.14000000059604645,,,,47.37200164794922,210.0019989013672,48.03799819946289,136.0,34.0,
2021-08-31 01:45:00,,,,,37.56999969482422,0.0,75.68599700927734,True,True,100.0,0.0,75.37999725341797,True,True,84.3499984741211,0.0,75.61399841308594,True,True,59.689998626708984,0.0,79.10600280761719,True,True,43.189998626708984,0.0,73.76000213623047,True,True,43.709999084472656,0.0,70.66400146484375,True,True,56.27000045776367,0.0,69.3499984741211,True,True,83.26000213623047,0.0,75.29000091552734,True,True,44.439998626708984,0.0,74.64199829101562,True,True,48.630001068115234,0.0,75.68599700927734,True,True,44.65999984741211,0.0,69.65599822998047,True,True,74.11000061035156,-0.14000000059604645,,,,46.79600143432617,210.0019989013672,47.19200134277344,144.0,36.0,
2021-08-31 02:00:00,,,,,40.689998626708984,0.0,75.72200012207031,True,True,100.0,0.0,75.54199981689453,True,True,84.62999725341797,0.0,75.5780029296875,True,True,59.529998779296875,0.0,78.9260025024414,True,True,46.619998931884766,0.0,73.74199676513672,True,True,44.130001068115234,0.0,70.91600036621094,True,True,59.369998931884766,0.0,69.56600189208984,True,True,80.76000213623047,0.0,75.27200317382812,True,True,40.38999938964844,0.0,74.64199829101562,True,True,41.61000061035156,0.0,75.59600067138672,True,True,47.380001068115234,0.0,69.52999877929688,True,True,73.9000015258789,-0.1599999964237213,,,,46.849998474121094,210.0019989013672,47.22800064086914,136.0,34.0,
2021-08-31 02:15:00,,,,,41.02000045776367,0.0,75.75800323486328,True,True,100.0,0.0,75.4520034790039,True,True,85.69000244140625,0.0,75.63200378417969,True,True,59.04999923706055,0.0,78.38600158691406,True,True,41.54999923706055,0.0,73.70600128173828,True,True,44.81999969482422,0.0,70.64600372314453,True,True,55.209999084472656,0.0,69.16999816894531,True,True,79.22000122070312,0.0,75.16400146484375,True,True,38.91999816894531,0.0,74.6240005493164,True,True,45.84000015258789,0.0,75.5780029296875,True,True,45.95000076293945,0.0,69.51200103759766,True,True,73.9000015258789,-0.17000000178813934,,,,46.86800003051758,210.0019989013672,47.263999938964844,144.0,36.0,
2021-08-31 02:30:00,,,,,40.369998931884766,0.0,75.9020004272461,True,True,97.0999984741211,0.0,75.23600006103516,True,True,85.61000061035156,0.0,75.59600067138672,True,True,62.31999969482422,0.0,79.14199829101562,True,True,42.33000183105469,0.0,73.6520004272461,True,True,44.43000030517578,0.0,70.447998046875,True,True,54.5099983215332,0.0,68.9540023803711,True,True,75.48999786376953,0.0,75.03800201416016,True,True,37.880001068115234,0.0,74.60600280761719,True,True,44.369998931884766,0.0,75.54199981689453,True,True,42.869998931884766,0.0,69.44000244140625,True,True,74.05000305175781,-0.1599999964237213,,,,46.97600173950195,210.0019989013672,47.40800094604492,144.0,36.0,
2021-08-31 02:45:00,,,,,44.27000045776367,0.0,75.88400268554688,True,True,100.0,0.0,75.41600036621094,True,True,89.2699966430664,0.0,75.59600067138672,True,True,58.709999084472656,0.0,79.3759994506836,True,True,34.86000061035156,0.0,73.68800354003906,True,True,48.66999816894531,0.0,70.48400115966797,True,True,54.0099983215332,0.0,68.7020034790039,True,True,78.16000366210938,0.0,75.12799835205078,True,True,38.08000183105469,0.0,74.56999969482422,True,True,46.849998474121094,0.0,75.54199981689453,True,True,45.58000183105469,0.0,69.20600128173828,True,True,73.56999969482422,-0.14999999105930328,,,,47.012001037597656,210.0019989013672,47.444000244140625,136.0,34.0,
2021-08-31 03:00:00,,,,,46.75,0.0,75.86599731445312,True,True,100.0,0.0,75.41600036621094,True,True,86.97000122070312,0.0,75.50599670410156,True,True,59.0099983215332,0.0,79.69999694824219,True,True,42.540000915527344,0.0,73.6520004272461,True,True,45.13999938964844,0.0,70.71800231933594,True,True,54.060001373291016,0.0,68.88200378417969,True,True,76.30999755859375,0.0,75.18199920654297,True,True,38.36000061035156,0.0,74.56999969482422,True,True,46.58000183105469,0.0,75.52400207519531,True,True,45.34000015258789,0.0,69.2239990234375,True,True,73.9800033569336,-0.17000000178813934,,,,47.22800064086914,210.0019989013672,47.5880012512207,144.0,36.0,
2021-08-31 03:15:00,,,,,41.65999984741211,0.0,75.79399871826172,True,True,100.0,0.0,75.37999725341797,True,True,88.41999816894531,0.0,75.5780029296875,True,True,63.20000076293945,0.0,78.63800048828125,True,True,43.29999923706055,0.0,73.54399871826172,True,True,45.880001068115234,0.0,70.77200317382812,True,True,54.34000015258789,0.0,68.9000015258789,True,True,77.97000122070312,0.0,75.09200286865234,True,True,41.16999816894531,0.0,74.40799713134766,True,True,39.91999816894531,0.0,75.52400207519531,True,True,43.619998931884766,0.0,69.40399932861328,True,True,78.33999633789062,-0.1599999964237213,,,,47.08399963378906,210.0019989013672,47.51599884033203,144.0,36.0,
2021-08-31 03:30:00,,,,,38.939998626708984,0.0,75.88400268554688,True,True,100.0,0.0,75.47000122070312,True,True,88.88999938964844,0.0,75.48799896240234,True,True,60.79999923706055,0.0,79.5199966430664,True,True,42.79999923706055,0.0,73.54399871826172,True,True,45.040000915527344,0.0,71.02400207519531,True,True,54.470001220703125,0.0,68.97200012207031,True,True,73.62999725341797,0.0,75.23600006103516,True,True,39.79999923706055,0.0,74.46199798583984,True,True,47.7400016784668,0.0,75.47000122070312,True,True,43.58000183105469,0.0,69.40399932861328,True,True,73.98999786376953,-0.1599999964237213,,,,47.209999084472656,210.0019989013672,47.5880012512207,136.0,34.0,
2021-08-31 03:45:00,,,,,39.86000061035156,0.0,75.30799865722656,True,True,100.0,0.0,75.43399810791016,True,True,88.70999908447266,0.0,75.5780029296875,True,True,60.02000045776367,0.0,79.14199829101562,True,True,42.81999969482422,0.0,73.54399871826172,True,True,44.86000061035156,0.0,70.84400177001953,True,True,54.540000915527344,0.0,68.91799926757812,True,True,72.77999877929688,0.0,75.30799865722656,True,True,39.0,0.0,74.46199798583984,True,True,46.06999969482422,0.0,75.47000122070312,True,True,43.66999816894531,0.0,69.40399932861328,True,True,74.30000305175781,-0.1599999964237213,,,,47.012001037597656,210.0019989013672,47.51599884033203,144.0,36.0,
2021-08-31 04:00:00,,,,,39.66999816894531,0.0,75.68599700927734,True,True,100.0,0.0,75.25399780273438,True,True,88.68000030517578,0.0,75.54199981689453,True,True,59.41999816894531,0.0,78.96199798583984,True,True,46.95000076293945,0.0,73.50800323486328,True,True,44.599998474121094,0.0,70.48400115966797,True,True,54.470001220703125,0.0,68.97200012207031,True,True,79.5199966430664,0.0,75.43399810791016,True,True,38.619998931884766,0.0,74.49800109863281,True,True,46.529998779296875,0.0,75.43399810791016,True,True,48.459999084472656,0.0,69.40399932861328,True,True,74.43000030517578,-0.11999999731779099,,,,47.08399963378906,210.0019989013672,47.49800109863281,144.0,36.0,
2021-08-31 04:15:00,,,,,40.09000015258789,0.0,75.81199645996094,True,True,100.0,0.0,75.12799835205078,True,True,90.4000015258789,0.0,75.54199981689453,True,True,59.540000915527344,0.0,78.76399993896484,True,True,39.27000045776367,0.0,73.50800323486328,True,True,44.869998931884766,0.0,70.39399719238281,True,True,54.88999938964844,0.0,68.64800262451172,True,True,74.7300033569336,0.0,75.19999694824219,True,True,38.70000076293945,0.0,74.4800033569336,True,True,48.349998474121094,0.0,75.41600036621094,True,True,46.91999816894531,0.0,69.2239990234375,True,True,73.51000213623047,-0.14999999105930328,,,,47.19200134277344,210.0019989013672,47.5880012512207,136.0,34.0,
2021-08-31 04:30:00,,,,,41.779998779296875,0.0,75.16400146484375,True,True,100.0,0.0,75.23600006103516,True,True,91.87999725341797,0.0,75.50599670410156,True,True,60.40999984741211,0.0,79.19599914550781,True,True,44.689998626708984,0.0,73.5260009765625,True,True,44.5099983215332,0.0,70.3219985961914,True,True,54.43000030517578,0.0,68.79199981689453,True,True,74.70999908447266,0.0,75.09200286865234,True,True,38.630001068115234,0.0,74.44400024414062,True,True,43.119998931884766,0.0,75.36199951171875,True,True,45.25,0.0,69.2959976196289,True,True,74.12000274658203,-0.11999999731779099,,,,47.263999938964844,210.0019989013672,47.7140007019043,144.0,36.0,
2021-08-31 04:45:00,,,,,44.18000030517578,0.0,75.73999786376953,True,True,97.56999969482422,0.0,75.14600372314453,True,True,91.62999725341797,0.0,75.52400207519531,True,True,63.279998779296875,0.0,78.60199737548828,True,True,38.869998931884766,0.0,73.54399871826172,True,True,41.02000045776367,0.0,70.23200225830078,True,True,54.810001373291016,0.0,69.0979995727539,True,True,75.83999633789062,0.0,75.16400146484375,True,True,38.290000915527344,0.0,74.4260025024414,True,True,43.880001068115234,0.0,75.34400177001953,True,True,48.560001373291016,0.0,69.3499984741211,True,True,74.91000366210938,-0.17000000178813934,,,,47.29999923706055,210.0019989013672,47.7140007019043,136.0,34.0,
2021-08-31 05:00:00,,,,,38.880001068115234,0.0,75.36199951171875,True,True,100.0,0.0,75.12799835205078,True,True,91.37000274658203,0.0,75.54199981689453,True,True,60.790000915527344,0.0,78.76399993896484,True,True,45.04999923706055,0.0,73.58000183105469,True,True,46.720001220703125,0.0,69.0260009765625,True,True,54.95000076293945,0.0,68.98999786376953,True,True,76.98999786376953,0.0,75.03800201416016,True,True,38.61000061035156,0.0,74.37200164794922,True,True,50.119998931884766,0.0,75.34400177001953,True,True,44.52000045776367,0.0,69.31400299072266,True,True,74.5199966430664,-0.10999999940395355,,,,47.31800079345703,210.0019989013672,47.7140007019043,144.0,36.0,
2021-08-31 05:15:00,,,,,47.90999984741211,0.0,75.7040023803711,True,True,98.61000061035156,0.0,75.0739974975586,True,True,92.63999938964844,0.0,75.5780029296875,True,True,60.720001220703125,0.0,78.2959976196289,True,True,44.619998931884766,0.0,73.4540023803711,True,True,53.5099983215332,0.0,68.91799926757812,True,True,55.33000183105469,0.0,68.91799926757812,True,True,77.36000061035156,0.0,75.12799835205078,True,True,38.56999969482422,0.0,74.40799713134766,True,True,47.36000061035156,0.0,75.32599639892578,True,True,45.470001220703125,0.0,69.2959976196289,True,True,74.98999786376953,-0.1599999964237213,,,,47.40800094604492,210.0019989013672,47.75,144.0,36.0,
2021-08-31 05:30:00,,,,,43.36000061035156,0.0,75.68599700927734,True,True,100.0,0.0,75.25399780273438,True,True,94.61000061035156,0.0,75.52400207519531,True,True,60.939998626708984,0.0,78.51200103759766,True,True,41.619998931884766,0.0,73.43599700927734,True,True,47.02000045776367,0.0,69.20600128173828,True,True,55.54999923706055,0.0,68.97200012207031,True,True,76.81999969482422,0.0,75.05599975585938,True,True,39.970001220703125,0.0,74.44400024414062,True,True,42.810001373291016,0.0,75.32599639892578,True,True,44.47999954223633,0.0,69.26000213623047,True,True,74.4000015258789,-0.10999999940395355,,,,47.263999938964844,210.0019989013672,47.69599914550781,144.0,36.0,
2021-08-31 05:45:00,,,,,39.43000030517578,0.0,75.54199981689453,True,True,98.70999908447266,0.0,75.37999725341797,True,True,93.91999816894531,0.0,75.5780029296875,True,True,61.369998931884766,0.0,79.1240005493164,True,True,41.900001525878906,0.0,73.36399841308594,True,True,47.47999954223633,0.0,69.11599731445312,True,True,55.709999084472656,0.0,68.86399841308594,True,True,81.55000305175781,0.0,74.91200256347656,True,True,38.279998779296875,0.0,74.37200164794922,True,True,47.13999938964844,0.0,75.34400177001953,True,True,43.83000183105469,0.0,69.0260009765625,True,True,74.98999786376953,-0.11999999731779099,,,,47.31800079345703,210.0019989013672,47.65999984741211,144.0,36.0,
2021-08-31 06:00:00,,,,,39.290000915527344,0.0,75.7040023803711,True,True,100.0,0.0,75.41600036621094,True,True,93.86000061035156,0.0,75.50599670410156,True,True,60.68000030517578,0.0,79.14199829101562,True,True,42.0099983215332,0.0,73.47200012207031,True,True,47.27000045776367,0.0,68.64800262451172,True,True,56.099998474121094,0.0,68.50399780273438,True,True,76.11000061035156,0.0,75.11000061035156,True,True,38.41999816894531,0.0,74.37200164794922,True,True,40.599998474121094,0.0,75.34400177001953,True,True,43.900001525878906,0.0,69.0979995727539,True,True,75.62000274658203,-0.1899999976158142,,,,47.42599868774414,210.0019989013672,47.80400085449219,136.0,34.0,
2021-08-31 06:15:00,,,,,51.16999816894531,0.0,75.81199645996094,True,True,100.0,0.0,75.03800201416016,True,True,100.0,0.0,75.4520034790039,True,True,63.33000183105469,0.0,77.41400146484375,True,True,50.31999969482422,0.0,73.50800323486328,True,True,45.599998474121094,0.0,68.28800201416016,True,True,55.790000915527344,0.0,68.37799835205078,True,True,77.52999877929688,0.0,75.0739974975586,True,True,38.72999954223633,0.0,74.40799713134766,True,True,40.189998626708984,0.0,75.34400177001953,True,True,45.630001068115234,0.0,68.97200012207031,True,True,77.76000213623047,-0.14999999105930328,,,,59.93600082397461,210.0019989013672,60.29600143432617,144.0,36.0,
2021-08-31 06:30:00,,,,,47.220001220703125,0.0,74.78600311279297,True,True,100.0,0.0,75.12799835205078,True,True,90.12999725341797,0.0,75.63200378417969,True,True,65.5,0.0,79.1240005493164,True,True,48.810001373291016,0.0,73.48999786376953,True,True,46.459999084472656,0.0,68.50399780273438,True,True,56.20000076293945,0.0,68.41400146484375,True,True,81.02999877929688,0.0,75.16400146484375,True,True,39.150001525878906,0.0,74.44400024414062,True,True,38.36000061035156,0.0,75.34400177001953,True,True,48.56999969482422,0.0,68.8280029296875,True,True,77.5999984741211,-0.11999999731779099,,,,47.75,210.0019989013672,48.18199920654297,144.0,36.0,
2021-08-31 06:45:00,,,,,41.869998931884766,0.0,74.6240005493164,True,True,95.58000183105469,0.0,75.23600006103516,True,True,87.41000366210938,0.0,75.54199981689453,True,True,61.72999954223633,0.0,78.65599822998047,True,True,39.970001220703125,0.0,73.36399841308594,True,True,44.959999084472656,0.0,68.57599639892578,True,True,55.959999084472656,0.0,68.3239974975586,True,True,80.06999969482422,0.0,75.05599975585938,True,True,41.630001068115234,0.0,74.37200164794922,True,True,46.33000183105469,0.0,75.32599639892578,True,True,49.0099983215332,0.0,68.80999755859375,True,True,100.0,-0.14000000059604645,,,,47.33599853515625,210.0019989013672,47.768001556396484,144.0,36.0,
2021-08-31 07:00:00,,,,,31.459999084472656,0.0,75.6500015258789,True,True,86.70999908447266,0.0,75.21800231933594,True,True,61.45000076293945,5.840000152587891,75.37999725341797,True,True,50.150001525878906,0.0,77.86399841308594,True,True,35.06999969482422,0.0,73.34600067138672,True,True,39.630001068115234,0.0,67.78399658203125,True,True,66.58000183105469,0.0,68.59400177001953,True,True,97.5999984741211,0.0,75.03800201416016,True,True,44.33000183105469,0.0,74.35399627685547,True,True,55.970001220703125,0.0,75.21800231933594,True,True,53.150001525878906,0.0,68.84600067138672,True,True,100.0,-0.1599999964237213,,,,41.37799835205078,210.0019989013672,41.88199996948242,136.0,34.0,
2021-08-31 07:15:00,,,,,32.25,0.0,75.54199981689453,True,True,83.12000274658203,0.0,74.85800170898438,True,True,61.31999969482422,3.930000066757202,75.34400177001953,True,True,47.7400016784668,0.0,79.447998046875,True,True,35.599998474121094,0.0,73.3280029296875,True,True,37.63999938964844,0.0,67.78399658203125,True,True,56.400001525878906,0.0,68.10800170898438,True,True,86.97000122070312,0.0,75.03800201416016,True,True,39.130001068115234,0.0,74.31800079345703,True,True,44.029998779296875,0.0,75.27200317382812,True,True,44.0,0.0,68.64800262451172,True,True,100.0,-0.11999999731779099,,,,45.625999450683594,210.0019989013672,46.05799865722656,144.0,36.0,
2021-08-31 07:30:00,,,,,44.689998626708984,0.0,75.68599700927734,True,True,89.12999725341797,0.0,74.73200225830078,True,True,80.19000244140625,0.0,75.36199951171875,True,True,63.279998779296875,0.0,78.87200164794922,True,True,48.560001373291016,0.0,73.43599700927734,True,True,45.630001068115234,0.0,68.0719985961914,True,True,52.04999923706055,0.0,68.14399719238281,True,True,71.08000183105469,0.0,74.71399688720703,True,True,33.16999816894531,0.0,74.33599853515625,True,True,45.529998779296875,0.0,75.23600006103516,True,True,41.11000061035156,0.0,68.61199951171875,True,True,100.0,-0.14999999105930328,,,,51.944000244140625,210.0019989013672,52.933998107910156,144.0,36.0,
2021-08-31 07:45:00,,,,,42.72999954223633,0.0,75.25399780273438,True,True,100.0,0.0,74.78600311279297,True,True,66.9800033569336,0.0,75.41600036621094,True,True,59.09000015258789,0.0,78.80000305175781,True,True,45.709999084472656,0.0,73.50800323486328,True,True,44.220001220703125,0.0,67.44200134277344,True,True,45.95000076293945,0.0,67.78399658203125,True,True,47.939998626708984,14.34000015258789,74.69599914550781,True,True,29.790000915527344,0.0,74.30000305175781,True,True,37.25,0.0,75.16400146484375,True,True,35.95000076293945,0.0,68.44999694824219,True,True,66.33999633789062,-0.1599999964237213,,,,48.63199996948242,210.0019989013672,48.27199935913086,144.0,36.0,
2021-08-31 08:00:00,,,,,48.279998779296875,0.0,75.68599700927734,True,True,100.0,0.0,74.85800170898438,True,True,78.51000213623047,0.0,75.4520034790039,True,True,67.9800033569336,0.0,79.55599975585938,True,True,54.61000061035156,0.0,73.66999816894531,True,True,47.83000183105469,0.0,68.39600372314453,True,True,52.779998779296875,0.0,67.78399658203125,True,True,51.369998931884766,8.9399995803833,74.8219985961914,True,True,37.33000183105469,0.0,74.26399993896484,True,True,39.810001373291016,0.0,75.0199966430664,True,True,41.349998474121094,0.0,68.30599975585938,True,True,71.5,-0.10999999940395355,,,,51.78200149536133,210.0019989013672,51.97999954223633,152.0,38.0,
2021-08-31 08:15:00,,,,,47.79999923706055,0.0,75.7040023803711,True,True,100.0,0.0,74.89399719238281,True,True,78.2699966430664,0.0,75.52400207519531,True,True,72.08000183105469,0.0,79.08799743652344,True,True,56.099998474121094,0.0,73.7239990234375,True,True,48.61000061035156,0.0,68.61199951171875,True,True,49.5099983215332,0.0,68.03600311279297,True,True,62.63999938964844,0.0,74.947998046875,True,True,34.220001220703125,0.0,74.30000305175781,True,True,44.83000183105469,0.0,75.14600372314453,True,True,41.099998474121094,0.0,67.62200164794922,True,True,73.41000366210938,-0.1599999964237213,,,,47.012001037597656,210.0019989013672,47.80400085449219,160.0,40.0,
2021-08-31 08:30:00,,,,,45.11000061035156,0.0,75.43399810791016,True,True,94.44000244140625,0.0,75.00199890136719,True,True,70.41000366210938,0.0,75.4520034790039,True,True,60.279998779296875,0.0,78.0260009765625,True,True,52.0099983215332,0.0,73.83200073242188,True,True,44.970001220703125,0.0,68.7020034790039,True,True,60.59000015258789,0.0,68.14399719238281,True,True,58.79999923706055,0.0,74.93000030517578,True,True,42.689998626708984,0.0,74.28199768066406,True,True,42.849998474121094,0.0,75.16400146484375,True,True,49.130001068115234,0.0,68.57599639892578,True,True,68.98999786376953,-0.14999999105930328,,,,45.284000396728516,210.0019989013672,45.44599914550781,160.0,40.0,
2021-08-31 08:45:00,,,,,54.380001068115234,0.0,74.51599884033203,True,True,100.0,0.0,74.91200256347656,True,True,74.16999816894531,0.0,75.50599670410156,True,True,67.83999633789062,0.0,79.68199920654297,True,True,59.290000915527344,0.0,73.86799621582031,True,True,49.58000183105469,0.0,68.50399780273438,True,True,62.41999816894531,0.0,67.98200225830078,True,True,66.19999694824219,0.0,75.14600372314453,True,True,43.119998931884766,0.0,74.37200164794922,True,True,42.189998626708984,0.0,75.14600372314453,True,True,50.189998626708984,0.0,68.64800262451172,True,True,70.6500015258789,-0.1599999964237213,,,,48.00199890136719,210.0019989013672,48.41600036621094,168.0,42.0,
2021-08-31 09:00:00,,,,,44.41999816894531,0.0,75.54199981689453,True,True,100.0,0.0,74.96600341796875,True,True,75.6500015258789,0.0,75.50599670410156,True,True,69.86000061035156,0.0,78.78199768066406,True,True,56.86000061035156,0.0,70.3759994506836,True,True,50.880001068115234,0.0,68.75599670410156,True,True,51.97999954223633,0.0,68.01799774169922,True,True,63.43000030517578,0.0,75.16400146484375,True,True,36.86000061035156,0.0,74.37200164794922,True,True,65.91999816894531,0.0,75.27200317382812,True,True,41.95000076293945,0.0,68.72000122070312,True,True,70.98999786376953,-0.14999999105930328,,,,47.46200180053711,210.0019989013672,47.875999450683594,168.0,42.0,
2021-08-31 09:15:00,,,,,54.38999938964844,0.0,75.72200012207031,True,True,100.0,0.0,75.0199966430664,True,True,94.02999877929688,0.0,75.52400207519531,True,True,79.33999633789062,0.0,79.1240005493164,True,True,71.06999969482422,0.0,69.18800354003906,True,True,55.619998931884766,0.0,68.9540023803711,True,True,55.529998779296875,0.0,68.48600006103516,True,True,59.4900016784668,0.0,75.18199920654297,True,True,39.16999816894531,0.0,74.37200164794922,True,True,42.5,0.0,75.27200317382812,True,True,50.43000030517578,0.0,69.00800323486328,True,True,81.55999755859375,-0.11999999731779099,,,,53.72600173950195,210.0019989013672,54.805999755859375,176.0,44.0,
2021-08-31 09:30:00,,,,,42.58000183105469,0.0,74.6240005493164,True,True,99.79000091552734,0.0,75.09200286865234,True,True,79.11000061035156,0.0,75.63200378417969,True,True,67.62000274658203,0.0,78.08000183105469,True,True,60.15999984741211,0.0,69.33200073242188,True,True,47.45000076293945,0.0,68.68399810791016,True,True,58.790000915527344,0.0,68.50399780273438,True,True,63.900001525878906,0.0,75.30799865722656,True,True,41.599998474121094,0.0,74.37200164794922,True,True,46.38999938964844,0.0,75.27200317382812,True,True,52.41999816894531,0.0,69.16999816894531,True,True,71.68000030517578,-0.14000000059604645,,,,45.55400085449219,210.0019989013672,45.96799850463867,176.0,44.0,
2021-08-31 09:45:00,,,,,41.439998626708984,0.0,75.00199890136719,True,True,100.0,0.0,75.09200286865234,True,True,74.55999755859375,0.0,75.54199981689453,True,True,65.72000122070312,0.0,77.75599670410156,True,True,60.86000061035156,0.0,69.13400268554688,True,True,50.08000183105469,0.0,68.57599639892578,True,True,58.380001068115234,0.0,68.43199920654297,True,True,69.55999755859375,0.0,75.34400177001953,True,True,41.08000183105469,0.0,74.33599853515625,True,True,43.08000183105469,0.0,75.29000091552734,True,True,46.349998474121094,0.0,69.3499984741211,True,True,75.7300033569336,-0.17000000178813934,,,,45.15800094604492,210.0019989013672,45.715999603271484,184.0,46.0,
2021-08-31 10:00:00,,,,,38.11000061035156,0.0,75.72200012207031,True,True,97.01000213623047,0.0,75.09200286865234,True,True,71.91000366210938,0.0,75.50599670410156,True,True,63.4900016784668,0.0,79.08799743652344,True,True,59.40999984741211,0.0,69.27799987792969,True,True,48.939998626708984,0.0,68.9540023803711,True,True,56.380001068115234,0.0,68.9000015258789,True,True,81.41999816894531,0.0,69.06199645996094,True,True,38.5099983215332,0.0,74.44400024414062,True,True,47.88999938964844,0.0,75.37999725341797,True,True,46.0099983215332,0.0,69.81800079345703,True,True,69.8499984741211,-0.10999999940395355,,,,44.13199996948242,210.0019989013672,44.65399932861328,184.0,46.0,
2021-08-31 10:15:00,,,,,47.52000045776367,0.0,75.5780029296875,True,True,100.0,0.0,75.0739974975586,True,True,73.9000015258789,0.0,75.48799896240234,True,True,65.69000244140625,0.0,80.02400207519531,True,True,56.88999938964844,0.0,69.83599853515625,True,True,55.970001220703125,0.0,69.81800079345703,True,True,54.459999084472656,0.0,68.66600036621094,True,True,71.8499984741211,0.0,69.0979995727539,True,True,39.13999938964844,0.0,74.40799713134766,True,True,45.83000183105469,0.0,75.37999725341797,True,True,46.880001068115234,0.0,69.3499984741211,True,True,68.98999786376953,-0.1599999964237213,,,,46.507999420166016,210.0019989013672,47.24599838256836,184.0,46.0,
2021-08-31 10:30:00,,,,,37.68000030517578,0.0,75.68599700927734,True,True,95.44999694824219,0.0,74.96600341796875,True,True,72.6500015258789,0.0,75.4520034790039,True,True,66.30999755859375,0.0,79.14199829101562,True,True,58.290000915527344,0.0,70.1240005493164,True,True,45.2400016784668,0.0,68.97200012207031,True,True,52.84000015258789,0.0,68.84600067138672,True,True,70.26000213623047,0.0,68.57599639892578,True,True,38.11000061035156,0.0,74.35399627685547,True,True,46.31999969482422,0.0,75.32599639892578,True,True,49.630001068115234,0.0,70.1240005493164,True,True,69.29000091552734,-0.1599999964237213,,,,43.736000061035156,210.0019989013672,44.18600082397461,184.0,46.0,
2021-08-31 10:45:00,,,,,40.54999923706055,0.0,75.7040023803711,True,True,97.30999755859375,0.0,75.05599975585938,True,True,68.77999877929688,0.0,75.50599670410156,True,True,61.08000183105469,0.0,79.55599975585938,True,True,58.56999969482422,0.0,69.52999877929688,True,True,47.81999969482422,0.0,70.03399658203125,True,True,52.459999084472656,0.0,69.0979995727539,True,True,75.94999694824219,0.0,70.3759994506836,True,True,37.439998626708984,0.0,74.31800079345703,True,True,47.0099983215332,0.0,75.32599639892578,True,True,48.119998931884766,0.0,70.26799774169922,True,True,68.33999633789062,-0.14000000059604645,,,,42.99800109863281,210.0019989013672,43.358001708984375,184.0,46.0,
2021-08-31 11:00:00,,,,,39.63999938964844,0.0,75.6500015258789,True,True,100.0,0.0,75.16400146484375,True,True,72.25,0.0,75.41600036621094,True,True,59.22999954223633,0.0,79.1240005493164,True,True,58.650001525878906,0.0,69.2959976196289,True,True,48.099998474121094,0.0,70.1780014038086,True,True,55.7400016784668,0.0,69.0979995727539,True,True,74.51000213623047,0.0,69.04399871826172,True,True,39.689998626708984,0.0,74.37200164794922,True,True,43.369998931884766,0.0,75.21800231933594,True,True,45.97999954223633,0.0,70.26799774169922,True,True,66.61000061035156,-0.11999999731779099,,,,43.01599884033203,210.0019989013672,43.48400115966797,192.0,48.0,
2021-08-31 11:15:00,,,,,33.720001220703125,0.0,75.0739974975586,True,True,97.16999816894531,0.0,74.93000030517578,True,True,65.98999786376953,0.0,75.52400207519531,True,True,54.83000183105469,0.0,80.56400299072266,True,True,59.86000061035156,0.0,69.45800018310547,True,True,47.2599983215332,0.0,71.13200378417969,True,True,51.36000061035156,0.0,69.20600128173828,True,True,66.83000183105469,0.0,69.69200134277344,True,True,42.0099983215332,0.0,74.40799713134766,True,True,41.439998626708984,0.0,75.30799865722656,True,True,47.59000015258789,0.0,70.23200225830078,True,True,66.04000091552734,-0.14000000059604645,,,,40.801998138427734,210.0019989013672,41.32400131225586,184.0,46.0,
2021-08-31 11:30:00,,,,,40.68000030517578,0.0,75.00199890136719,True,True,100.0,0.0,74.98400115966797,True,True,66.91000366210938,0.0,75.4520034790039,True,True,58.45000076293945,0.0,80.41999816894531,True,True,63.040000915527344,0.0,70.26799774169922,True,True,50.61000061035156,0.0,70.447998046875,True,True,50.790000915527344,0.0,69.2239990234375,True,True,63.04999923706055,0.0,69.96199798583984,True,True,40.22999954223633,0.0,74.40799713134766,True,True,44.349998474121094,0.0,75.4520034790039,True,True,43.970001220703125,0.0,69.94400024414062,True,True,66.6500015258789,-0.14000000059604645,,,,42.439998626708984,210.0019989013672,42.92599868774414,192.0,48.0,
2021-08-31 11:45:00,,,,,35.7599983215332,0.0,75.00199890136719,True,True,100.0,0.0,75.0199966430664,True,True,63.72999954223633,0.0,75.48799896240234,True,True,54.02000045776367,0.0,79.69999694824219,True,True,67.62999725341797,0.0,70.50199890136719,True,True,46.380001068115234,0.0,70.80799865722656,True,True,50.93000030517578,0.0,69.24199676513672,True,True,66.4800033569336,0.0,70.53800201416016,True,True,37.25,0.0,74.38999938964844,True,True,39.0099983215332,0.0,75.4520034790039,True,True,45.58000183105469,0.0,70.1240005493164,True,True,67.13999938964844,-0.17000000178813934,,,,41.28799819946289,210.0019989013672,41.683998107910156,184.0,46.0,
2021-08-31 12:00:00,,,,,37.2599983215332,0.0,75.00199890136719,True,True,98.5999984741211,0.0,75.03800201416016,True,True,66.45999908447266,0.0,75.54199981689453,True,True,56.31999969482422,0.0,79.82599639892578,True,True,53.310001373291016,0.0,70.77200317382812,True,True,45.75,0.0,70.5739974975586,True,True,48.56999969482422,0.0,69.52999877929688,True,True,58.2599983215332,0.0,69.94400024414062,True,True,36.20000076293945,0.0,74.40799713134766,True,True,43.45000076293945,0.0,75.4520034790039,True,True,43.880001068115234,0.0,70.5739974975586,True,True,65.01000213623047,-0.14999999105930328,,,,41.32400131225586,210.0019989013672,41.77399826049805,192.0,48.0,
2021-08-31 12:15:00,,,,,38.349998474121094,0.0,75.12799835205078,True,True,97.2699966430664,0.0,75.00199890136719,True,True,61.7599983215332,0.0,75.54199981689453,True,True,58.5099983215332,0.0,80.94200134277344,True,True,60.060001373291016,0.0,70.84400177001953,True,True,50.11000061035156,0.0,71.11399841308594,True,True,50.150001525878906,0.0,70.08799743652344,True,True,65.37999725341797,0.0,70.66400146484375,True,True,38.5099983215332,0.0,74.44400024414062,True,True,44.099998474121094,0.0,75.4520034790039,True,True,42.06999969482422,0.0,71.02400207519531,True,True,65.69999694824219,-0.1899999976158142,,,,41.305999755859375,210.0019989013672,41.70199966430664,192.0,48.0,
2021-08-31 12:30:00,,,,,36.369998931884766,0.0,75.18199920654297,True,True,98.98999786376953,0.0,75.03800201416016,True,True,60.75,0.0,75.50599670410156,True,True,55.75,0.0,80.3479995727539,True,True,63.439998626708984,0.0,71.05999755859375,True,True,53.58000183105469,0.0,71.4739990234375,True,True,49.56999969482422,0.0,70.23200225830078,True,True,61.61000061035156,0.0,70.9520034790039,True,True,38.77000045776367,0.0,74.37200164794922,True,True,45.900001525878906,0.0,75.54199981689453,True,True,41.189998626708984,0.0,71.16799926757812,True,True,65.63999938964844,-0.11999999731779099,,,,41.32400131225586,210.0019989013672,41.75600051879883,184.0,46.0,
2021-08-31 12:45:00,,,,,36.619998931884766,0.0,75.18199920654297,True,True,100.0,0.0,75.0199966430664,True,True,59.349998474121094,0.0,75.5780029296875,True,True,57.90999984741211,0.0,80.16799926757812,True,True,63.27000045776367,0.0,70.77200317382812,True,True,55.04999923706055,0.0,71.13200378417969,True,True,49.54999923706055,0.0,70.41200256347656,True,True,64.16999816894531,0.0,70.89800262451172,True,True,36.119998931884766,0.0,74.38999938964844,True,True,38.290000915527344,0.0,75.59600067138672,True,True,40.33000183105469,0.0,71.2760009765625,True,True,66.19999694824219,-0.14000000059604645,,,,41.32400131225586,210.0019989013672,41.737998962402344,192.0,48.0,
2021-08-31 13:00:00,,,,,35.939998626708984,0.0,75.12799835205078,True,True,100.0,0.0,75.05599975585938,True,True,59.38999938964844,0.0,75.52400207519531,True,True,56.060001373291016,0.0,81.19400024414062,True,True,63.209999084472656,0.0,71.70800018310547,True,True,47.83000183105469,0.0,72.35600280761719,True,True,48.86000061035156,0.0,70.41200256347656,True,True,58.72999954223633,0.0,70.98799896240234,True,True,39.5099983215332,0.0,74.46199798583984,True,True,38.869998931884766,0.0,75.63200378417969,True,True,40.16999816894531,0.0,71.2760009765625,True,True,66.20999908447266,-0.1899999976158142,,,,41.32400131225586,210.0019989013672,41.720001220703125,192.0,48.0,
2021-08-31 13:15:00,,,,,34.95000076293945,0.0,75.0739974975586,True,True,100.0,0.0,74.8759994506836,True,True,58.189998626708984,0.0,75.4520034790039,True,True,55.72999954223633,0.0,81.64399719238281,True,True,62.61000061035156,0.0,71.56400299072266,True,True,48.15999984741211,0.0,73.27400207519531,True,True,48.20000076293945,0.0,70.53800201416016,True,True,61.970001220703125,0.0,70.9520034790039,True,True,36.59000015258789,0.0,74.53399658203125,True,True,42.47999954223633,0.0,75.63200378417969,True,True,40.970001220703125,0.0,71.45600128173828,True,True,66.11000061035156,-0.09999999403953552,,,,41.36000061035156,210.0019989013672,41.75600051879883,192.0,48.0,
2021-08-31 13:30:00,,,,,39.27000045776367,0.0,75.03800201416016,True,True,100.0,0.0,74.89399719238281,True,True,56.529998779296875,0.0,75.37999725341797,True,True,55.5,0.0,81.55400085449219,True,True,61.0099983215332,0.0,72.5,True,True,46.68000030517578,0.0,72.75199890136719,True,True,47.61000061035156,0.0,70.84400177001953,True,True,63.459999084472656,0.0,71.2040023803711,True,True,36.31999969482422,0.0,74.51599884033203,True,True,42.25,0.0,75.6500015258789,True,True,43.38999938964844,0.0,71.70800018310547,True,True,66.0199966430664,-0.1599999964237213,,,,41.34199905395508,210.0019989013672,41.77399826049805,192.0,48.0,
2021-08-31 13:45:00,,,,,30.3700008392334,0.0,75.41600036621094,True,True,99.80000305175781,0.0,74.91200256347656,True,True,60.56999969482422,0.0,75.39800262451172,True,True,55.560001373291016,0.0,81.84200286865234,True,True,57.459999084472656,0.0,72.73400115966797,True,True,52.36000061035156,0.0,73.99400329589844,True,True,47.18000030517578,0.0,71.09600067138672,True,True,60.880001068115234,0.0,72.15799713134766,True,True,35.7400016784668,0.0,74.58799743652344,True,True,42.18000030517578,0.0,75.72200012207031,True,True,39.869998931884766,0.0,71.88800048828125,True,True,67.1500015258789,-0.14000000059604645,,,,41.28799819946289,210.0019989013672,41.70199966430664,184.0,46.0,
2021-08-31 14:00:00,,,,,38.459999084472656,0.0,75.9020004272461,True,True,100.0,0.0,74.89399719238281,True,True,59.93000030517578,0.0,75.50599670410156,True,True,55.93000030517578,0.0,81.86000061035156,True,True,57.45000076293945,0.0,72.71600341796875,True,True,50.13999938964844,0.0,73.77799987792969,True,True,49.709999084472656,0.0,71.3479995727539,True,True,64.58000183105469,0.0,71.90599822998047,True,True,36.5099983215332,0.0,74.64199829101562,True,True,43.9900016784668,0.0,75.7040023803711,True,True,39.77000045776367,0.0,72.06800079345703,True,True,67.2300033569336,-0.14999999105930328,,,,41.25199890136719,210.0019989013672,41.64799880981445,184.0,46.0,
2021-08-31 14:15:00,,,,,40.18000030517578,0.0,76.26200103759766,True,True,100.0,0.0,74.91200256347656,True,True,60.16999816894531,0.0,75.50599670410156,True,True,55.810001373291016,0.0,81.55400085449219,True,True,58.61000061035156,0.0,72.84200286865234,True,True,52.970001220703125,0.0,74.46199798583984,True,True,48.58000183105469,0.0,71.81600189208984,True,True,58.91999816894531,0.0,72.46399688720703,True,True,36.130001068115234,0.0,74.60600280761719,True,True,43.720001220703125,0.0,75.7040023803711,True,True,42.290000915527344,0.0,72.55400085449219,True,True,67.7300033569336,-0.11999999731779099,,,,41.25199890136719,210.0019989013672,41.64799880981445,192.0,48.0,
2021-08-31 14:30:00,,,,,40.08000183105469,0.0,76.24400329589844,True,True,100.0,0.0,74.93000030517578,True,True,61.0,0.0,75.54199981689453,True,True,55.900001525878906,0.0,82.34600067138672,True,True,62.52000045776367,0.0,73.14800262451172,True,True,55.95000076293945,0.0,74.28199768066406,True,True,49.529998779296875,0.0,72.8239974975586,True,True,61.56999969482422,0.0,72.98600006103516,True,True,36.22999954223633,0.0,74.6240005493164,True,True,36.45000076293945,0.0,75.75800323486328,True,True,48.540000915527344,0.0,73.22000122070312,True,True,67.48999786376953,-0.14999999105930328,,,,41.215999603271484,210.0019989013672,41.64799880981445,192.0,48.0,
2021-08-31 14:45:00,,,,,41.72999954223633,0.0,76.6760025024414,True,True,100.0,0.0,75.00199890136719,True,True,60.41999816894531,0.0,75.5780029296875,True,True,58.34000015258789,0.0,82.81400299072266,True,True,61.33000183105469,0.0,73.50800323486328,True,True,54.31999969482422,0.0,74.93000030517578,True,True,49.400001525878906,0.0,72.60800170898438,True,True,66.05999755859375,0.0,74.8759994506836,True,True,36.0,0.0,74.66000366210938,True,True,46.630001068115234,0.0,75.75800323486328,True,True,41.599998474121094,0.0,73.09400177001953,True,True,68.93000030517578,-0.1899999976158142,,,,41.25199890136719,210.0019989013672,41.630001068115234,184.0,46.0,
2021-08-31 15:00:00,,,,,35.540000915527344,0.0,76.08200073242188,True,True,96.54000091552734,0.0,74.93000030517578,True,True,54.90999984741211,0.0,75.50599670410156,True,True,59.65999984741211,0.0,82.36399841308594,True,True,53.83000183105469,0.0,73.88600158691406,True,True,50.810001373291016,0.0,73.9219970703125,True,True,48.869998931884766,0.0,73.16600036621094,True,True,67.62000274658203,0.0,74.19200134277344,True,True,39.2400016784668,0.0,74.73200225830078,True,True,34.939998626708984,0.0,75.81199645996094,True,True,44.31999969482422,0.0,73.68800354003906,True,True,70.0,-0.11999999731779099,,,,41.215999603271484,210.0019989013672,41.64799880981445,184.0,46.0,
2021-08-31 15:15:00,,,,,42.040000915527344,0.0,76.08200073242188,True,True,99.44999694824219,0.0,74.85800170898438,True,True,54.7400016784668,0.0,75.50599670410156,True,True,59.560001373291016,0.0,81.96800231933594,True,True,53.189998626708984,0.0,73.41799926757812,True,True,49.810001373291016,0.0,74.8219985961914,True,True,49.54999923706055,0.0,73.47200012207031,True,True,65.6500015258789,0.0,74.58799743652344,True,True,35.93000030517578,0.0,74.80400085449219,True,True,42.72999954223633,0.0,75.81199645996094,True,True,47.31999969482422,0.0,74.0479965209961,True,True,67.76000213623047,-0.1599999964237213,,,,41.215999603271484,210.0019989013672,41.683998107910156,184.0,46.0,
2021-08-31 15:30:00,,,,,35.869998931884766,0.0,76.15399932861328,True,True,100.0,0.0,74.69599914550781,True,True,61.599998474121094,0.0,75.4520034790039,True,True,60.68000030517578,0.0,82.66999816894531,True,True,54.06999969482422,0.0,73.50800323486328,True,True,54.119998931884766,0.0,75.43399810791016,True,True,49.45000076293945,0.0,73.3280029296875,True,True,70.91999816894531,0.0,74.8759994506836,True,True,36.7400016784668,0.0,74.83999633789062,True,True,29.969999313354492,3.2300000190734863,75.93800354003906,True,True,46.18000030517578,0.0,73.63400268554688,True,True,67.33999633789062,-0.14000000059604645,,,,41.215999603271484,210.0019989013672,41.64799880981445,176.0,44.0,
2021-08-31 15:45:00,,,,,35.900001525878906,0.0,75.9020004272461,True,True,100.0,0.0,74.71399688720703,True,True,55.34000015258789,0.0,75.54199981689453,True,True,55.58000183105469,0.0,83.24600219726562,True,True,56.029998779296875,0.0,74.01200103759766,True,True,57.029998779296875,0.0,76.06400299072266,True,True,47.86000061035156,0.0,72.66200256347656,True,True,69.19000244140625,0.0,74.0479965209961,True,True,36.29999923706055,0.0,74.83999633789062,True,True,39.72999954223633,0.0,75.88400268554688,True,True,48.75,0.0,72.89600372314453,True,True,68.93000030517578,-0.19999998807907104,,,,41.198001861572266,210.0019989013672,41.66600036621094,184.0,46.0,
2021-08-31 16:00:00,,,,,30.649999618530273,0.0,75.6500015258789,True,True,100.0,0.0,74.73200225830078,True,True,53.84000015258789,0.0,75.5780029296875,True,True,55.90999984741211,0.0,83.06600189208984,True,True,53.09000015258789,0.0,72.80599975585938,True,True,56.150001525878906,0.0,75.7040023803711,True,True,48.279998779296875,0.0,72.89600372314453,True,True,62.81999969482422,0.0,75.05599975585938,True,True,41.27000045776367,0.0,74.91200256347656,True,True,45.15999984741211,0.0,75.99199676513672,True,True,47.2599983215332,0.0,72.91400146484375,True,True,67.79000091552734,-0.10999999940395355,,,,41.18000030517578,210.0019989013672,41.59400177001953,184.0,46.0,
2021-08-31 16:15:00,,,,,39.400001525878906,0.0,75.68599700927734,True,True,100.0,0.0,74.71399688720703,True,True,52.61000061035156,0.0,75.59600067138672,True,True,54.83000183105469,0.0,82.04000091552734,True,True,57.5099983215332,0.0,72.48200225830078,True,True,52.540000915527344,0.0,74.28199768066406,True,True,48.65999984741211,0.0,73.23799896240234,True,True,69.73999786376953,0.0,74.17400360107422,True,True,39.310001373291016,0.0,74.98400115966797,True,True,40.400001525878906,0.0,76.01000213623047,True,True,47.880001068115234,0.0,73.63400268554688,True,True,69.9800033569336,-0.11999999731779099,,,,41.23400115966797,210.0019989013672,41.66600036621094,176.0,44.0,
2021-08-31 16:30:00,,,,,41.779998779296875,0.0,75.86599731445312,True,True,98.12999725341797,0.0,74.71399688720703,True,True,55.63999938964844,0.0,75.54199981689453,True,True,54.15999984741211,0.0,82.47200012207031,True,True,61.849998474121094,0.0,74.64199829101562,True,True,58.72999954223633,0.0,74.28199768066406,True,True,48.20000076293945,0.0,72.93199920654297,True,True,67.30000305175781,0.0,75.19999694824219,True,True,41.720001220703125,0.0,74.93000030517578,True,True,44.25,0.0,76.13600158691406,True,True,47.09000015258789,0.0,72.697998046875,True,True,67.54000091552734,-0.1599999964237213,,,,41.14400100708008,210.0019989013672,41.61199951171875,184.0,46.0,
2021-08-31 16:45:00,,,,,40.790000915527344,0.0,75.18199920654297,True,True,100.0,0.0,74.69599914550781,True,True,50.880001068115234,0.0,75.50599670410156,True,True,54.18000030517578,0.0,82.94000244140625,True,True,55.2599983215332,0.0,74.22799682617188,True,True,61.36000061035156,0.0,74.89399719238281,True,True,47.77000045776367,0.0,72.28399658203125,True,True,68.37000274658203,0.0,73.6520004272461,True,True,39.59000015258789,0.0,74.93000030517578,True,True,38.849998474121094,0.0,76.1719970703125,True,True,45.7599983215332,0.0,72.24800109863281,True,True,74.76000213623047,-0.1599999964237213,,,,41.18000030517578,210.0019989013672,41.64799880981445,176.0,44.0,
2021-08-31 17:00:00,,,,,35.880001068115234,0.0,75.18199920654297,True,True,100.0,0.0,74.71399688720703,True,True,51.7599983215332,0.0,75.48799896240234,True,True,50.439998626708984,0.0,81.98600006103516,True,True,55.95000076293945,0.0,75.4520034790039,True,True,61.08000183105469,0.0,74.02999877929688,True,True,48.209999084472656,0.0,72.48200225830078,True,True,62.9900016784668,0.0,74.35399627685547,True,True,37.16999816894531,0.0,74.85800170898438,True,True,37.58000183105469,0.0,76.13600158691406,True,True,51.7599983215332,0.0,72.84200286865234,True,True,68.23999786376953,-0.1599999964237213,,,,45.96799850463867,210.0019989013672,45.391998291015625,176.0,44.0,
2021-08-31 17:15:00,,,,,39.40999984741211,0.0,75.19999694824219,True,True,100.0,0.0,74.69599914550781,True,True,56.02000045776367,0.0,75.54199981689453,True,True,59.04999923706055,0.0,83.0479965209961,True,True,61.22999954223633,0.0,74.30000305175781,True,True,69.43000030517578,0.0,74.40799713134766,True,True,48.04999923706055,0.0,73.41799926757812,True,True,66.76000213623047,0.0,73.50800323486328,True,True,38.810001373291016,0.0,74.85800170898438,True,True,47.77000045776367,0.0,76.19000244140625,True,True,47.09000015258789,0.0,73.4000015258789,True,True,72.19000244140625,-0.17000000178813934,,,,43.375999450683594,210.0019989013672,43.77199935913086,168.0,42.0,
2021-08-31 17:30:00,,,,,51.540000915527344,0.0,75.36199951171875,True,True,100.0,0.0,74.76799774169922,True,True,70.91999816894531,0.0,75.50599670410156,True,True,60.97999954223633,0.0,81.8239974975586,True,True,80.61000061035156,0.0,74.30000305175781,True,True,71.83000183105469,0.0,72.87799835205078,True,True,48.79999923706055,0.0,73.56199645996094,True,True,64.7699966430664,0.0,73.7239990234375,True,True,38.939998626708984,0.0,74.947998046875,True,True,40.849998474121094,0.0,76.22599792480469,True,True,51.150001525878906,0.0,74.0479965209961,True,True,87.20999908447266,-0.14999999105930328,,,,48.68600082397461,210.0019989013672,49.94599914550781,176.0,44.0,
2021-08-31 17:45:00,,,,,39.2599983215332,0.0,76.31600189208984,True,True,93.91000366210938,0.0,74.85800170898438,True,True,56.56999969482422,0.0,75.54199981689453,True,True,56.130001068115234,0.0,81.80599975585938,True,True,61.54999923706055,0.0,72.84200286865234,True,True,71.05000305175781,0.0,72.60800170898438,True,True,58.150001525878906,0.0,73.61599731445312,True,True,65.04000091552734,0.0,74.22799682617188,True,True,45.790000915527344,0.0,74.98400115966797,True,True,45.540000915527344,0.0,76.11799621582031,True,True,52.290000915527344,0.0,74.19200134277344,True,True,72.20999908447266,-0.11999999731779099,,,,44.90599822998047,210.0019989013672,45.3380012512207,168.0,42.0,
2021-08-31 18:00:00,,,,,39.060001373291016,0.0,75.86599731445312,True,True,97.48999786376953,0.0,74.8759994506836,True,True,56.7400016784668,0.0,75.50599670410156,True,True,54.08000183105469,0.0,82.02200317382812,True,True,62.81999969482422,0.0,71.3479995727539,True,True,67.69000244140625,0.0,72.03199768066406,True,True,50.029998779296875,0.0,73.07599639892578,True,True,69.23999786376953,0.0,73.36399841308594,True,True,41.79999923706055,0.0,74.98400115966797,True,True,47.36000061035156,0.0,76.06400299072266,True,True,43.2400016784668,0.0,73.50800323486328,True,True,71.0999984741211,-0.1899999976158142,,,,46.25600051879883,210.0019989013672,46.7599983215332,168.0,42.0,
2021-08-31 18:15:00,,,,,41.20000076293945,0.0,75.9020004272461,True,True,96.77999877929688,0.0,74.8759994506836,True,True,60.81999969482422,0.0,75.52400207519531,True,True,54.16999816894531,0.0,79.46600341796875,True,True,59.470001220703125,0.0,71.09600067138672,True,True,62.06999969482422,0.0,70.28600311279297,True,True,52.7400016784668,0.0,72.73400115966797,True,True,76.1500015258789,0.0,72.66200256347656,True,True,42.86000061035156,0.0,74.98400115966797,True,True,45.619998931884766,0.0,76.06400299072266,True,True,52.33000183105469,0.0,72.53600311279297,True,True,68.7699966430664,-0.19999998807907104,,,,43.66400146484375,210.0019989013672,44.18600082397461,168.0,42.0,
2021-08-31 18:30:00,,,,,39.08000183105469,0.0,75.9020004272461,True,True,91.81999969482422,0.0,74.8759994506836,True,True,58.13999938964844,0.0,75.48799896240234,True,True,47.4900016784668,0.0,79.28600311279297,True,True,53.45000076293945,0.0,69.94400024414062,True,True,49.470001220703125,0.0,70.46600341796875,True,True,50.470001220703125,0.0,71.74400329589844,True,True,69.95999908447266,0.0,72.06800079345703,True,True,39.5,0.0,74.83999633789062,True,True,44.2400016784668,0.0,76.06400299072266,True,True,44.16999816894531,0.0,72.1760025024414,True,True,65.01000213623047,-0.14000000059604645,,,,42.332000732421875,210.0019989013672,42.87200164794922,160.0,40.0,
2021-08-31 18:45:00,,,,,41.970001220703125,0.0,75.54199981689453,True,True,97.45999908447266,0.0,74.83999633789062,True,True,54.5099983215332,0.0,75.36199951171875,True,True,45.95000076293945,0.0,80.09600067138672,True,True,58.09000015258789,0.0,69.49400329589844,True,True,51.15999984741211,0.0,70.10600280761719,True,True,51.400001525878906,0.0,70.71800231933594,True,True,66.55000305175781,0.0,71.0780029296875,True,True,38.970001220703125,0.0,74.76799774169922,True,True,42.220001220703125,0.0,75.88400268554688,True,True,43.56999969482422,0.0,71.38400268554688,True,True,63.95000076293945,-0.11999999731779099,,,,41.45000076293945,210.0019989013672,41.88199996948242,160.0,40.0,
2021-08-31 19:00:00,,,,,34.02000045776367,0.0,75.54199981689453,True,True,99.18000030517578,0.0,74.73200225830078,True,True,51.22999954223633,0.0,75.37999725341797,True,True,47.349998474121094,0.0,80.23999786376953,True,True,51.93000030517578,0.0,69.0260009765625,True,True,48.650001525878906,0.0,69.2239990234375,True,True,49.2400016784668,0.0,70.23200225830078,True,True,59.41999816894531,0.0,70.26799774169922,True,True,32.369998931884766,0.0,74.6780014038086,True,True,42.84000015258789,0.0,75.81199645996094,True,True,42.439998626708984,0.0,70.86199951171875,True,True,61.2400016784668,-0.11999999731779099,,,,42.47600173950195,210.0019989013672,42.54800033569336,152.0,38.0,
2021-08-31 19:15:00,,,,,38.40999984741211,0.0,75.54199981689453,True,True,95.30000305175781,0.0,74.91200256347656,True,True,57.470001220703125,0.0,75.37999725341797,True,True,49.25,0.0,79.86199951171875,True,True,55.13999938964844,0.0,68.64800262451172,True,True,50.08000183105469,0.0,69.27799987792969,True,True,46.810001373291016,0.0,69.52999877929688,True,True,57.709999084472656,0.0,69.58399963378906,True,True,36.400001525878906,0.0,74.66000366210938,True,True,38.70000076293945,0.0,75.7040023803711,True,True,43.9900016784668,0.0,70.23200225830078,True,True,61.869998931884766,-0.1599999964237213,,,,41.84600067138672,210.0019989013672,42.349998474121094,160.0,40.0,
2021-08-31 19:30:00,,,,,40.93000030517578,0.0,75.23600006103516,True,True,98.87000274658203,0.0,74.91200256347656,True,True,53.9900016784668,0.0,75.34400177001953,True,True,45.06999969482422,0.0,79.89800262451172,True,True,58.150001525878906,0.0,69.06199645996094,True,True,45.97999954223633,0.0,68.57599639892578,True,True,46.959999084472656,0.0,69.18800354003906,True,True,57.02000045776367,0.0,69.4219970703125,True,True,36.13999938964844,0.0,74.6240005493164,True,True,41.56999969482422,0.0,75.66799926757812,True,True,41.029998779296875,0.0,69.94400024414062,True,True,62.25,-0.20999999344348907,,,,41.630001068115234,210.0019989013672,42.08000183105469,152.0,38.0,
2021-08-31 19:45:00,,,,,39.0099983215332,0.0,75.50599670410156,True,True,97.54000091552734,0.0,74.8759994506836,True,True,54.06999969482422,0.0,75.36199951171875,True,True,44.63999938964844,0.0,79.61000061035156,True,True,50.970001220703125,0.0,68.54000091552734,True,True,49.45000076293945,0.0,68.73799896240234,True,True,48.56999969482422,0.0,68.64800262451172,True,True,54.0,0.0,68.88200378417969,True,True,37.630001068115234,0.0,74.552001953125,True,True,35.06999969482422,0.0,75.52400207519531,True,True,41.09000015258789,0.0,69.44000244140625,True,True,62.209999084472656,-0.10999999940395355,,,,41.683998107910156,210.0019989013672,42.11600112915039,152.0,38.0,
2021-08-31 20:00:00,,,,,42.97999954223633,0.0,75.27200317382812,True,True,99.55000305175781,0.0,74.89399719238281,True,True,53.95000076293945,0.0,75.36199951171875,True,True,43.77000045776367,0.0,80.97799682617188,True,True,52.779998779296875,0.0,68.88200378417969,True,True,49.439998626708984,0.0,68.64800262451172,True,True,47.02000045776367,0.0,68.44999694824219,True,True,52.439998626708984,0.0,68.23400115966797,True,True,36.54999923706055,0.0,74.56999969482422,True,True,47.119998931884766,0.0,75.52400207519531,True,True,41.02000045776367,0.0,69.24199676513672,True,True,61.59000015258789,-0.14000000059604645,,,,41.61199951171875,210.0019989013672,42.007999420166016,152.0,38.0,
2021-08-31 20:15:00,,,,,37.63999938964844,0.0,75.36199951171875,True,True,100.0,0.0,74.71399688720703,True,True,50.16999816894531,0.0,75.30799865722656,True,True,43.029998779296875,0.0,79.08799743652344,True,True,48.779998779296875,0.0,68.57599639892578,True,True,44.029998779296875,0.0,68.46800231933594,True,True,46.310001373291016,0.0,68.34200286865234,True,True,51.029998779296875,0.0,68.1259994506836,True,True,35.470001220703125,0.0,74.49800109863281,True,True,36.939998626708984,0.0,75.52400207519531,True,True,39.75,0.0,68.98999786376953,True,True,60.7400016784668,-0.1599999964237213,,,,41.540000915527344,210.0019989013672,42.007999420166016,152.0,38.0,
2021-08-31 20:30:00,,,,,36.88999938964844,0.0,75.37999725341797,True,True,100.0,0.0,74.71399688720703,True,True,48.77000045776367,0.0,75.37999725341797,True,True,42.970001220703125,0.0,78.60199737548828,True,True,45.060001373291016,0.0,68.79199981689453,True,True,43.41999816894531,0.0,68.50399780273438,True,True,46.279998779296875,0.0,68.2699966430664,True,True,56.52000045776367,0.0,68.0719985961914,True,True,35.29999923706055,0.0,74.4800033569336,True,True,33.0,0.0,75.52400207519531,True,True,41.25,0.0,69.0260009765625,True,True,61.15999984741211,-0.1599999964237213,,,,41.61199951171875,210.0019989013672,42.007999420166016,152.0,38.0,
2021-08-31 20:45:00,,,,,38.150001525878906,0.0,75.09200286865234,True,True,100.0,0.0,74.73200225830078,True,True,48.68000030517578,0.0,75.36199951171875,True,True,40.0,0.0,82.4000015258789,True,True,48.619998931884766,0.0,68.79199981689453,True,True,42.650001525878906,0.0,68.73799896240234,True,True,46.16999816894531,0.0,68.21600341796875,True,True,53.209999084472656,0.0,67.96399688720703,True,True,35.099998474121094,0.0,74.552001953125,True,True,43.880001068115234,0.0,75.4520034790039,True,True,39.04999923706055,0.0,68.97200012207031,True,True,60.68000030517578,-0.1599999964237213,,,,41.59400177001953,210.0019989013672,42.04399871826172,144.0,36.0,
2021-08-31 21:00:00,,,,,34.220001220703125,0.0,74.89399719238281,True,True,100.0,0.0,74.8759994506836,True,True,49.459999084472656,0.0,75.37999725341797,True,True,38.939998626708984,0.0,83.44400024414062,True,True,44.150001525878906,0.0,69.27799987792969,True,True,45.029998779296875,0.0,68.68399810791016,True,True,47.349998474121094,0.0,68.28800201416016,True,True,51.959999084472656,0.0,68.64800262451172,True,True,35.2400016784668,0.0,74.49800109863281,True,True,45.220001220703125,0.0,75.4520034790039,True,True,39.72999954223633,0.0,68.7020034790039,True,True,61.70000076293945,-0.14999999105930328,,,,41.50400161743164,210.0019989013672,41.95399856567383,152.0,38.0,
2021-08-31 21:15:00,,,,,34.04999923706055,0.0,74.91200256347656,True,True,100.0,0.0,74.89399719238281,True,True,48.849998474121094,0.0,75.36199951171875,True,True,40.18000030517578,0.0,83.80400085449219,True,True,49.63999938964844,0.0,69.18800354003906,True,True,40.540000915527344,0.0,68.97200012207031,True,True,48.0099983215332,0.0,68.39600372314453,True,True,50.36000061035156,0.0,68.05400085449219,True,True,34.61000061035156,0.0,74.53399658203125,True,True,41.290000915527344,0.0,75.4520034790039,True,True,41.529998779296875,0.0,69.20600128173828,True,True,62.25,-0.17000000178813934,,,,41.486000061035156,210.0019989013672,42.007999420166016,152.0,38.0,
2021-08-31 21:30:00,,,,,35.04999923706055,0.0,75.00199890136719,True,True,100.0,0.0,74.91200256347656,True,True,47.880001068115234,0.0,75.30799865722656,True,True,38.34000015258789,0.0,83.13800048828125,True,True,40.040000915527344,0.0,69.2959976196289,True,True,42.0,0.0,68.91799926757812,True,True,47.97999954223633,0.0,68.43199920654297,True,True,50.54999923706055,0.0,68.66600036621094,True,True,34.41999816894531,0.0,74.40799713134766,True,True,37.27000045776367,0.0,75.37999725341797,True,True,40.09000015258789,0.0,68.59400177001953,True,True,62.709999084472656,-0.14000000059604645,,,,41.50400161743164,210.0019989013672,41.93600082397461,144.0,36.0,
2021-08-31 21:45:00,,,,,34.349998474121094,0.0,74.947998046875,True,True,100.0,0.0,74.89399719238281,True,True,47.06999969482422,0.0,75.34400177001953,True,True,38.400001525878906,0.0,82.9219970703125,True,True,47.15999984741211,0.0,69.16999816894531,True,True,42.79999923706055,0.0,68.9540023803711,True,True,48.04999923706055,0.0,68.7020034790039,True,True,49.939998626708984,0.0,68.57599639892578,True,True,37.459999084472656,0.0,74.37200164794922,True,True,42.40999984741211,0.0,75.34400177001953,True,True,42.70000076293945,0.0,69.40399932861328,True,True,61.650001525878906,-0.1899999976158142,,,,41.50400161743164,210.0019989013672,41.917999267578125,144.0,36.0,
2021-08-31 22:00:00,,,,,38.380001068115234,0.0,75.00199890136719,True,True,100.0,0.0,74.8759994506836,True,True,47.59000015258789,0.0,75.32599639892578,True,True,37.56999969482422,0.0,82.99400329589844,True,True,42.5099983215332,0.0,69.06199645996094,True,True,43.540000915527344,0.0,69.27799987792969,True,True,47.41999816894531,0.0,68.64800262451172,True,True,46.84000015258789,0.0,68.97200012207031,True,True,38.79999923706055,0.0,74.4800033569336,True,True,36.150001525878906,0.0,75.34400177001953,True,True,38.849998474121094,0.0,69.51200103759766,True,True,62.40999984741211,-0.1899999976158142,,,,41.50400161743164,210.0019989013672,41.917999267578125,136.0,34.0,
2021-08-31 22:15:00,,,,,31.59000015258789,0.0,74.98400115966797,True,True,100.0,0.0,74.8759994506836,True,True,48.27000045776367,0.0,75.36199951171875,True,True,37.61000061035156,0.0,83.12000274658203,True,True,39.040000915527344,0.0,69.2239990234375,True,True,37.97999954223633,0.0,68.86399841308594,True,True,47.04999923706055,0.0,68.7020034790039,True,True,48.119998931884766,0.0,69.00800323486328,True,True,39.459999084472656,0.0,74.4800033569336,True,True,37.63999938964844,0.0,75.34400177001953,True,True,40.0099983215332,0.0,69.47599792480469,True,True,61.20000076293945,-0.1599999964237213,,,,41.50400161743164,210.0019989013672,41.93600082397461,144.0,36.0,
2021-08-31 22:30:00,,,,,30.56999969482422,0.0,74.91200256347656,True,True,100.0,0.0,74.80400085449219,True,True,47.34000015258789,0.0,75.30799865722656,True,True,37.06999969482422,0.0,84.0199966430664,True,True,44.83000183105469,0.0,69.0260009765625,True,True,41.310001373291016,0.0,68.54000091552734,True,True,47.709999084472656,0.0,68.48600006103516,True,True,48.88999938964844,0.0,69.20600128173828,True,True,35.95000076293945,0.0,74.46199798583984,True,True,41.16999816894531,0.0,75.34400177001953,True,True,41.47999954223633,0.0,69.33200073242188,True,True,61.939998626708984,-0.1599999964237213,,,,41.52199935913086,210.0019989013672,41.93600082397461,144.0,36.0,
2021-08-31 22:45:00,,,,,37.970001220703125,0.0,74.96600341796875,True,True,100.0,0.0,74.93000030517578,True,True,46.33000183105469,0.0,75.30799865722656,True,True,37.93000030517578,0.0,83.6780014038086,True,True,42.36000061035156,0.0,69.06199645996094,True,True,39.63999938964844,0.0,68.59400177001953,True,True,47.650001525878906,0.0,68.46800231933594,True,True,45.58000183105469,0.0,68.52200317382812,True,True,39.52000045776367,0.0,74.4260025024414,True,True,35.119998931884766,0.0,75.34400177001953,True,True,39.0099983215332,0.0,69.18800354003906,True,True,55.95000076293945,-0.14999999105930328,,,,41.52199935913086,210.0019989013672,41.93600082397461,136.0,34.0,
2021-08-31 23:00:00,,,,,40.630001068115234,0.0,75.03800201416016,True,True,100.0,0.0,74.91200256347656,True,True,46.529998779296875,0.0,75.34400177001953,True,True,37.9900016784668,0.0,84.12799835205078,True,True,42.970001220703125,0.0,69.11599731445312,True,True,36.16999816894531,0.0,68.66600036621094,True,True,46.130001068115234,0.0,68.3239974975586,True,True,46.20000076293945,0.0,68.48600006103516,True,True,36.0,0.0,74.38999938964844,True,True,37.189998626708984,0.0,75.32599639892578,True,True,42.869998931884766,0.0,69.16999816894531,True,True,71.70999908447266,-0.14000000059604645,,,,41.93600082397461,210.0019989013672,42.332000732421875,144.0,36.0,
2021-08-31 23:15:00,,,,,35.65999984741211,0.0,74.85800170898438,True,True,100.0,0.0,74.85800170898438,True,True,46.04999923706055,0.0,75.32599639892578,True,True,37.70000076293945,0.0,83.80400085449219,True,True,36.619998931884766,0.0,69.0979995727539,True,True,34.7400016784668,0.0,68.66600036621094,True,True,45.220001220703125,0.0,68.46800231933594,True,True,45.06999969482422,0.0,68.50399780273438,True,True,35.65999984741211,0.0,74.46199798583984,True,True,34.560001373291016,0.0,75.32599639892578,True,True,38.650001525878906,0.0,69.24199676513672,True,True,68.91000366210938,-0.14000000059604645,,,,42.2239990234375,210.0019989013672,42.422000885009766,144.0,36.0,
2021-08-31 23:30:00,,,,,40.38999938964844,0.0,75.00199890136719,True,True,100.0,0.0,74.89399719238281,True,True,51.369998931884766,0.0,75.29000091552734,True,True,38.779998779296875,0.0,84.14600372314453,True,True,37.11000061035156,0.0,68.9540023803711,True,True,34.22999954223633,0.0,68.68399810791016,True,True,46.810001373291016,0.0,68.43199920654297,True,True,42.290000915527344,0.0,68.88200378417969,True,True,35.77000045776367,0.0,74.37200164794922,True,True,41.189998626708984,0.0,75.32599639892578,True,True,39.61000061035156,0.0,69.2239990234375,True,True,66.3499984741211,-0.1599999964237213,,,,47.10200119018555,210.0019989013672,47.42599868774414,136.0,34.0,
2021-08-31 23:45:00,,,,,44.22999954223633,0.0,75.18199920654297,True,True,100.0,0.0,74.71399688720703,True,True,60.97999954223633,0.0,75.37999725341797,True,True,49.86000061035156,0.0,84.50599670410156,True,True,43.86000061035156,0.0,69.08000183105469,True,True,38.650001525878906,0.0,68.64800262451172,True,True,44.7400016784668,0.0,68.41400146484375,True,True,43.61000061035156,0.0,68.50399780273438,True,True,36.279998779296875,0.0,74.44400024414062,True,True,34.59000015258789,0.0,75.30799865722656,True,True,44.31999969482422,0.0,69.13400268554688,True,True,73.31999969482422,-0.11999999731779099,,,,47.9119987487793,210.0019989013672,48.54199981689453,136.0,34.0,
2021-09-01 00:00:00,,,,,35.43000030517578,0.0,75.23600006103516,,,95.86000061035156,0.0,74.85800170898438,,,55.790000915527344,0.0,75.37999725341797,,,44.31999969482422,0.0,84.34400177001953,,,39.31999969482422,0.0,68.79199981689453,,,41.04999923706055,0.0,68.34200286865234,,,45.66999816894531,0.0,68.37799835205078,,,41.38999938964844,0.0,68.197998046875,,,35.810001373291016,0.0,74.37200164794922,,,38.720001220703125,0.0,75.27200317382812,,,39.43000030517578,0.0,69.13400268554688,,,71.38999938964844,-0.17000000178813934,,,,46.652000427246094,210.0019989013672,47.15599822998047,144.0,36.0,
2021-09-01 00:15:00,,,,,38.33000183105469,0.0,75.18199920654297,,,99.44999694824219,0.0,74.91200256347656,,,54.119998931884766,0.0,75.32599639892578,,,42.0099983215332,0.0,84.48799896240234,,,38.83000183105469,0.0,69.16999816894531,,,38.220001220703125,0.0,68.73799896240234,,,52.52000045776367,0.0,68.46800231933594,,,44.189998626708984,0.0,68.61199951171875,,,40.849998474121094,0.0,74.35399627685547,,,44.27000045776367,0.0,75.27200317382812,,,42.13999938964844,0.0,69.2239990234375,,,72.06999969482422,-0.14999999105930328,,,,45.68000030517578,210.0019989013672,46.00400161743164,136.0,34.0,
2023-03-23 00:00:00,,,,,,,,,,,,,,,,,,,,,,,,,,,,,,,,,,,,,,,,,,,,,,,,,,,,,,,,,,,,,,,,,,,,,,
2023-03-23 00:15:00,,,,,,,,,,,,,,,,,,,,,,,,,,,,,,,,,,,,,,,,,,,,,,,,,,,,,,,,,,,,,,,0.0,0.0,,,,,,
